100
31 1
4 2
26 3
23 4
88 5
59 6
45 7
98 8
45 9
53 10
1 11
19 12
59 13
88 14
64 15
6 16
70 17
6 18
96 19
67 20
79 22
18 23
80 24
70 25
59 26
82 27
77 28
21 29
41 30
46 31
18 32
55 33
72 34
19 35
48 36
64 37
52 38
15 39
9 40
84 41
5 42
2 43
63 44
59 45
21 46
80 47
59 48
65 49
21 50
60 51
59 52
52 53
53 54
36 55
94 56
35 57
52 58
21 59
80 60
46 61
68 62
18 63
6 64
31 65
35 66
97 67
93 68
38 69
96 70
77 71
76 72
70 73
56 74
49 75
65 76
21 77
89 78
80 79
18 80
88 81
53 82
1 83
21 84
71 85
46 86
78 87
52 88
26 89
2 90
32 91
67 92
59 93
4 94
32 95
26 96
48 97
50 98
78 99
66 100
