1000
354 1
342 2
169 3
159 4
883 5
525 6
585 7
564 8
147 9
896 10
304 11
298 12
577 13
640 14
369 15
396 16
882 17
341 18
197 19
88 20
557 21
205 22
922 23
73 24
176 25
148 26
947 27
770 28
380 29
961 30
930 31
50 32
199 33
899 34
307 35
939 36
310 37
738 38
46 39
895 40
735 41
388 42
979 43
931 44
278 45
209 46
232 47
434 48
682 49
484 50
434 51
690 52
50 53
225 54
171 55
857 56
341 57
709 58
682 59
450 60
979 61
376 62
266 63
342 64
378 65
52 66
104 67
638 68
299 69
317 70
712 71
926 72
973 73
245 74
211 75
971 76
906 77
959 78
454 79
247 80
465 81
812 82
787 83
110 84
598 85
1 86
597 87
679 88
727 89
219 90
316 91
906 92
878 93
65 94
215 95
110 96
814 97
556 98
197 99
794 100
650 101
570 102
617 103
52 104
512 105
119 106
281 107
49 108
833 109
261 110
29 111
999 112
982 113
866 114
55 115
890 116
464 117
992 118
968 119
490 120
510 121
995 122
603 123
787 124
763 125
43 126
637 127
728 128
34 129
456 130
70 131
721 132
557 133
607 134
770 135
895 136
464 137
394 138
632 139
911 140
938 141
185 142
150 143
345 144
930 145
859 146
354 147
763 148
320 149
445 150
43 151
202 152
979 153
399 154
778 155
978 156
781 157
833 158
773 159
777 160
199 161
886 162
582 163
777 164
822 165
628 166
516 167
666 168
736 169
563 170
472 171
843 172
484 173
732 174
149 175
450 176
601 177
408 178
511 179
885 180
161 181
680 182
651 183
434 184
691 185
320 186
370 187
356 188
3 189
741 190
919 191
149 192
254 193
120 194
148 195
167 196
728 197
535 198
911 199
743 200
261 201
812 202
801 203
465 204
424 205
997 206
437 207
90 208
617 209
835 210
174 211
365 212
558 213
439 214
885 215
817 216
595 217
329 218
345 219
230 220
644 221
366 222
679 223
850 224
462 225
160 226
481 227
548 228
284 229
520 230
655 231
152 232
962 233
891 234
166 235
387 236
558 237
868 238
614 239
972 240
583 241
484 242
975 243
313 244
859 245
938 246
445 247
650 248
13 249
432 250
217 251
82 252
697 253
735 254
812 255
651 256
238 257
287 258
330 259
371 260
27 261
738 262
772 263
379 264
477 265
152 266
340 267
908 268
844 269
908 270
228 271
537 272
784 273
846 274
699 275
317 276
139 277
148 278
550 279
95 280
812 281
340 282
151 283
515 284
794 285
494 286
931 287
340 288
603 289
413 290
975 291
781 292
719 293
255 294
322 295
121 296
946 297
766 298
104 299
757 300
638 301
812 302
247 303
963 304
380 305
885 306
52 307
255 308
242 309
833 310
12 311
660 312
659 313
747 314
44 315
421 316
61 317
1000 318
83 319
727 320
724 321
239 322
640 323
583 324
179 325
488 326
806 327
517 328
891 329
587 330
390 331
691 332
940 333
174 334
836 335
27 336
49 337
995 338
655 339
472 340
769 341
197 342
540 343
977 344
462 345
577 346
728 347
696 348
729 349
839 350
846 351
48 352
937 353
225 354
89 355
853 356
791 357
780 358
800 359
298 360
261 361
583 362
545 363
87 364
54 365
575 366
199 367
379 368
274 369
639 370
219 371
691 372
776 373
265 374
996 375
197 376
394 377
770 378
347 379
899 380
337 381
82 382
345 383
763 384
772 385
45 386
586 387
249 388
256 389
659 390
160 391
31 392
67 393
996 394
443 395
462 396
432 397
425 398
90 399
19 400
722 401
622 402
995 403
892 404
189 405
893 406
612 407
256 408
466 409
219 410
377 411
239 412
434 413
94 414
43 415
994 416
763 417
925 418
343 419
202 420
769 421
599 422
181 423
462 424
357 425
159 426
378 427
719 428
526 429
479 430
837 431
673 432
340 433
738 434
320 435
173 436
432 437
845 438
575 439
651 440
435 441
802 442
368 443
569 444
812 445
370 446
891 447
460 448
732 449
963 450
239 451
553 452
765 453
54 454
338 455
148 456
451 457
354 458
995 459
1000 460
73 461
812 462
275 463
510 464
376 465
732 466
431 467
368 468
456 469
139 470
228 471
208 473
988 474
389 475
276 476
310 477
445 478
320 479
229 480
981 481
685 482
777 483
685 484
996 485
131 486
160 487
596 488
863 489
680 490
281 491
209 492
202 493
699 494
98 495
772 496
574 497
403 498
640 499
195 500
514 501
493 502
395 503
61 504
919 505
609 506
138 507
417 508
929 509
472 510
90 511
379 512
90 513
3 514
640 515
66 516
960 517
563 518
43 519
82 520
662 521
467 522
548 523
750 524
317 525
866 526
687 527
161 528
291 529
932 530
232 531
792 532
152 533
868 534
515 535
159 536
337 537
790 538
833 539
160 540
349 541
677 542
400 543
83 544
61 545
604 546
445 547
777 548
826 549
208 550
108 551
797 552
112 553
335 554
294 555
787 556
720 557
241 558
679 559
137 560
255 561
332 562
47 563
465 564
242 565
597 566
476 567
893 568
930 569
28 570
269 571
986 572
472 573
719 574
425 575
837 576
573 577
448 578
304 579
685 580
577 581
204 582
710 583
702 584
979 585
925 586
787 587
703 588
630 589
842 590
247 591
320 592
984 593
182 594
391 595
738 596
699 597
425 598
545 599
344 600
28 601
828 602
551 603
596 604
303 605
487 606
703 607
160 608
996 609
765 610
76 611
791 612
356 613
640 614
182 615
655 616
545 617
768 618
323 619
758 620
68 621
835 622
487 623
962 624
335 625
339 626
579 627
614 628
678 629
766 630
763 631
664 632
150 633
525 634
996 635
122 636
614 637
184 638
394 639
340 640
525 641
693 642
754 643
847 644
125 645
82 646
205 647
388 648
355 649
610 650
682 651
822 652
949 653
354 654
510 655
799 656
131 657
406 658
973 659
911 660
624 661
477 662
474 663
556 664
229 665
397 666
338 667
494 668
857 669
494 670
585 671
515 672
690 673
873 674
456 675
410 676
650 677
242 678
979 679
727 680
695 681
979 682
926 683
39 684
545 685
245 686
121 687
299 688
646 689
382 690
990 691
201 692
513 693
520 694
396 695
789 696
148 697
697 698
911 699
330 700
261 701
697 702
844 703
743 704
466 705
382 706
525 707
280 708
972 709
651 710
462 711
370 712
244 713
421 714
973 715
489 716
765 717
765 718
777 719
380 720
287 721
381 722
453 723
930 724
144 725
978 726
119 727
61 728
171 729
845 730
891 731
867 732
833 733
766 734
587 735
931 736
735 737
472 738
498 739
976 740
52 741
152 742
230 743
892 744
895 745
494 746
453 747
78 748
307 749
332 750
376 751
891 752
738 753
234 754
545 755
337 756
205 757
267 758
596 759
724 760
353 761
381 762
979 763
562 764
14 765
433 766
674 767
420 768
962 769
462 770
953 771
535 772
690 773
698 774
407 775
807 776
284 777
641 778
13 779
434 780
88 781
750 782
212 783
918 784
27 785
279 786
482 787
569 788
963 789
52 790
728 791
866 792
390 793
219 794
70 795
748 796
219 797
381 798
357 799
895 800
1000 801
378 802
778 803
842 804
264 805
49 806
323 807
295 808
826 809
345 810
144 811
891 812
195 813
729 814
90 815
889 816
185 817
78 818
545 819
895 820
639 821
446 822
980 823
729 824
819 825
513 826
195 827
124 828
745 829
159 830
585 831
893 832
445 833
491 834
278 835
631 836
382 837
375 838
347 839
883 840
446 841
66 842
693 843
469 844
252 845
763 846
461 847
278 848
600 849
510 850
332 851
83 852
673 853
474 854
955 855
296 856
939 857
520 858
861 859
254 860
524 861
899 862
425 863
131 864
888 865
230 866
226 867
515 868
262 869
498 870
323 871
825 872
88 873
5 874
765 875
973 876
953 877
673 878
609 879
516 880
556 881
750 882
745 883
632 884
537 885
181 886
583 887
197 888
337 889
675 890
472 891
773 892
462 893
678 894
763 895
835 896
549 897
474 898
891 899
379 900
831 901
693 902
275 903
753 904
228 905
520 906
424 907
112 908
344 909
193 910
891 911
20 912
851 913
843 914
149 915
190 916
812 917
43 918
911 919
835 920
847 921
34 922
350 923
296 924
773 925
406 926
143 927
94 928
751 929
278 930
499 931
617 932
805 933
835 934
424 935
34 936
731 937
19 938
52 939
5 940
826 941
160 942
955 943
568 944
655 945
52 946
13 947
929 948
899 949
587 950
366 951
908 952
445 953
565 954
612 955
61 956
660 957
106 958
673 959
765 960
429 961
491 962
728 963
883 964
185 965
303 966
321 967
630 968
659 969
781 970
469 971
281 972
312 973
204 974
537 975
462 976
633 977
975 978
340 979
239 980
14 981
305 982
370 983
671 984
376 985
29 986
399 987
425 988
592 989
641 990
323 991
57 992
979 993
394 994
357 995
660 996
50 997
440 998
14 999
893 1000


