100
1
19
23
101001
999901
110
10001
9
900001
31
77777
19
999000
989999
999999
10999
990000
2000
91
999
901234
9999
29
100
2001
999991
1111
1001
12
900
100000
102
1110
99000
11001
10000
11011
998999
999998
100001
1101
10110
109876
10011
10100
11110
999990
21
1100
11
1099
901
200
2201
654321
1999
10
2002
11000
101000
99001
1998
512
7
2100
199
900000
30
987654
22
876543
111
12000
10111
1000000
11101
999899
11100
10010
12001
90
2101
16
11111
20
1000
999989
101
899999
990001
999001
262144
32
10101
201
2200
11010
77
999900
99
