100
1
19
23
1000000
1999
100001
1998
101001
7777
91
11
999998
10
1100
999990
999999
201
10011
12
32
19
999001
899999
1110
10999
999899
999000
99000
10000
101000
990001
10111
2101
20
543210
31
22
100
12001
30
1000
11100
128
900000
989999
12000
512
234567
567890
11110
1024
1099
11011
9
10001
999991
2001
10101
11010
1101
11101
999900
99
998999
999901
900
9999
1111
11000
110
10100
987654
131072
10010
199
102
111
999
2000
10110
2100
99001
900001
100000
1001
4
11001
999989
123456
29
2002
200
990000
90
101
2200
21
11111
901
2201
