30192 70834
75305 65705
92424 56527
54443 93451
62019 52726
73957 19835
19397 88354
93800 70190
2091 79877
96274 12061
70593 16510
68288 87907
6789 43903
58482 91643
33507 82776
98955 34492
22267 6487
32258 7222
99609 43898
12389 91360
62315 62359
65972 37957
59410 89928
19696 96024
39532 15954
31267 45271
37124 96964
71445 138
44203 69971
28592 35905
7915 9924
95843 21191
96626 25017
72268 18647
29853 36284
53981 37096
66370 77597
58056 11206
7389 17193
75709 96406
90471 39469
71458 53409
78190 74775
61976 99571
7282 96529
4690 20313
16619 11931
73037 92042
20635 13623
5582 64683
36642 51874
71077 70990
42140 70843
91206 99608
33160 67961
