10
50
3870 5899 2334 7662 6697 4719 8433 2259 4542 4911 1935 8866 8390 3969 7168 7386 7978 7618 4091 7897 7775 1492 9102 9526 5059 3587 3310 4882 7266 8273 533 7487 4171 2866 5148 7219 3936 3580 5829 8477 4843 7764 7343 9584 8084 862 6970 6062 8480 7412
10
2606 8903 9411 2132 313 9349 5441 5195 6614 65
27
4100 587 4945 9247 7806 8880 9178 3634 3709 372 1397 1051 9956 9481 1912 6925 1894 6743 4336 2203 9349 9590 7965 1480 6254 3665 3272
50
278 3337 9879 4377 3923 4823 9975 1728 54 9152 1714 3762 9524 3110 1164 9479 8942 9428 2755 835 6170 3442 9389 5518 9383 3705 3349 5636 7369 2973 9788 7646 6309 9666 8374 6583 840 8348 8311 7245 7500 24 1007 3375 9485 2170 2853 8427 1597 1959
13
4119 5400 5002 5988 4782 5058 5689 6769 2427 8661 2908 72 4969
23
4798 7903 9764 3145 2565 7009 6996 8940 4367 370 8425 2888 3222 3203 837 5180 8815 4955 6931 168 942 1712 5226
32
4833 4004 1642 7740 4075 2962 6665 5224 865 2780 8369 3429 9788 5364 2369 506 5734 7145 3394 5307 6699 4230 487 1865 5536 3769 2033 2829 5481 3610 5811 6665
13
7452 4404 8039 414 7420 3263 7630 200 1631 7410 6339 3346 6130
45
9079 3274 238 738 6324 819 7576 8189 6354 1344 6573 5534 3176 182 1344 9840 4146 8796 596 2184 5561 8015 1798 9542 4566 9780 6951 905 3126 3081 7749 8556 2706 4338 9293 9030 1508 3220 7218 4213 4564 3790 9746 7739 323
42
7579 4468 6237 4526 3003 8149 8892 1153 4042 3458 932 7344 4362 409 424 8462 5317 9482 9151 961 4863 7010 4181 2080 1222 8744 2221 7319 6482 8895 4760 412 9714 7348 4937 2716 1848 3829 220 2241 3638 1152
