  i t n x j e z q p l t r l n d h u
z 0 0 0 0 0 0 1 1 1 1 1 1 1 1 1 1 1 
c 0 0 0 0 0 0 1 1 1 1 1 1 1 1 1 1 1 
h 0 0 0 0 0 0 1 1 1 1 1 1 1 1 1 2 2 
e 0 0 0 0 0 1 1 1 1 1 1 1 1 1 1 2 2 
l 0 0 0 0 0 1 1 1 1 2 2 2 2 2 2 2 2 
j 0 0 0 0 1 1 1 1 1 2 2 2 2 2 2 2 2 
t 0 1 1 1 1 1 1 1 1 2 3 3 3 3 3 3 3 
z 0 1 1 1 1 1 2 2 2 2 3 3 3 3 3 3 3 
x 0 1 1 2 2 2 2 2 2 2 3 3 3 3 3 3 3 
r 0 1 1 2 2 2 2 2 2 2 3 4 4 4 4 4 4 
r 0 1 1 2 2 2 2 2 2 2 3 4 4 4 4 4 4 
m 0 1 1 2 2 2 2 2 2 2 3 4 4 4 4 4 4 
b 0 1 1 2 2 2 2 2 2 2 3 4 4 4 4 4 4 
j 0 1 1 2 3 3 3 3 3 3 3 4 4 4 4 4 4 
q 0 1 1 2 3 3 3 4 4 4 4 4 4 4 4 4 4 
p 0 1 1 2 3 3 3 4 5 5 5 5 5 5 5 5 5 
z 0 1 1 2 3 3 4 4 5 5 5 5 5 5 5 5 5 
w 0 1 1 2 3 3 4 4 5 5 5 5 5 5 5 5 5 
e 0 1 1 2 3 4 4 4 5 5 5 5 5 5 5 5 5 
j 0 1 1 2 3 4 4 4 5 5 5 5 5 5 5 5 5 
c 0 1 1 2 3 4 4 4 5 5 5 5 5 5 5 5 5 
p 0 1 1 2 3 4 4 4 5 5 5 5 5 5 5 5 5 

txjep
Case 1: 5
