100
216 252
368 779
230 436
6 987
667 753
186 483
38 124
25 993
220 315
898 944
64 311
453 665
657 741
393 678
21 345
13 954
42 123
431 438
30 51
143 589
56 79
222 671
124 672
62 324
110 716
53 201
180 360
101 342
136 747
15 21
484 572
159 858
896 959
165 801
761 881
234 267
543 625
478 483
263 442
767 949
215 625
254 763
78 623
391 942
854 967
51 986
269 554
325 510
617 974
149 542
31 261
59 74
139 722
481 490
449 497
414 932
66 735
502 763
79 757
1 462
251 574
619 689
49 81
529 666
238 684
380 459
614 860
584 712
319 406
84 423
206 356
189 270
54 115
292 788
290 948
598 784
150 380
246 612
216 823
12 63
163 226
37 81
150 215
347 430
77 81
79 821
319 497
199 894
9 566
186 604
456 471
46 140
637 682
653 734
8 432
930 952
271 650
43 377
74 595
32 116
