20003
01110
01410
01110
30002

2000003
0200030
0011100
0014100
0011100
0300020
3000002

200000003
020000030
002000300
000111000
000141000
000111000
003000200
030000020
300000002

20000000003
02000000030
00200000300
00011111000
00011111000
00011411000
00011111000
00011111000
00300000200
03000000020
30000000002

2000000000003
0200000000030
0020000000300
0002000003000
0000111110000
0000111110000
0000114110000
0000111110000
0000111110000
0003000002000
0030000000200
0300000000020
3000000000002

200000000000003
020000000000030
002000000000300
000200000003000
000020000030000
000001111100000
000001111100000
000001141100000
000001111100000
000001111100000
000030000020000
000300000002000
003000000000200
030000000000020
300000000000002

200000000000000000000000000000003
020000000000000000000000000000030
002000000000000000000000000000300
000200000000000000000000000003000
000020000000000000000000000030000
000002000000000000000000000300000
000000200000000000000000003000000
000000020000000000000000030000000
000000002000000000000000300000000
000000000200000000000003000000000
000000000020000000000030000000000
000000000001111111111100000000000
000000000001111111111100000000000
000000000001111111111100000000000
000000000001111111111100000000000
000000000001111111111100000000000
000000000001111141111100000000000
000000000001111111111100000000000
000000000001111111111100000000000
000000000001111111111100000000000
000000000001111111111100000000000
000000000001111111111100000000000
000000000030000000000020000000000
000000000300000000000002000000000
000000003000000000000000200000000
000000030000000000000000020000000
000000300000000000000000002000000
000003000000000000000000000200000
000030000000000000000000000020000
000300000000000000000000000002000
003000000000000000000000000000200
030000000000000000000000000000020
300000000000000000000000000000002


