100
1
12 11 16 2
7 3 14 13
8 5 15 6
10 1 9 4
4
13 10 8 16
15 7 11 12
2 4 3 14
5 9 6 1
1
15 9 16 5
6 10 1 3
2 4 12 11
13 14 8 7
1
5 10 9 6
12 15 1 11
14 16 4 2
13 3 8 7
2
16 14 8 10
12 5 15 1
4 9 3 13
6 2 7 11
1
13 10 9 14
2 15 3 8
4 1 16 7
6 12 11 5
4
2 4 9 5
10 7 6 12
11 16 1 15
13 8 3 14
3
9 15 13 10
3 4 16 1
6 2 11 5
7 8 14 12
4
12 2 7 3
8 4 5 15
13 11 14 10
1 9 16 6
2
3 4 5 15
14 6 16 7
13 12 1 10
11 8 9 2
3
15 9 11 16
10 3 7 6
5 2 8 12
1 4 14 13
2
15 11 12 16
5 8 2 13
3 4 10 6
9 1 14 7
4
7 15 1 8
11 13 6 16
4 14 10 12
5 2 3 9
4
6 1 12 5
9 13 14 15
7 2 4 11
3 8 10 16
3
12 10 2 13
6 5 16 9
3 1 15 8
4 7 11 14
3
9 6 16 3
12 4 2 5
14 1 15 10
7 8 11 13
3
7 5 1 2
8 14 15 6
4 9 11 12
3 10 16 13
4
10 15 8 13
1 2 16 5
7 6 14 3
12 9 4 11
1
10 12 7 9
5 6 8 4
16 13 3 1
2 15 14 11
1
4 10 7 3
8 9 1 12
11 5 14 2
6 15 16 13
2
14 11 12 1
2 8 10 13
16 4 5 15
9 7 6 3
3
11 5 15 1
4 3 14 8
12 7 6 10
13 16 9 2
2
12 13 10 6
1 14 15 16
4 3 8 11
9 2 7 5
4
14 13 2 8
3 15 6 16
4 11 10 12
9 7 1 5
3
12 14 15 11
3 6 1 4
2 9 10 7
5 8 16 13
3
3 11 12 14
8 16 6 10
2 13 7 15
4 1 9 5
3
13 3 6 7
12 8 10 11
5 15 14 1
2 9 16 4
2
2 11 8 16
5 15 1 14
7 3 10 9
13 6 4 12
1
1 9 8 3
4 2 6 14
5 10 16 11
13 12 15 7
2
1 10 13 2
5 8 15 7
3 9 12 6
16 4 14 11
1
6 3 4 13
5 2 11 7
16 12 1 10
9 14 15 8
1
5 11 1 14
8 13 15 2
7 9 6 10
16 12 4 3
4
7 4 1 8
13 3 14 6
2 15 11 10
12 5 9 16
3
13 6 4 15
10 14 16 9
7 12 2 5
11 1 3 8
4
6 3 9 12
5 14 2 4
7 11 1 13
16 10 8 15
1
8 16 15 10
3 14 2 6
11 12 4 13
7 5 1 9
1
11 13 5 15
7 10 3 4
2 6 16 14
9 1 12 8
3
5 12 8 2
13 1 15 9
10 6 14 11
3 16 7 4
3
2 8 1 5
15 7 4 13
9 12 11 6
3 16 10 14
2
13 2 14 5
12 9 3 16
10 1 7 4
8 11 6 15
2
6 2 14 16
11 9 1 13
7 10 5 8
4 12 3 15
2
16 15 13 12
4 8 11 14
3 6 7 2
5 1 9 10
2
15 3 8 6
1 12 14 4
7 5 11 16
9 2 13 10
4
15 16 4 12
6 14 9 2
5 11 7 3
10 13 8 1
4
3 12 1 6
16 4 9 7
5 10 11 14
15 8 2 13
1
2 8 15 13
11 3 6 12
5 7 14 9
16 10 4 1
4
16 7 11 6
12 13 1 8
5 14 4 3
10 9 15 2
2
12 8 7 9
6 15 5 4
10 11 13 2
14 16 1 3
2
8 6 13 14
9 4 2 16
3 12 5 11
15 7 1 10
1
4 9 1 2
8 13 12 14
6 5 3 11
15 10 16 7
4
1 14 6 15
3 8 4 5
9 12 16 13
2 7 10 11
3
12 5 10 8
4 15 16 6
7 3 11 1
14 13 2 9
3
5 2 7 16
4 13 12 14
3 15 9 10
6 1 8 11
2
12 2 8 9
14 11 5 15
4 1 16 13
7 6 3 10
3
13 3 4 5
7 1 10 9
2 16 8 12
14 11 15 6
3
1 10 9 7
15 4 14 6
16 11 8 12
3 5 2 13
2
16 5 4 3
2 11 14 6
10 12 15 13
9 7 8 1
1
10 8 12 16
14 4 2 13
6 7 1 5
3 11 9 15
4
15 5 3 6
8 2 14 7
11 9 1 12
13 16 4 10
4
12 14 4 7
15 1 9 13
11 10 16 3
2 5 6 8
3
12 15 8 11
14 6 1 9
7 2 13 4
16 10 5 3
2
8 12 4 6
9 13 1 3
10 16 2 14
11 15 7 5
2
5 1 11 15
7 12 13 10
4 2 14 8
3 16 9 6
4
12 7 11 10
13 5 4 6
14 9 16 2
8 1 15 3
3
7 11 12 3
2 8 15 1
10 4 9 6
16 13 5 14
3
7 9 14 11
5 4 15 6
13 12 16 1
8 3 10 2
1
16 6 14 8
10 15 2 7
11 1 9 4
13 12 3 5
2
7 4 6 14
9 1 2 11
16 13 15 10
3 12 5 8
3
14 11 8 1
4 7 13 9
16 12 6 2
10 5 15 3
2
2 5 12 14
11 15 7 16
10 13 9 6
3 8 4 1
2
1 10 7 6
12 4 11 2
8 15 5 14
9 13 16 3
4
15 16 1 2
4 12 3 9
11 6 14 10
5 7 8 13
1
14 16 11 9
7 13 2 10
1 15 3 4
5 8 6 12
2
14 12 10 4
5 8 11 3
2 15 9 6
13 16 7 1
2
11 16 3 5
14 12 15 1
13 7 2 6
10 9 8 4
1
3 8 12 6
4 15 1 14
7 5 2 13
9 11 10 16
1
3 12 14 2
7 5 16 6
9 13 1 8
4 15 11 10
1
10 5 1 16
7 12 13 9
4 15 11 8
6 3 14 2
4
8 10 6 7
13 14 3 4
5 1 15 2
16 9 12 11
4
15 7 4 1
11 13 8 14
2 12 10 9
16 3 6 5
3
13 5 10 6
9 2 15 1
16 3 7 8
4 14 11 12
3
7 8 3 14
15 5 12 16
6 1 11 9
4 10 2 13
2
10 12 7 4
6 1 13 9
16 14 5 15
8 2 11 3
4
7 16 5 1
8 9 12 15
4 10 13 3
2 11 14 6
3
15 3 6 9
4 7 8 2
5 1 11 16
12 13 10 14
2
11 16 3 12
6 15 5 4
1 14 10 2
13 7 9 8
2
14 3 2 10
13 5 1 7
16 4 15 9
12 6 11 8
3
1 8 2 7
5 3 4 11
6 15 10 9
16 12 13 14
3
14 7 13 2
15 12 9 3
11 10 1 8
16 4 6 5
2
1 2 6 7
13 9 3 16
11 14 10 8
4 12 5 15
2
10 15 8 1
14 5 6 3
7 2 4 12
16 9 13 11
2
16 11 6 1
14 3 13 5
12 15 4 9
8 2 10 7
4
14 15 8 12
2 3 9 13
1 11 5 4
10 16 6 7
2
10 4 7 9
2 6 1 13
11 8 12 3
15 14 16 5
3
14 12 9 3
8 10 13 4
1 5 2 15
6 11 16 7
3
2 9 8 15
11 3 7 10
1 14 16 13
12 6 5 4
4
15 10 8 1
9 7 12 4
2 3 5 14
16 13 6 11
2
2 4 15 16
12 7 13 8
6 11 1 3
14 9 10 5
2
7 14 16 1
10 2 12 3
9 4 8 13
5 15 6 11
1
4 2 8 3
15 1 7 16
6 9 10 14
12 11 13 5
2
13 12 7 15
2 3 8 1
11 16 4 9
5 6 14 10
1
15 1 12 9
4 7 8 14
10 6 3 16
5 11 2 13
4
3 15 14 4
5 7 12 1
11 8 16 13
6 10 2 9
3
16 12 6 7
13 10 3 4
8 2 9 1
11 5 15 14
4
6 15 16 11
4 14 5 2
7 9 13 8
1 12 10 3
1
10 1 12 3
2 6 15 9
13 8 5 4
11 16 7 14
2
14 5 9 15
8 7 2 13
4 16 10 12
1 11 6 3
4
2 15 14 13
10 8 9 16
12 4 7 11
1 5 3 6
4
15 9 8 11
3 2 4 13
6 12 10 14
1 16 5 7
2
4 8 10 2
6 12 16 13
9 3 15 11
7 5 1 14
2
16 4 11 13
7 3 9 1
14 15 5 10
12 2 8 6
2
15 7 10 8
13 4 3 1
14 16 5 6
9 12 11 2
1
13 1 12 9
16 14 15 3
2 6 7 10
11 4 8 5
4
8 2 3 15
7 16 4 10
14 6 11 5
13 9 12 1
1
10 2 5 9
12 13 7 1
4 11 8 16
15 6 14 3
2
8 15 13 7
5 9 2 10
11 1 14 16
4 6 12 3
2
6 15 13 12
7 3 1 14
5 11 9 8
2 4 16 10
3
10 8 12 6
3 7 4 9
1 15 11 14
16 13 2 5
4
14 1 15 12
9 11 4 6
10 5 13 7
2 16 8 3
3
1 2 8 10
13 15 3 9
16 4 7 14
6 11 12 5
2
15 12 10 1
4 13 2 7
9 8 14 6
16 3 5 11
3
7 16 14 5
4 6 2 10
3 11 9 12
13 1 8 15
2
1 3 14 5
7 15 2 4
6 9 10 12
11 13 16 8
2
5 13 16 9
3 1 2 10
4 12 6 8
11 15 7 14
3
9 10 3 8
15 12 4 13
16 1 11 2
14 6 5 7
4
4 11 6 2
8 7 16 15
10 1 3 14
13 12 5 9
2
13 10 6 14
11 3 8 2
15 12 16 1
4 5 9 7
4
8 12 5 1
16 2 13 14
15 10 9 4
3 6 11 7
3
8 14 5 7
3 6 1 9
2 16 11 12
10 15 4 13
1
6 12 11 7
1 15 14 3
4 9 16 10
13 2 5 8
2
1 16 2 7
6 15 10 5
12 4 13 9
8 11 14 3
2
16 1 11 4
5 10 6 15
3 7 12 9
2 13 8 14
1
12 3 13 16
11 9 2 5
15 14 7 10
4 6 8 1
1
10 16 11 5
9 15 6 1
7 12 14 3
2 13 8 4
2
16 14 6 13
12 11 5 1
15 8 2 7
4 10 9 3
3
7 8 2 3
14 4 6 13
12 11 5 1
10 15 9 16
1
15 4 9 1
3 16 6 8
12 10 11 14
5 7 13 2
4
11 6 5 8
16 1 12 4
15 9 3 14
10 13 2 7
1
1 5 2 12
15 3 8 9
4 7 11 13
6 16 14 10
4
4 7 8 5
11 6 12 16
2 3 13 10
14 9 15 1
4
1 6 5 14
8 7 16 10
11 3 9 12
2 4 15 13
2
8 13 7 9
16 3 12 10
11 14 5 15
6 2 4 1
4
5 1 13 7
11 12 14 2
15 9 10 6
16 4 8 3
2
14 12 15 7
1 2 9 5
8 3 6 10
4 11 16 13
1
4 11 7 8
3 5 16 14
10 6 1 12
2 9 13 15
1
5 9 15 1
4 12 7 13
8 2 14 16
3 10 6 11
2
4 11 9 14
12 7 8 6
3 2 13 16
10 15 1 5
1
3 12 9 5
16 10 1 6
14 8 13 7
11 15 4 2
4
3 15 2 4
12 9 1 6
16 13 11 14
10 8 7 5
2
7 5 9 2
4 13 8 11
14 3 10 16
15 6 12 1
1
3 6 13 10
9 12 2 4
11 14 7 8
15 5 16 1
3
16 11 9 14
13 4 12 7
3 1 15 6
2 10 5 8
1
12 16 2 4
14 11 13 15
7 10 9 8
6 1 5 3
3
8 9 7 16
12 15 6 1
13 5 4 10
3 14 11 2
2
9 7 5 11
13 1 16 6
3 4 10 8
12 14 15 2
2
11 14 12 16
9 2 1 10
13 8 15 6
3 5 7 4
1
7 16 14 4
12 2 15 10
3 8 1 11
9 5 6 13
1
9 15 11 6
8 2 10 5
16 7 14 4
1 12 3 13
3
3 11 6 7
2 12 13 9
14 5 1 4
10 15 16 8
2
14 16 15 12
7 11 6 2
13 3 4 8
9 1 5 10
3
8 2 16 3
13 7 12 9
6 15 11 14
4 1 10 5
3
7 11 10 6
16 3 2 9
8 13 14 4
1 12 15 5
1
8 5 2 16
9 4 10 3
7 6 14 1
13 15 12 11
4
1 6 13 4
7 2 12 3
10 8 5 14
16 15 11 9
4
12 16 15 11
4 9 2 13
10 6 3 5
14 8 1 7
4
7 9 2 3
5 13 10 16
12 6 11 1
15 14 4 8
4
1 10 16 13
14 3 11 7
15 5 8 12
2 4 6 9
2
4 13 9 2
16 10 6 11
1 14 8 15
12 3 5 7
3
14 9 8 3
4 10 2 15
5 13 6 11
12 1 16 7
4
3 9 2 12
1 4 10 14
16 8 7 15
5 13 6 11
2
3 10 1 7
15 4 11 9
2 16 8 6
5 13 12 14
3
7 16 6 15
2 8 9 11
14 3 13 5
4 1 10 12
1
6 15 13 5
10 7 3 2
9 16 1 8
14 12 11 4
3
12 13 7 15
4 1 8 14
2 6 3 11
9 10 5 16
2
10 8 4 14
3 1 7 9
13 11 6 16
12 2 15 5
2
1 7 13 3
12 6 16 11
10 14 2 4
15 8 9 5
3
3 13 11 4
14 16 5 2
6 8 12 7
9 10 15 1
1
4 1 16 5
7 14 8 13
12 9 6 15
10 11 2 3
2
2 1 5 11
7 16 4 15
12 10 3 9
14 6 13 8
2
15 14 5 13
1 3 9 8
11 10 6 12
16 7 4 2
1
7 11 1 2
4 15 16 8
9 13 3 5
6 10 12 14
4
10 4 8 16
11 6 5 12
9 1 14 7
3 13 15 2
1
14 12 9 5
13 8 10 2
1 16 4 3
6 15 11 7
4
7 16 2 4
1 10 3 11
15 13 12 9
6 8 14 5
4
2 7 13 14
10 11 15 1
3 6 5 16
12 9 8 4
2
9 10 11 3
5 8 4 15
12 14 2 13
7 16 1 6
3
3 14 16 8
13 15 2 6
5 11 7 1
10 12 4 9
2
4 16 13 15
5 1 3 10
14 9 6 2
12 8 11 7
4
4 11 9 7
10 2 16 13
14 15 1 12
5 6 3 8
3
2 7 12 16
9 3 5 11
13 1 10 8
6 14 15 4
1
2 5 12 7
4 1 14 3
10 13 16 15
9 8 6 11
1
15 3 10 13
6 11 1 16
14 12 4 8
2 9 5 7
3
13 10 9 5
8 11 16 12
3 6 1 14
2 4 15 7
3
3 6 13 1
10 14 16 8
9 4 11 12
5 7 2 15
2
3 10 4 14
11 7 9 8
2 12 15 5
13 6 1 16
1
13 10 12 15
6 9 16 8
1 2 5 14
3 11 7 4
2
4 5 8 6
3 13 9 2
1 7 10 11
16 12 15 14
1
10 16 12 8
15 9 6 14
1 11 4 5
7 2 13 3
2
5 3 14 16
11 8 12 10
2 9 15 6
1 7 4 13
4
14 9 16 5
6 7 4 3
10 11 13 8
1 12 2 15
