100
132
1000
7
111111111111111110
212233445778899999
832679513223852083
516902324425814567
1000000000000000000
4334445666799
991933946799714198
822478276730394348
130247724240958121
87999999999999999
317
123365688
24483774698346687
223445550
85796
880012345556666679
318652885074963737
44334
24
866666678888999999
847486647
486280663435540452
380437879170455624
248
844467999
852743046039974479
611234445555566778
554
113292865970033131
588
67222222334456889
134766971522693452
30813635327630772
147661730957755266
3
51
197057598209588173
356886005895520909
6813562811876
448395474293214238
2122344567789
520994703123908758
11445554444567788
61300
1123333009738
831097056341259060
583733052553345923
112456666777777858
21112222234566787
32
111122217
707234882005471962
1112333444645
485569483453488848
107819317342270417
33999
511123344455568890
312356678
706035293107158555
77
945364178396382175
6111223677800
513
48969
11123344456667800
113446678
1122330336581
12661
306208412341943587
26688
11111111111111105
122366457
556677787978787998
329999999999999999
365519769877341999
999999999999999999
336624447
306895559542833770
1
111111112222222119
132223556
12334455666586797
54
2234457788898
329999999
11111122333444442
527365200635956471
5499999999999
1333355566665
224226917481687708
1111111105688
692526145511240426
31123455566688889
109
847446134407863406
65999
123566678834566789
