1000
96 103 2022
29 301 7986
11 815 8152
23 361 6184
11 397 4302
326 7 81
46 97 3615
4 131 267
2518 3 4204
3 5 4
2 1478 1594
145 51 4952
34 257 7460
710 13 5512
33 37 765
1361 5 6206
61 113 1924
98 62 3684
11 658 2126
341 29 9042
13 327 4141
41 85 2759
4 2121 7059
411 13 67
54 164 8726
32 223 3409
2647 2 4959
124 53 3475
39 40 1530
48 33 1082
1303 3 3144
3509 1 2940
24 194 3401
1397 3 557
2 1447 2676
115 61 3826
1 9502 6155
3 3242 7423
1 27 20
58 131 2662
6 422 2321
16 103 1155
39 199 5400
314 15 3573
3 3124 8497
449 3 724
17 66 587
955 1 866
6 46 197
2 3362 4154
2370 1 2088
73 115 6513
142 37 4230
450 6 1941
45 132 3269
4 1322 4024
194 51 3501
15 601 5695
5 3 1
222 36 6098
3 2675 2999
25 367 6244
25 371 7314
2390 4 5506
316 2 604
4 1858 4803
3 1307 3565
22 27 493
17 541 7986
1033 2 1540
31 268 1674
41 148 4454
2031 2 3370
3 1622 2759
1855 1 1524
245 40 8124
45 25 641
2 2725 1706
311 19 5031
1003 9 7902
383 3 1047
32 32 512
2 2477 2121
814 9 5093
227 22 2614
3 1484 4195
57 107 4092
79 79 4301
2425 3 5320
287 27 4567
160 20 2453
3 1607 2907
2 264 404
315 3 479
1 8044 586
103 63 3349
283 2 563
1 10000 0
2 1187 1553
782 6 4398
2 1291 2285
3 5 12
43 41 520
11 97 578
1997 3 559
2 2561 2607
4 1727 5616
82 86 4218
17 5 80
89 109 9484
35 177 382
3 926 1850
6361 1 3556
29 195 4486
3 2672 6065
2 243 366
2334 4 6426
2 1601 1622
11 211 1830
177 41 5281
3 5 3
88 4 339
281 24 4201
152 36 5328
137 57 1231
304 14 2093
31 9 226
623 7 4183
95 20 1158
27 346 6501
8 229 1761
19 487 9161
4 904 3032
29 331 8450
14 709 8283
2 3234 3748
115 48 4910
5 230 181
571 7 3381
1465 5 5231
50 31 1244
5052 1 2677
247 22 5170
13 16 208
797 9 6813
6 1267 1393
3 2113 4376
628 13 6791
21 268 2344
328 20 4935
3 5 1
5 1961 1024
616 3 1726
1 4068 3258
25 317 4598
2423 2 3549
46 193 8493
43 28 908
34 47 1334
597 5 1609
113 63 6964
3 2218 6335
11 584 5753
45 47 1604
25 287 149
478 3 1138
148 38 4390
9 129 766
3 5 10
3 452 904
132 34 4164
5 3 5
2 838 1538
5 1633 1602
3 2402 6012
3 5 15
25 317 813
2 2954 3197
10 179 1419
3106 2 744
2729 3 869
8 692 3668
13 367 2011
352 7 1475
509 19 6075
3 3061 8045
41 230 6942
2 3374 3456
21 152 305
3 1492 2295
100 85 4412
3141 2 3533
263 7 1634
17 313 4567
3 914 1771
2 4597 5195
2 2710 3426
19 491 4428
2621 3 3005
7 55 366
401 21 6112
3493 2 5283
529 5 1533
789 11 7793
4586 2 4742
3 983 1745
17 152 2584
231 30 5415
17 229 2421
2215 3 3930
2175 3 2189
1 4668 2950
1 9999 4998
4 1142 2385
35 93 1821
569 17 6706
4 509 1592
213 21 3006
3 2043 4049
9999 1 9999
10000 1 0
1205 5 4886
1 9999 9999
5 147 470
45 35 1554
373 6 1268
34 101 2915
631 11 4269
11 797 4876
128 71 9048
3137 2 6071
9 961 8422
1151 5 4872
20 14 255
29 35 900
3371 1 2611
2311 2 2987
41 191 6203
2437 4 5357
249 30 4909
965 3 2381
7 383 1391
1 2938 2605
2 4547 5720
313 23 2712
903 9 7390
2 2084 2339
26 2 33
2 398 487
1139 7 4658
10 319 3073
587 6 3024
2 2711 3196
998 4 2439
1182 5 3981
266 35 6103
13 510 6205
100 100 4999
10000 1 5000
8 1143 4944
4 670 2521
786 8 4938
1929 5 8518
3 5 0
278 34 7081
5 383 1840
111 49 3863
429 17 7163
34 275 6368
1 2811 333
149 34 2842
2 4114 5180
2 3596 4260
43 5 211
8054 1 6864
34 151 3682
339 29 6519
122 5 370
3 3209 8471
1756 2 3436
60 79 2863
191 45 7484
2602 2 2717
100 100 5000
4 1744 3759
45 76 2730
565 11 5901
41 13 417
2 1689 1346
383 5 1205
4 1189 1680
1699 3 2454
202 33 2484
3 419 1
181 24 1383
20 439 611
1 4430 2520
16 366 3695
8 1059 7083
2 3696 7062
556 13 3855
277 27 2776
2969 2 4578
65 57 2587
1 10000 10000
43 2 73
4156 2 4204
63 143 6237
13 45 496
9 935 5875
100 100 1
18 248 3885
28 258 6173
1 2902 1370
3463 2 2973
9999 1 1
2 1601 983
4 1305 4672
1990 3 20
177 52 7670
29 45 1005
307 15 2369
31 128 3184
2 23 26
7 527 3108
271 9 1283
17 304 3856
499 17 7068
5 125 197
13 293 3803
601 5 2748
7894 1 5740
439 7 2781
23 329 137
456 6 2255
10 967 7832
177 3 375
4 907 2686
3 755 1425
341 9 2551
250 12 2123
2 4754 5131
1 1 0
881 3 2054
2 711 1082
620 6 3476
177 23 3038
5 738 3353
5 3 2
185 8 1278
301 31 5845
16 492 6639
664 8 2272
11 503 4833
3 143 389
19 52 831
4 934 2407
1 7342 1900
1321 7 4796
37 62 1798
4054 2 7940
2 1851 3169
1771 2 1832
121 59 4909
53 24 846
2 4583 7211
71 18 851
13 13 152
31 67 1650
359 7 312
289 17 3466
131 57 7420
57 87 4872
100 100 10000
3 5 2
1415 3 2884
2 4866 5046
10000 1 1
5 1739 8379
5 3 15
467 11 4892
7 347 1363
2989 3 7295
3466 1 3049
58 99 5154
454 20 417
826 2 829
7 1174 5737
161 31 3151
361 6 609
1 10000 5001
1993 3 327
832 2 16
23 281 2968
41 135 616
5 3 8
14 456 5872
6 527 3096
109 73 529
5 3 7
2 1013 1582
5 3 4
14 215 1842
6348 1 4175
23 83 175
915 9 4492
13 391 4698
1443 3 2823
755 8 3940
5 3 0
17 530 6507
100 100 5001
1576 5 7416
200 14 2112
2 1121 1174
131 35 4554
4933 2 8010
100 100 0
1111 9 5520
457 13 5820
1 9684 5190
5 221 985
3 50 92
124 2 2
1538 2 1970
19 355 6595
4 2158 4590
33 267 6267
23 2 26
3571 2 1778
2 3131 4123
80 30 1476
5 641 1272
2 3558 3725
18 70 791
2 4915 5955
441 7 3051
3 771 2305
8 626 3374
1667 3 3183
7 701 1576
5 3 10
1058 4 2672
4 1009 2056
627 4 1869
485 17 1734
3088 2 1383
5 797 2928
941 7 3519
3 691 661
513 7 3195
9 953 959
4673 2 7661
13 277 2163
9999 1 4998
67 45 1041
38 171 3782
17 158 1778
3 5 5
157 51 4818
21 285 4202
82 117 8329
61 45 2284
41 88 422
3 1371 2360
2432 3 3978
9 619 1531
3 2481 6193
17 79 1168
3 1249 1994
7 1115 6724
553 7 2321
13 51 455
3 861 1892
2 4685 7890
683 13 7281
371 21 3763
2 2078 3746
27 197 2298
23 9 194
711 6 3296
3 2587 5490
7 453 2159
5 954 693
852 7 5504
1 3910 2046
287 21 3647
3 639 952
5 3 3
5 3 11
10000 1 5001
1007 3 1885
3 2082 3996
433 17 3814
3 2333 3960
1978 4 7262
4 1043 2193
37 109 1718
505 5 2297
2 3361 5374
68 137 8611
44 14 451
403 5 1995
107 3 205
3 5 14
3778 1 2351
514 7 1999
7 721 3160
253 14 2180
794 2 298
503 18 5419
53 28 1451
534 3 1570
263 31 5787
2 4863 5448
1 9 6
3 81 231
10 654 2396
9 1 6
29 260 6099
863 3 2326
1091 4 2434
4 2151 8163
300 8 1620
101 74 6553
25 29 589
311 22 4298
2141 2 1931
2 3760 321
8753 1 5697
5 1909 9175
5 3 12
25 60 205
265 33 5904
127 37 245
171 52 6346
9 621 5327
21 62 1299
3 381 1112
529 7 2120
12 163 1480
188 33 3568
147 31 2570
5 670 2107
188 7 1081
55 98 3491
1236 4 4586
6 1114 974
4039 2 6041
17 275 4500
46 64 1643
136 11 1061
775 6 3568
2 4111 7227
2 2833 3227
11 361 2542
788 9 3549
510 4 1659
2 3037 4795
4 498 1336
627 11 2799
17 541 4130
317 25 5384
2 2398 1333
164 24 2379
233 15 3398
7 80 514
51 127 5190
14 238 1217
1443 2 2760
13 89 892
2 3469 6793
1566 3 1760
453 12 541
23 172 2872
5 1043 3428
136 40 2952
739 3 2179
5 1855 7649
43 124 3369
65 17 660
1657 5 2140
9 242 1136
914 6 3441
10 547 5250
156 29 3880
21 25 513
5 1205 3606
409 17 5184
334 23 7084
1 4554 3271
570 2 294
2225 2 2977
9999 1 4999
691 9 4390
1 6576 6567
3 3178 6575
1367 4 4523
220 20 3799
15 201 2670
2617 3 6516
8 337 1394
460 17 5185
7 1159 6230
3 5 9
1265 6 6739
549 3 1118
1381 2 1838
4 157 229
146 11 865
7 1231 5552
2252 2 2859
67 113 5391
1 10000 5000
101 22 1594
831 4 1178
61 125 2545
2 3533 5247
929 2 1768
3 2785 7004
2045 4 6793
807 10 5961
5 1576 5639
3 5 6
1 1214 11
1283 7 8750
299 17 4331
4 1150 2686
4 953 2705
14 294 4061
2489 2 3385
152 14 1702
38 205 4997
5 826 3002
7 635 212
179 2 28
307 5 265
57 113 5798
1 1934 1028
1 9999 1
55 129 3681
1 2654 1205
2 721 774
1727 5 5213
3 3301 6055
261 5 27
4 1140 2737
617 14 4937
17 387 3940
2 3862 5480
15 24 342
386 4 824
47 75 1841
1987 2 2159
313 4 1169
5662 1 3623
3 1551 2824
4 1244 4210
1352 2 2004
2 2662 3343
764 10 3884
208 34 5435
4673 2 8762
9 183 1541
49 145 4627
1 9999 4999
191 23 3460
2 4406 8586
16 359 1311
6 892 3469
2 433 728
82 102 5202
14 295 3930
13 393 4752
4812 2 1201
1181 2 968
120 65 7123
2 2145 4124
2 379 667
21 149 3007
9999 1 0
113 46 3567
39 240 7481
66 93 5884
1607 3 3310
748 13 4893
5 143 675
165 5 794
25 389 8362
238 34 6333
1 4544 2401
1 7727 2252
10 995 6464
402 22 8595
5 1484 6355
438 21 5138
15 579 8151
2594 3 7322
7 82 105
542 4 908
98 90 4514
939 6 353
709 7 2629
2 278 103
979 6 1665
23 351 4731
1 9999 5000
59 63 1318
296 16 3597
1 9999 0
28 235 6045
326 3 973
277 33 5702
2615 2 3499
2957 3 4501
381 14 5332
398 6 1541
1 1335 1101
149 31 3156
1051 4 3005
2 79 61
7166 1 6393
165 19 3093
3 5 11
1346 7 5419
46 22 998
64 149 9517
5 1603 1063
58 8 452
1642 4 5005
116 47 5036
19 293 3176
52 94 4512
141 46 5804
5 733 2619
7 501 3135
302 21 3836
2753 3 5876
371 3 706
59 29 525
152 11 1523
197 38 4263
3369 2 3496
359 17 5769
3 98 167
5 1175 4810
19 237 2520
5572 1 629
304 8 1830
33 211 6562
1 877 487
17 412 4509
1319 7 8478
2315 3 6100
697 6 3338
27 82 356
5 674 3343
1669 3 4369
37 3 27
12 398 2870
14 229 744
683 6 2755
6656 1 5399
667 13 2081
1597 3 3427
91 109 5028
2 3899 6600
12 523 4401
22 20 253
113 67 6736
6 157 747
1861 4 6421
1901 5 6348
16 176 1612
93 78 6084
1289 7 4827
720 2 997
125 37 2371
3993 1 3986
11 746 4985
1987 4 5152
4797 1 2855
7 461 2827
83 87 7197
59 61 2040
5 1003 2939
4 873 2495
1 1021 873
131 70 7142
2 403 789
2605 3 4480
23 93 1545
2231 4 6144
6 443 1719
23 374 6860
5 837 3599
22 254 5029
811 6 2675
2311 3 5881
766 11 8088
731 3 1320
34 97 2278
53 34 1752
611 10 6025
251 17 3224
31 37 1021
41 43 967
4 1663 1848
2 4855 6223
13 623 5872
311 5 1539
13 583 6413
159 28 3290
3 2767 6783
964 3 100
82 103 4898
355 3 896
778 10 4514
3 1986 3143
1 4284 2599
14 581 4691
2 4241 7402
3337 2 5418
17 443 7168
27 129 2474
37 77 2066
6 1271 3447
4 1893 2841
1567 3 1360
370 5 1752
446 22 559
1883 5 5600
4415 2 1908
22 412 8899
967 7 3487
6 1072 4848
11 337 145
89 8 606
1524 6 7951
20 270 4908
2 4572 9123
305 15 4463
392 16 5398
166 9 1333
4 139 496
5 3 6
4184 2 7014
50 123 774
1 10000 4999
30 29 670
708 2 1103
4 3 12
67 80 4475
121 16 108
2 1953 756
4679 2 8289
15 183 2269
15 599 8973
301 31 7090
7 624 2962
34 74 808
251 10 1648
339 11 2971
291 9 658
127 17 1320
11 698 6600
44 103 1855
2 2030 3194
31 303 5501
28 250 3898
4 1841 5778
5 3 13
3 4 12
41 166 5400
80 60 4085
6 591 2025
3169 2 1085
53 41 2053
6 1245 5871
498 17 6634
1236 4 645
4822 2 8926
967 8 7164
11 19 96
2334 3 123
179 3 379
2 738 431
89 7 480
9 801 5734
4105 2 7671
193 36 3635
64 124 2832
766 5 2696
3 2018 5944
6 11 46
41 231 4923
11 802 8159
1629 3 800
211 5 754
25 286 4946
827 4 2488
282 7 1551
1 1 1
2 3006 248
1789 2 1933
1 582 415
109 60 5267
7 123 858
5 1099 3764
215 24 3512
9 712 3118
193 41 5290
4160 1 3816
11 563 3342
286 31 3541
1 10000 1
3209 3 5505
1366 3 3794
7 499 2564
211 35 3957
58 88 161
25 16 96
7 317 1350
179 13 1952
100 98 9107
1222 6 5984
1 1785 1205
5 3 9
178 20 3066
55 13 564
1340 5 3710
51 73 1725
410 15 5673
63 43 1811
2 1081 1164
194 4 691
109 16 207
3657 2 5573
122 67 5776
1923 4 4261
448 2 778
153 48 6794
4 1229 4217
381 12 3655
27 191 4311
6873 1 3315
2 856 859
2 3890 6395
1378 3 3840
10000 1 4999
17 179 2733
2528 3 3806
57 101 2890
10000 1 10000
4 1210 2518
57 115 1789
79 87 3070
5364 1 3217
374 25 949
116 12 968
1 7740 2563
863 5 3035
4 2078 6557
3 5 13
5 3 14
46 118 5171
22 6 94
10 677 2922
5 1667 7908
3 5 7
9999 1 5000
1508 2 1586
3 5 8
98 58 2346
1016 5 4063
11 601 2487
2107 3 4948
29 215 1404
47 89 1300
78 3 213
9 319 2124
5 545 1607
4 212 521
3 995 1242
2 7 11
6 163 552
1 3084 2044
2005 2 2591
3 1678 3479
551 9 3114
326 8 2420
49 179 5296
1442 5 7165
154 14 1494
24 157 2316
341 7 2020
1947 4 3921
141 51 3809
2423 2 3731
1 7157 6473
