100
16 1 11
3 5 8
16 1 1
2 4 2
2 8 13
2 6 0
1 1 1
3 5 9
3 3 8
1 15 15
3 4 7
1 16 8
2 4 0
4 3 7
3 5 6
5 3 3
3 5 7
1 15 8
5 3 2
16 1 16
15 1 6
16 1 0
16 1 9
1 16 1
5 3 1
7 2 13
4 4 8
9 1 6
1 16 0
15 1 1
1 15 1
8 2 4
5 3 4
5 3 7
3 5 14
16 1 7
4 4 1
3 5 4
3 5 3
5 3 12
2 5 10
8 2 10
5 3 8
3 4 0
16 1 8
7 2 3
3 4 6
3 5 5
2 5 0
3 5 1
3 3 9
4 4 11
5 3 13
1 1 0
4 4 14
5 3 0
2 5 8
1 12 12
4 4 7
1 15 0
5 3 11
1 16 7
1 12 8
3 5 12
4 4 0
11 1 10
15 1 8
1 15 7
5 3 10
5 3 5
5 3 9
3 3 6
2 7 7
15 1 7
3 5 11
2 5 6
4 4 9
3 5 10
15 1 15
3 4 12
3 4 11
2 1 1
5 3 15
3 5 15
3 5 13
1 15 6
5 3 14
5 3 6
7 2 12
3 5 2
1 16 16
1 9 6
3 2 2
2 5 9
15 1 0
1 16 9
4 4 16
2 8 16
4 3 12
3 5 0
