100
3 3 6
1 16 8
3 5 13
5 2 9
5 3 9
1 16 16
1 15 7
2 8 12
3 5 2
3 5 15
2 2 4
1 15 0
3 5 12
4 4 9
2 7 8
3 5 7
3 5 0
1 15 1
2 2 1
8 2 15
2 2 2
7 2 13
16 1 9
1 15 6
4 4 8
4 2 1
3 5 1
4 2 3
15 1 15
16 1 16
5 3 1
6 2 11
1 1 1
6 2 6
5 2 10
1 9 6
16 1 8
5 3 12
2 7 9
1 16 9
5 3 14
15 1 1
7 2 8
16 1 0
3 2 5
1 16 7
15 1 6
4 4 13
1 16 1
5 3 4
3 5 10
3 5 9
3 2 6
15 1 0
3 3 5
3 5 8
4 3 9
15 1 8
5 3 11
3 3 0
2 4 0
5 3 7
5 3 13
5 3 5
4 4 7
3 5 4
5 3 2
1 13 7
1 8 7
9 1 6
3 5 6
16 1 7
1 15 8
3 5 5
1 15 15
4 4 1
4 4 14
3 5 14
5 3 8
5 3 15
4 4 16
2 4 6
1 1 0
5 3 0
1 16 0
3 3 9
2 6 11
6 2 12
5 3 6
3 4 12
4 4 0
1 8 3
3 5 3
16 1 1
3 2 4
4 3 12
15 1 7
5 3 10
3 5 11
5 3 3
