10000 50
391444837
198700909
954088129
690128390
260446368
847108037
653141006
349794356
207082555
487541639
251641122
520356107
29658782
108501040
442675828
507022705
670733815
487165597
429247158
30640305
949003188
818854102
33302047
732632610
89756828
788938868
747852230
472476388
486078677
703660958
283539366
338410030
482673836
275380156
532667909
285755632
132856640
154482182
806427175
130290347
484805028
603597152
825211259
860982623
144107740
897262737
540350300
851525686
99352740
664217118
812852986
987650548
850731417
838408544
626823272
995879969
333891004
137800556
166541145
265895489
103443706
184304143
418745962
719774380
168539668
416168639
760698979
301489735
216119182
482556963
368191577
870149255
906182591
296474476
308618322
626544259
145949289
271662999
359428857
295778036
692991561
110644442
563028963
129747950
122244550
109500330
891933228
34623382
656962108
171083782
283342858
584448494
711221117
301309484
456999230
633301622
26820503
777084852
725193455
475163497
779658070
437450220
92273331
89112960
75121720
987773797
461495734
502202558
462327328
560969905
677500252
993172140
691266629
760788469
845531326
525891929
831538741
871092415
563898353
535135099
583522510
516423880
428179539
157106512
673239148
557358231
735598227
30454577
13697617
932100705
286774736
876699886
702532731
171090572
305628147
626477627
353111583
199913905
885741034
226340350
832952335
607022851
243077022
385047203
929302415
169417376
645212355
979928763
544891970
440646410
556904333
880620938
791080321
608052843
89369186
457549571
493107989
486361243
215373018
355197943
254862686
174623638
565405780
495900613
263908357
149044370
593291276
625177118
617181828
403100276
943203695
607786836
395469130
567282268
963064923
255144537
663557291
829239743
791056473
395002083
851153862
406006896
735734553
192279091
816371030
803646661
862133602
207657919
43523415
347496891
219291068
908310264
433208362
140300406
681922874
748857249
555549158
387259074
697343864
418604759
135634784
428614337
131329784
181408009
54919568
282045110
272490987
491581188
617567684
798118082
464439407
599272842
73093738
482782967
492595448
691060032
837173484
390533673
551852893
597109396
29344736
948927033
516624118
757879824
299292703
996803963
698048489
723107706
718699567
318807603
867742199
149265068
603408195
164065040
44359633
142623842
758543379
534947812
967051900
549383039
479977700
652436643
230245291
634771453
513167078
55493520
686356786
779791021
709462429
9150204
86262928
6266488
962327713
621273601
608348258
403473312
138015142
669025569
262311446
672807138
674336507
41301268
240914406
643061912
481155890
465281908
741236110
247526280
295287812
142685477
854929706
931205783
11514615
770290993
719452737
109618301
757357578
844711141
173539765
155697036
548271188
308060423
151888217
378234945
231435646
600702969
968758840
156185277
629150625
330939814
973904468
13866951
627767059
445227699
150823347
320016898
930873422
961736193
972495115
267924150
765587214
734987163
974145126
588358249
763211737
574054123
89488725
706972274
516951064
119892433
977894577
175326719
456745310
944109421
692280120
698450190
212248229
738605843
475792456
133505737
892103807
290004918
520882113
5376294
672607273
260957282
607429143
247935848
157603383
51408591
614461537
528857834
62281572
258005631
762928038
968539324
116474061
454821927
718247321
269775525
810059954
721799998
824283089
715190592
491878750
383733874
239220732
709907659
789714652
648064508
37487377
531996146
662806558
591906049
369942699
200868966
979544920
877592889
13663860
920574206
949834258
762315282
216048638
295683410
833522541
935343887
880983728
369050180
434578914
464368214
617449407
42090173
228528779
453276666
629737916
542650596
37094545
214552238
433765962
613443504
712543655
12159922
728937789
705203186
996038321
327496222
562277000
818747717
300672879
242444649
358819631
377631183
702748737
331823564
537691050
187173487
558245226
179439447
879256728
151688998
406240091
626766559
366256891
979457442
378563643
479285950
258096531
715442130
807445583
363134187
820200690
64049068
635862142
99707197
818078215
678577857
835939693
245115584
475547091
54086857
985789558
985465587
664719628
188712147
679967902
827165550
349677746
423503257
10520478
128382264
873190239
827282596
4943037
306115963
822357266
102635515
381867853
871295476
201403680
738518475
815984543
134111085
670264915
453133625
929795426
927995923
674925554
368466800
319284896
968895143
549780717
769269779
32396364
85425593
192154349
692423534
93626575
203478980
178293895
199821011
72698979
221570569
726540661
766119944
504948991
393155106
716187180
187465471
300664778
875312425
29683866
320680480
212400140
4044946
414719617
286028142
983734204
429493814
379297668
951882354
10297064
140680960
655623702
627850672
515993137
280397049
562567079
483973792
852092286
239134526
554179109
380695450
145076155
538796653
211384614
334056216
211955049
306995223
736119569
204546807
31681296
852138542
172577674
293292339
407699116
250521933
326927013
874932724
548900602
198618256
32527262
801069757
849127614
338296243
569712560
529269210
966956376
310561676
658355224
830921961
897849278
986289488
702236922
814372341
227307358
859489049
660483604
536337565
186300678
228225024
677962440
857004756
703506068
819890385
323735503
57546444
243903021
159767057
794578832
437027729
474032198
196251204
170406108
988505088
480744824
749340913
72197671
973827123
403614459
988110875
438460368
574055172
844082934
985191413
802512351
60468660
95756297
932650667
787156021
43090835
517253192
27154546
994332953
48058522
380109498
836972914
386456421
371583332
880487975
938974124
850118931
426299150
660686740
929840075
295680840
932394154
66812125
475162620
336365550
782905285
358863879
689802382
732628678
620340462
732949866
594473307
781847592
522392704
273942041
502535978
197300401
676133813
52081147
542239537
415148600
437494189
242371003
875973081
665502841
869212196
710338865
165355908
465886529
815801143
364486879
310008752
255610847
707222336
145625563
664297416
601728925
649579327
26983445
585272998
230583523
77723170
789339712
729591445
885545440
310921469
189755705
347900037
862217221
365130758
784005082
472980533
917255367
90113095
250338844
31624215
176640363
417656692
571101225
644978877
217442657
836452311
332651573
641268598
241608854
662205626
811411638
779660914
767777133
469752281
379119131
288958695
34310664
885829582
388098041
448930772
437114407
960903181
591096426
412630570
61571545
139367364
475309506
83254881
598938715
26769575
615439801
648029661
597145385
859037636
220795039
504986175
726131829
475219449
437501615
428509621
464453974
480704450
935598832
493312970
698075506
365900003
517371644
248555564
884222731
85759148
453160006
80575899
474414608
781060190
175575491
348576701
668980182
187739314
545088300
222066908
387910449
683627609
822137198
655199997
865620714
657918550
911202919
224665870
674101444
774113217
323404777
523324472
600385052
232946081
298680509
761564448
161268830
728506963
126490704
579171716
148272319
289507528
851633262
47326600
541032252
846493590
432119192
361494632
645217438
94650437
155752260
26532075
413577893
618094296
807219387
167463562
385631430
929504361
978430393
520684974
60519192
951951794
158989554
838465063
389127301
533120110
284793465
398490916
811912557
883252710
707860461
830334685
396254353
567052514
817314274
475869631
5518460
382951062
632842277
386194253
916034819
579808967
996989867
833250430
172299841
147445444
896526331
892953235
707145719
737816936
836730535
463783099
91663836
285403464
194207232
350431881
660934434
568663012
465506926
341714582
179190522
750143311
94293768
245339882
90915698
902338679
382456042
254753467
177690402
949120028
646447647
944668740
248410350
607447710
459198555
296946750
310342406
953730328
772046494
701484351
410631637
181545098
481621159
728252906
96412229
247242378
134775444
31635572
984982433
567457297
776361584
232339070
855976742
629221122
699458318
641669504
17620759
44196669
200179179
512033867
876692662
47431640
119796155
752074823
353491180
592235587
965672279
486874979
834912534
813522923
816786360
592373501
711198071
725362479
492012975
21316173
277494688
623539003
399513925
727867499
976372401
666566481
843411435
948054329
826284924
192953961
895684046
330721203
865932821
390757382
777053550
289211961
270186025
793456706
755012431
478522315
443000865
353611046
878634749
569180969
648361047
685721478
380078303
396984507
757023209
784677631
609489328
388765029
27987643
131689458
830449011
721806262
678085167
333329533
192856216
927431776
380462130
831781093
93907691
232642558
501404209
936066468
285542281
567347698
520524185
60484009
837589120
525675271
790479440
439023848
991630704
732040166
968584778
139357119
762121591
702905787
562294935
40314542
991854573
690881896
694379190
691841473
615941750
72519156
819548673
741142281
498828297
521873636
626352364
505797824
181394863
143568616
69506286
574215760
433149171
753942782
513869632
589263168
188650156
322088133
763377423
496320658
905893642
212075273
940176790
837092290
539570769
100304682
982009897
799750333
14680078
584462175
396821055
648222638
649968707
605549583
159634653
673335072
924805152
666751528
567408147
142703441
476673500
844178430
365750851
847271143
600132596
107234505
625442450
194433393
450608282
56057402
934087170
618264145
882784382
663837764
609298306
513739723
585039502
193617871
279658295
117640315
322004949
767887704
736273635
625591328
698809630
852947593
974878208
17731504
959826121
535586433
206751488
899204282
892502455
263911920
937564581
700858790
763847839
171746628
545950714
829371924
951092459
725478563
837578860
252352513
87375630
294049006
23921896
862388365
775318248
535116987
927543467
511111007
405146180
539591083
247781401
907720297
454796809
997390410
107832538
444025812
678911881
194473347
897898926
529783895
137751037
638969316
800646532
879827489
911899779
852111033
505280693
921543936
970756987
870847104
22017108
779914935
687075523
72358244
784846691
147131139
34917216
999405830
126861778
839132048
566821437
800183261
564334252
809108656
51537586
445965968
23148789
619332126
847757191
809225052
929757189
213949270
758078518
256688520
251493290
451822549
954684188
376979462
96562571
272577065
497167020
854374272
66122407
620225113
132723068
464778271
991426764
975066798
559077914
875202562
65260403
873000087
384409326
354505936
171903165
12406259
414322981
825780591
904645922
756516064
788019959
22607812
462390321
488394387
226295497
409799478
8607045
391630956
89278229
261886332
316831284
160797762
699893132
65400678
190080643
434966677
856395345
325867984
635590074
610156056
511058893
265720924
182429487
889168720
340116462
79560525
159580593
404111581
624154092
502219320
27331133
616287446
943861708
96249888
766624746
581020213
435014486
275042602
590889668
491538343
427000690
496085863
135176274
813909893
21610353
655756796
985990886
894207576
610654755
942321606
105005332
667748923
676863383
986914698
184094758
909386502
98468723
978922387
101601349
77379972
902134120
70697103
141407522
962501393
356149530
305260001
947614422
764874060
580523842
537101699
835822239
460679879
260360047
567055225
905196768
877903121
248735950
659559082
600716340
130464829
468153186
21171163
82321458
568174648
134845325
653188070
306535339
660024076
355804723
102811489
682495634
247790551
112964010
700252417
397945696
691693459
536017358
718128246
673103615
695372010
525507562
208687853
846557860
127946736
708421359
33732379
430910626
999341165
19524005
859359977
516550535
396558416
574039681
140966290
506357820
639846194
833808595
165178332
467415033
74297616
136830648
894363594
24956174
648018526
153834564
409946596
914322498
53152975
290406268
285859385
78684035
229782066
452718868
496316627
953945605
784666326
497257546
480786271
621227572
774862627
16562783
597310392
6905386
314317698
290188268
428550345
812981987
316270804
722589402
651861816
913719312
108178398
247330317
114030100
995759179
984455340
786157978
17819018
873914123
493603810
787948581
758289580
66716655
304147705
780114795
227970486
730565215
241414553
509767467
410660364
32324963
535515364
213187707
72071579
372887239
370988366
909031548
269611824
638140035
643056949
228805650
154009665
382497393
116162647
143440768
50732434
196264184
141183929
694003900
203030869
855551784
915368170
148804770
363487451
473703259
765537913
146260299
60962308
880206307
804760309
490196718
882631467
765766139
796773487
17912140
768550445
48833402
925853864
75325070
321944546
789019632
930929428
521748427
849736946
1436626
900351593
246199248
410068917
614839257
82590821
332240284
132711369
849778319
208335449
615678731
441705375
54969109
569982576
986568773
291618902
786144185
610614561
166708181
217016918
59758511
515775312
666521816
728469312
242943702
238290567
437713247
2425588
386872207
899974289
421010710
747819659
183861834
101946937
252566206
747205567
987682298
393179233
322255674
157841356
685807789
546580492
444897539
693085572
335120905
27923493
113706127
712151985
668757297
321089956
581935063
673040484
859739016
604693266
991698672
752364730
942435611
991484505
880322575
676229296
142027477
919948236
312175004
809933214
48326740
536744246
305414917
222713814
243699299
365389131
642698034
702859219
897140757
280783057
861949646
995398469
963435449
182166698
850541419
773993626
92721382
217840153
270705738
347660174
253178960
169663302
34627694
611695149
75051991
603740981
905673853
649177345
297028600
666322627
94655241
835645613
845339487
394062349
58967875
161506419
440242500
211890450
647821035
821579232
28646575
701888295
916410303
60861993
921735985
9626399
820453553
141431219
502347906
444479370
72723436
340873203
326195065
657191621
929286101
555892714
257955207
252160508
279934896
478829771
809069219
38212684
755555025
953203592
981103024
762325644
170555784
887122657
69214180
28625266
8474271
786263869
869532750
206388892
346488047
777858443
922049276
902940506
869052780
940297382
859969916
759132273
622536643
813930840
622748976
922241464
551093022
682014098
260180309
412698647
700202407
701303859
13300632
683003994
994779569
938395433
867350979
869852086
795175446
160999707
629980541
489179917
205664718
798577257
597243082
682447644
865238203
621500550
607265262
128440690
732543484
627135866
761576587
378419521
444018077
280037630
874521465
957396740
171286065
206139677
151316887
562212959
631447176
354272719
231190499
808299556
518717017
598240673
961098654
39507194
306885652
146087015
240153672
320125848
585697080
773460678
723057081
154099907
690300534
598046271
781013595
641720366
488062156
37792472
359520565
34860188
599843042
332886786
39407889
692996234
66639607
946168047
526399604
138224341
946036480
224112340
292660516
782485556
857519105
812701320
326958813
239336924
26238207
931188490
161811277
655549038
290988216
845747598
178757342
938300438
221942618
264308191
206611792
81130954
727867614
405355224
326176092
81168011
897056764
184409415
381698497
58656706
624880514
512588921
365342889
377060167
519696352
744369525
823605614
788602922
674266712
135480325
135900983
292796564
115706135
484358311
736803994
479060521
577580500
644104528
353092245
308025073
37959839
71184239
743894176
557040241
523485439
957471009
534603231
253014582
460130859
98748725
953615708
116169771
489858162
175293973
403826885
37209235
916978974
472559824
668176689
302083988
394190123
450440394
9581230
486418160
604258569
112876922
587556389
915787370
788654974
404461539
56377609
110952668
128200391
581713489
977948909
169945839
595932990
500020820
316661987
55508204
174245217
231213461
473197601
114466228
121669405
867134250
374043516
50988465
158960604
489183819
365042407
647680505
195201640
372453357
37314703
494940796
510577883
244251327
723573595
100288185
532922770
190799814
849298293
170535009
927379532
147455054
546855495
934040864
863046147
856108009
966157030
470895961
107013422
440506497
446239346
780343464
540644673
779500659
613511044
643717665
691946445
120832490
321468045
158320854
197719855
166413750
559359969
451007039
302615079
123087991
316747924
697362262
491939344
718972449
622107304
323156220
908219931
131068118
562711226
469607116
61081350
373308132
426622506
748438633
73102729
179760332
40042410
682489775
623976936
532767725
356712466
199839339
431423457
103950906
558844774
899454295
474931512
368478081
229698804
73798870
332743886
493351691
798355653
733932922
883825680
855826198
461134647
505231397
909007697
867110251
163778609
400280307
863990046
480753970
752478608
322844944
118914273
984287270
571383558
393855056
883638541
759380744
245349997
959547246
950386344
287962203
20249179
273855018
283412478
455478686
319430745
714017005
836794573
260808809
412611402
690204283
114222070
105556078
794732449
269781689
796821939
798084572
690733307
846275216
336630286
228917238
712813192
339584758
77989415
588983953
649627803
789274769
223309174
300234056
720961827
436194298
231061500
586146690
677226412
986483071
48616968
426908691
930673953
395573611
680293657
336111310
734925518
979639117
601881790
124848255
251953581
566428257
648636149
243369840
396625355
453423464
172889403
956830165
105038755
567005343
162788355
944958460
700246392
78024111
824261835
929670044
516819450
218279789
944620470
966874052
517647125
147684726
971738028
212229661
84579
616612542
312450349
149663359
495668954
927956673
935237042
666848711
802551536
532213790
788995047
897269155
471052132
843682005
204596350
975618269
749736367
786064002
326986020
120307672
468828136
135947925
748525156
750737989
308776770
568651728
293336059
806880143
366462007
293418041
411286688
59743702
148886290
218677395
898316972
136878010
350068423
891183143
644998641
548667752
405727500
724720224
642550925
652702905
672676006
991235058
534301045
428422187
659884909
425542996
530243573
997797009
675915039
634743623
176994919
823258099
79932305
115954265
139369759
416514268
806466476
497733609
608134999
211419057
845032359
557522080
289298159
532831292
629566886
516498390
206045102
1679508
104624107
351752834
443562117
266580387
11507614
287553995
322332201
734413260
990531517
252776318
75677033
495940542
183955270
434201177
139394987
518863177
859965216
346721359
152994846
472720091
420321650
995052710
161928735
193243500
693947840
25815895
536703204
697917166
561563853
555413950
471834290
345746542
892094568
775978207
497732408
618097367
303998083
266150546
340281795
375295785
833544381
969484073
159174271
219839974
239329416
745497393
925102433
874653999
620823001
815199327
808160383
376694
615002042
555677729
43259383
422406359
397116082
86752774
915693970
971262878
879086641
123819184
430860643
348242690
892161752
251543247
305918397
575375583
678146758
312600667
125219190
169967048
652583251
900028572
202582167
431984870
89471337
630437949
491896487
819941665
265765031
909816348
553824884
557231143
251644491
716680817
115665594
239512227
104699028
917454862
283974996
837120222
669341093
376613992
281862528
20691286
230937808
701094558
829871505
912800584
175667381
758106325
535556889
913926366
536737780
308588944
521816463
778393781
474283148
80063700
633219676
963227944
504747196
93448269
575051444
527938215
865283018
625757090
140429879
117850682
543096091
575350490
26034590
690781109
419758776
25579621
28352047
578332283
360140952
732506779
419537411
893505142
151270336
584228147
41184284
595177334
642505337
343109838
407109430
634917239
760293616
713408495
557208266
540536509
20445674
124829620
101572435
172101331
954423565
495843464
367586949
34977719
865734292
701983339
719281711
560504642
171096607
160070830
767981177
191368439
686739050
213956050
943298500
382948842
169635946
471118365
123068197
160587483
826328693
578203678
862061580
476026577
888934330
414386144
784196540
841143955
619177002
797541341
460805493
308407988
734444495
428094203
871979990
191591047
59638876
106476828
999663977
308122104
658983922
882326846
757003505
141191145
522559090
718628117
345728540
230587700
509140283
994653870
11835352
18889603
823015971
353414588
395565757
920051392
78729027
515575681
134060745
796903930
379030065
120239959
999845625
759461157
640816408
154901804
128637639
338586182
445772531
844311871
233580080
935917438
8696696
338724551
835597731
894136083
127460103
945406682
997650300
547583081
307073760
82336313
736649187
311234845
261407655
437548814
97902314
108426981
299077306
544798538
459001081
22557362
153475629
295733590
391105145
33424234
220489464
267406810
324380655
82158266
894963690
63448979
218976399
184945128
373022930
620066683
252386514
134310697
913740103
286583289
222682544
195150684
247414635
577974636
296203628
628869925
982841555
863801858
831668097
164256082
278930805
723447014
695620905
735135105
458761197
304295783
481961326
994750689
257007319
435022293
651278904
931089669
160250770
722460250
593104698
943534113
179945454
22793592
551169356
237708293
358051068
622948580
213968472
858261828
863658245
43723025
601903048
645098241
47962685
604344525
228435319
552893078
545963486
10172497
780788680
989810330
581324216
234824390
330211221
511114623
842283039
809545216
54078567
503915918
314339837
977220148
16898927
619600009
585153441
221993078
49803043
557379654
808803390
442178179
261047714
507875726
69147722
822819161
16343805
679823242
361828022
205620606
941775297
528536424
872195693
233141909
79486397
844313883
872739415
261199580
838681614
3960986
147548623
684708045
726631914
843587765
970309016
483683446
661273840
54933885
363239684
141036059
233801126
55813131
543875536
884635083
374702810
364498564
786243884
975536864
7972570
545061207
321147402
795598714
944906503
568797642
637401270
829818225
42612770
916266354
127992082
930432004
565381272
86426180
383074007
428385501
777731350
773226574
509210078
559746641
762612847
763734680
691177671
807631048
40446192
705559870
940448447
200900243
806888328
161198703
694605592
678553890
601488070
705461637
522431075
546513742
19833387
243323479
292759888
723098747
196546678
757695273
584374960
906505432
725361925
907391845
760778620
146967374
322851925
611255672
476195521
176599889
846194862
819354564
663652063
663785197
519865708
789413102
189767866
992373022
370584890
297728857
324788684
592836887
245549184
670063728
47261595
10306028
260723943
4661994
749135748
817760847
209051478
695009457
686646548
457566324
245439842
451700787
759417102
378448835
814153325
195097060
230085035
540018096
33705868
790650012
34607399
233570618
959050829
345337714
640669337
731968024
745437258
300753934
281248553
872521626
153750947
144792258
611966639
531585045
757822866
764236447
521481678
125799373
958918078
266470963
958576875
927860710
955127850
268450612
773283350
494322012
366977699
110187508
950113198
848085570
265012105
560692157
985628613
263203915
775036658
450526733
226202208
17181512
945913675
331973266
563078672
420545574
81248675
982863517
927090313
331727557
224360090
803755431
527440345
567123935
107010061
881054852
514358599
230970580
655930752
305093835
832995734
759669979
962134793
487499773
966986173
752317908
440497710
672231407
515138424
452662474
579737177
154286458
813532379
922875748
37034638
100358804
474749712
253976909
350292763
876931234
406955213
376904038
781623323
287014229
68356296
666781076
174008222
202425510
825527671
251853622
99438138
360237603
961234946
167666975
103500069
948188278
643219864
976310376
291105414
833121074
900651213
252370140
294949502
195037297
504282896
866397497
951128290
94740655
172167820
509965581
519524545
439275018
741955590
553616682
722495389
679056551
609414734
714589891
684307947
906915897
28730698
952583279
26452367
922740190
457016055
52043249
902296335
300969518
274729577
984044630
538758067
555510502
746202096
553999969
946369904
67878421
881630700
765316315
522867174
678621970
235520485
66998321
859912642
442003615
204444556
950451162
323761768
918599831
301725341
225822195
986525410
329371084
549895264
897686853
818829567
918489703
396325794
494714588
39677966
77216101
289923607
19516291
275606443
997356314
399494826
224975908
67584205
962235651
206426542
260220626
257001252
131919821
969753340
371528064
267813152
323209069
188201091
643612282
826543418
329733214
202605035
627035480
137140898
737781666
211931060
544357470
118856254
378809059
387295110
736606708
354962401
957972755
17392700
526098806
302823503
38007462
72571102
188542912
98098840
603602453
721743766
780935106
378675335
620576195
103934527
938386016
717183260
911251790
894620421
449779674
858324575
622468071
454738745
400129216
823239972
691033353
499192143
272284122
673130348
355549224
243157362
936999091
463304526
563090186
979537866
77451136
482760142
550201626
230049096
654472048
213209363
211606251
514516828
985796355
341299493
173227696
163151704
923762955
358121619
272960143
647019168
562682846
559888230
705084375
647682258
600288707
655459723
706556666
781758650
561708004
671477897
335906197
518377616
321646829
504489257
376147484
789380256
794124465
549379669
871627030
891062026
239131288
825033852
679663796
354593585
43903309
110897457
823218986
467118219
608783125
181473491
406988451
474499512
779951817
509420146
545019678
314909841
616883771
430364021
363433979
512649417
627727340
469340980
85286270
846386312
867463491
328414466
49521775
701149529
905431663
270834400
14533476
761008344
796939272
56734171
304576514
942002310
329798639
727777221
759448003
935855592
713228316
389870006
322595898
563702354
467670490
39954732
177126493
252736723
988550642
692017227
346222860
199218201
873403459
562327769
209199432
54361329
768606533
409502934
35939970
881673128
60706528
916431503
739713686
907113125
311671405
271704394
344930508
285381037
264532632
293094936
763415202
125200925
595710604
301772204
873423197
166526594
218377880
68291979
101678574
315742312
940161206
450091516
866098174
136597929
307097870
511903026
745091382
215885485
935485508
787649819
438840667
501004145
13116208
934914358
181528137
176027927
694265137
188591183
815758888
805572921
936124240
242661327
409165512
901663758
752378392
756804722
955961777
620463417
718338872
551221287
45306877
326811342
142664901
211093045
285935394
847095759
311248173
381501819
862902160
328396362
281755326
363882931
25173575
401288920
495902931
237944984
966863907
68785561
510649750
488123550
539293854
986192904
599344523
852661984
698299521
864700864
108433492
585192757
579625612
334534997
602542116
176603001
816408264
258832046
236501064
125773592
87473529
954935872
631891149
963388086
486200182
414060496
868114447
770765128
368491362
34819092
626555160
755693290
510509386
356879125
929946091
905963620
952868265
738711445
833300010
542018834
597111188
641139045
695572313
990643755
253744300
11550538
288963440
104871493
521652563
974072184
533542279
437979577
717751068
922200485
651571723
535248558
370863013
219347046
284106771
792953579
624673118
552516815
744771101
392069616
5623821
239680196
884069305
629378677
621914521
155465918
577704884
268508697
21449571
35239902
652485607
85447296
644682775
397415179
546097128
46079838
761190549
995400432
440008899
605089784
209113767
795546344
191809949
382966237
329884150
453913395
948050081
755605026
102715170
988908039
64916976
335634424
407142351
993180561
337843003
647521261
13080529
469476877
750863127
230797168
793124597
691894838
839308159
405135475
36360371
989462228
523928221
954281690
239115245
756642827
785030257
832914564
998115471
130832
45648364
384678013
372088240
604009851
183719503
111216451
535208244
408291620
679494239
367270271
51447256
568772176
522389818
268822543
196540444
758073287
964682633
900977680
812968018
720333579
501642554
584154130
621806585
301643137
750883789
35666938
2077502
861199176
64253905
616954518
405229084
369808604
931972096
717067738
344359401
433228355
750697461
52562872
449111110
892261148
323629612
10450581
761260004
557764440
208108841
940730924
184271396
716063249
749388219
34321936
419196855
303956777
336900420
425687408
726005031
233137496
264553144
940452486
336150916
859654019
35724244
373327819
240579848
558191469
34673917
931390573
874853002
655142990
67591963
555882906
155929877
300282786
358950100
976508484
222148400
277060702
442356635
290934918
424716997
54466914
330350700
632327751
625730328
857336478
657565757
835204922
390749737
326719101
518934812
259633234
214260262
325444955
483757215
264840747
99247529
181307477
643096374
216341403
650135384
637166409
296021913
538459644
488889187
441231336
502435747
853673751
824458792
330673736
787895729
982078356
455108014
516741090
267390047
350482899
273102819
234254732
725235204
699972964
427766658
362467409
993626440
525448530
457521298
339479216
154180028
878084537
89247980
664988222
871058894
92319207
956537210
426678083
622604464
326065776
753053650
367583488
438447250
772059065
180260727
125481009
556070851
785200855
416109513
591631368
619365390
969720866
808892895
774952263
46972040
569824876
778202262
687124153
377083596
816199793
138888614
291412636
17325196
191773190
892358362
699258896
245596257
864289799
363079767
71616153
616928081
339249244
411530565
399122659
272900612
169569013
472017156
87740449
331354864
498014814
204246446
522056410
790290301
910063688
55921294
522072899
987661017
188996611
751163919
305989373
994990398
371311376
651701497
963579891
871191749
286000659
967490636
376286784
950621931
582650489
271531917
645983009
379068755
646175960
908970584
569562898
984173285
680802580
386047676
648159529
50858140
732647239
263524284
751823888
197787756
197659345
624985446
710690922
771717583
186894013
546586338
941451883
975108144
521940216
72457601
7566155
659064896
62836056
280220243
543895097
236176569
992413729
563770053
727556554
982502189
953668109
505425538
547462290
780568660
491641351
523891606
587658561
611132051
495900878
905165898
879425723
646744829
123791274
749269156
324984353
255686257
255173954
768062094
17403173
940084728
938344181
401752198
463847881
319381593
18278234
289697517
812805049
753567601
102970695
75771790
817872285
457853842
730767261
226339118
944641625
638221394
654030411
18565299
904041573
935163544
118459755
547986436
917676478
456308870
528969879
916066206
242355151
877417674
560976014
723566491
447113358
472619226
756169532
247335921
78666773
194379351
338157217
783929254
431828675
272656135
387584390
114561273
950581622
541248478
206108
519600938
146373757
582493375
502460319
846849283
20564488
81378062
886990938
65192011
764619936
715050303
789154421
167677090
625146941
883847021
154076069
127024570
329671180
155432866
546153452
987181929
84095213
201615671
44470296
544231018
7825832
448676172
811767577
909344323
177765857
312959752
992899179
996505453
597938585
968390055
348328640
770733543
136935567
337220204
456816517
57801801
27957890
353818393
708009633
264045272
135353044
438304411
218305798
645969970
994338752
846651819
525648283
32584612
413214793
822573379
843643973
818441457
776934184
802204113
947440933
951915465
15105830
437467258
553434892
227273426
968158042
415159276
106596786
267987355
346816676
148887756
975914213
669120607
602316708
994981248
796885354
770002413
320699570
91343967
347810857
494546121
950561709
613683641
792127909
690184070
399230283
523245678
275346975
86119364
655870279
966168392
8700016
318249185
301268756
844005645
296495324
497493880
331361910
815855251
127935313
444446952
313805548
217354074
255390387
683622725
814697041
364362614
500103584
167768967
719683917
380389840
813131958
206360080
804425676
44916054
41968457
971678499
976473425
393857751
340694377
695125497
73050547
42098075
86983871
766828979
174211052
388080796
206718139
976166818
248161164
723904691
339334694
981263106
645914140
609855814
612058942
774191621
793955769
546489200
421857818
140583096
553958924
350559975
787914543
48411674
524490669
742273837
555091827
329038958
875740794
3904359
58858283
174640037
662386575
354042142
812128530
414609822
641166091
334308635
870239286
992987002
61517303
646231752
543860770
441689376
465346998
736009165
860091286
882378323
517772824
943996289
201885462
586899868
987254099
407482172
184144687
972266393
24376876
635297168
358386037
539435700
443306907
185471616
159215499
822629650
144402416
911290770
361107717
923689482
769140276
574914298
327578312
90455105
264352919
76862591
806125259
571555675
530609152
790570976
590333879
399587841
974754761
174419017
68259723
805666485
608422418
211092851
271298608
568076992
805910919
487878638
878778891
436587701
599987599
146988267
878651082
378814792
969179023
749227264
724066929
427269511
342808008
641381964
353492376
751743892
652645301
894040083
577348552
314300048
168905964
176360116
898730677
111568560
189534543
274933743
203247480
467468137
158650929
266923708
128210911
20189714
110966602
996268733
579741501
895025597
823488546
135141225
403240262
364964293
10151467
986029126
29969862
681259698
615009448
512291724
458869890
301008345
591074168
360549012
490627635
34282867
609697498
999309419
253228629
509531014
264352739
233481333
29148042
482540028
948733267
229766729
533811950
826349528
435370366
538695975
752715730
731716398
269783270
888263854
869536373
7031687
748763929
556166972
246566292
46280511
252884164
437311258
731313450
721066040
553099324
517986643
110874859
229845827
773472670
535863044
398084516
420417914
355427717
345286078
235444544
315871342
165575219
114860705
742287150
627470580
125669474
43631479
77458133
307608319
982871561
980904039
272088732
749343554
444144044
809825532
770141848
771290006
933603910
81543883
952931280
702027848
466506833
522520002
701561121
841591017
158743329
309965655
435597561
935555151
649964431
378731435
757277574
660509426
951182989
212644117
158565167
556195055
135675473
716876313
955518109
884617573
642592036
110664938
887114860
88035665
803175511
179485206
218133981
21081345
899779072
532171468
256579375
212982804
402624189
421721606
976582506
192810495
872889856
875923075
929890004
760563651
826605171
58530816
994744732
661120493
516092030
546742204
383428844
336692455
148442059
777362021
393447944
834528964
451682984
622776810
550542670
84523763
738719870
899584659
439802398
974971741
730685168
198302383
690940082
737424713
647249052
105955283
186808743
396111208
448830225
220562600
797730588
411382670
979016328
209586534
588592554
963154540
732739885
133938836
309416148
296780076
130440763
283464348
498812355
739317583
808636977
775947305
895293588
509701081
863119036
922228579
347054085
873694105
367662767
605355911
826086455
205603579
902502781
961198470
249685688
454769130
257796945
869507252
572177802
682576611
376084760
317794025
137522272
644619122
74587634
290591206
375613397
485245950
618010536
601172647
551698423
216340342
272741699
716449367
281590504
950773053
926754938
835094679
46605076
477160225
524166702
258778037
563098641
761781284
848565658
538969278
704812448
913097652
524509587
418115928
59761325
210754498
153805016
393838298
789331429
325060796
74857633
999960427
780334708
301562823
479924214
235409506
464170303
121054436
196127363
157602627
659823393
818205201
313335272
815140020
32878097
711290512
44526361
415897932
564926266
160181370
463787935
980077116
280009971
87700136
53954992
175003513
424575681
414785935
24173783
762538748
673453149
137768774
487942280
821263794
890744564
304255234
151441528
458639383
419449957
220080450
736431952
389680887
30218899
669162678
764669172
871652218
739064620
410319377
727531126
802739625
115044065
489331932
265118276
6574750
545497239
867804900
669660138
644919761
733925298
151846909
407697114
453211627
886016522
572027782
794795407
727338314
146582761
141957514
614255763
635392710
107921838
919040743
138487853
111277616
393668193
701729417
464800875
894326090
487668287
819509611
449231349
640606089
113951946
504559871
75090999
850797834
343181897
959612315
404598232
332002696
22934943
412320234
680905760
827732616
262179582
648748391
674582238
373320810
378423786
209484549
556548777
538663438
588191860
587202078
204284751
783989510
366997273
675803965
290608047
92622793
869753180
353916284
369927701
398246131
996887883
626243818
285843362
709255511
656119044
625524619
540392549
948577319
364271819
396685701
135599431
71757401
433263200
409340689
473289585
688541379
863891180
185026605
773758890
732120274
559221308
511115552
167631830
846754850
49094189
697691040
404313136
794741916
257253304
406881452
184127911
499683052
46058049
46696710
569335320
310330798
478822860
834815740
908321
762807693
74404126
50468880
512363804
245759953
180007610
915512236
976490547
626655149
986818953
734382400
896986174
687393310
814147086
1681655
841029481
419094104
444722135
13160182
283760043
505854884
880079565
684314212
104726857
987832343
855926699
620073273
606492859
49020913
475811846
869883251
151912471
105619590
328823681
873671052
307682
699516848
280206606
183776980
800992296
663821180
520479321
312805402
598533751
107321642
438651222
280693728
4716608
248554708
477898847
123213292
962467375
308629043
568494698
408213180
151219844
43810785
795182525
644293999
899279678
850999158
358808720
276821057
287097957
412921642
594399371
270097821
243682115
729871890
37382358
386076169
504484127
294204767
453797955
356587988
594384469
896517797
910006371
981762277
367465337
767716601
860592453
136061205
298491281
151148423
540104388
342619664
920258720
259253367
241950452
256950921
826388859
948618744
44396552
466367785
549428581
638393508
557691317
693931965
669716079
900010460
546427437
5370427
176352893
569781248
503776684
738402848
917654950
955879536
129920882
763806756
770919284
454972738
506236576
549929844
362157695
562022012
263416139
989362618
739660138
177011811
173659703
245543813
134652294
654916827
352835686
251487798
57618184
271266449
432421444
404131149
832456236
45533037
669931806
867411630
993740193
45364672
338102326
115888419
995249641
298294603
771173773
45522286
56455242
599217466
17340985
45537020
82702693
20978649
993867710
300528558
108931249
532608768
84170056
701868560
728983504
817193232
681586975
651077197
837761049
431817940
398343007
710942346
267872669
375258946
525611971
792935973
852875384
183772257
91396201
756932189
674404938
169196185
881295891
46039235
929616594
953485001
771623052
445335293
178456043
25851917
960207566
700291854
676162016
882894533
33386596
81229742
239536635
564110784
279117143
826347621
153876337
7846857
443075211
189428803
373463847
378364732
531881731
324175748
749224918
282296299
719432731
501854511
676245403
107441206
278465233
18988301
474246142
510722009
297622882
726920390
375192710
132929065
110905538
250239734
878795350
807854706
493865762
163086415
962989152
826300235
812217585
826912555
378354228
52325155
708105624
854857216
431234807
361349831
715340397
536118001
822481043
13231816
322345638
330441265
122306075
774852639
705853127
598318435
219253908
269956335
666758375
575183047
888027154
982854886
867576205
737264038
975112831
923342250
681865677
842656390
348106120
299309184
66732852
427824282
824290443
722149177
775523045
173140322
897984616
312684343
582271572
111445861
635545971
665320493
991734147
402588217
772546527
937707171
64410101
229975178
920519418
854955781
952595058
211307239
550070178
514330409
928165288
575157418
116640855
797614495
779268788
611731729
37004090
261776997
385298968
54919742
591782436
691072648
317775782
378241763
381417955
499910185
570042985
514157747
598717719
191401134
115006187
403920849
495528704
898017430
552149318
458910512
279411563
207785841
797919566
969112761
881889030
926171744
482663231
48179296
128338965
835086477
813608825
582946165
629765349
963093568
663401494
408878903
875549943
624482517
343922808
181616564
915915494
204524442
581624871
241883838
396658108
136753631
892659143
571036587
730107210
987112267
332346049
977405342
701582367
591713091
783712431
357411402
447416927
189242064
69866939
200109960
778439536
205371977
826124967
536788364
230642797
642001639
250312275
914525193
799229965
5730624
158126414
877785430
703642305
888919273
539645980
548701151
714777546
967685607
586038621
460573465
342543674
348682545
456242788
552797250
522447917
925913221
337663583
512347789
573156795
175544927
713607540
524944933
170080139
725509986
649178729
78715577
591465465
395941162
890785784
700511058
531777076
947855566
713580129
547155774
238075327
138197062
893843242
85019032
815062227
517377509
622702036
127799644
892928524
508173828
501413515
911501084
502353454
517353758
721001153
892496837
312258872
967466228
366881479
351416226
843455937
814854004
823374120
436243896
561422514
167935221
897368929
712612531
567910809
265858378
562708796
839978504
704364680
225941521
987962120
421750138
218112381
535742111
509883881
121567901
415398816
254590443
716842265
759850089
929831830
677629210
694904352
8399644
406129972
909711245
297504223
987209424
870872945
334962227
212843352
215239933
617264090
577881382
861231995
48268633
699176190
75978957
48295201
268080030
601271405
281644004
554225353
880228713
50344553
691410527
255438278
637313090
37453569
999572515
832151237
849671701
456651958
622680229
400491256
312457117
362082635
878987987
523715442
676846918
469318506
673273553
829274897
832565305
681031461
305575856
422560568
456413046
928747092
892773402
842048559
286025890
527874575
914936436
451997836
851445088
515600360
626597270
538458804
377051983
931365420
590311983
499731823
700690869
555291446
880026576
484377525
636480784
130442119
699387760
811502967
898342388
155857992
571553579
627829064
685114118
683615069
541316032
781298200
944111923
581004889
219985700
924293871
210360282
911561211
744402898
133454388
413575448
802591830
320919638
717868684
484898150
165616549
991979353
827204734
198620020
251713971
423064055
483844231
170073279
401567360
108771543
637264282
879583099
275868795
853838443
850625337
241919243
448692841
779397743
853931107
660406353
550177583
633086802
952374561
697232218
396412289
348933721
891338720
504391576
409665521
161988791
815744244
282080491
87553457
459538674
755171530
232331508
706153113
729687107
98170127
910470281
355620344
736501705
420564152
640397546
2782688
338188924
460964917
923112897
90159862
686153549
942799472
752576435
607109986
104683455
730562147
8032838
901199304
858808095
919049470
556100842
246430263
754489403
594849580
613307727
621918721
585936582
628376108
521462084
315021340
364115933
966366103
815586843
807338808
465939129
622304377
16696798
404058200
672840931
498669994
748152092
583900836
166696931
987786075
452061360
583419382
346115025
226881915
835594539
810859541
235794490
202027581
157437378
888543489
694732117
927648796
60976660
101109280
448292780
44977383
735467200
153665487
446544858
25091268
587839952
71413584
329930151
166761160
110400518
2718115
817571234
489439206
548504778
262287095
883529722
676290471
685879349
478067536
715926708
105822065
170245608
577316371
613784822
434714519
198189153
92081960
419165316
675172943
717171495
734108149
565314337
883813043
827015922
54598895
369883830
560896086
36859379
207376021
422830187
55194214
9037880
88110293
220225801
663429701
41801593
791007880
528466412
852744957
354689025
564003005
568801926
702247699
184563463
886676451
782079500
211358409
469612986
695064340
338135221
496357081
124395759
795303639
504969746
700768597
440109635
937258625
189626283
674522691
934791413
51538684
993088200
483986842
761287613
975845342
585117259
359885688
29608820
262085565
252406940
608433175
950272395
333167789
400841940
770057577
269963993
44433957
343571823
241520592
157427247
768299765
470530580
942035351
833777999
220899726
328662808
701940777
308682307
196411114
206379023
519428856
596926642
311764048
805792188
833351395
801796704
364256550
250041546
194439591
984537999
553569616
74894058
382324094
730518776
314708723
809277372
134073286
469777468
24994675
91342914
491501691
879826913
68328665
491874053
909455460
256341951
533730569
459123156
382136413
742777718
268681072
750483321
397571651
32462467
166700752
669436716
812845877
3301772
308889808
909014974
882990708
962147254
630500036
201015731
783231232
439425043
266824844
62459915
908514945
944910895
402167510
950669253
397235528
340170475
692517289
814502933
123031883
329543593
757004233
811412932
919978976
138637
601688931
188548082
370198039
4425378
210096357
779201297
884002392
968847266
449934274
570625768
883762529
165389309
446876691
579967648
20108861
764302800
47157349
658726742
183810016
409963765
753718602
942540325
450160038
310348157
818212048
96224640
959027459
429237687
361128213
298057445
428271643
935108676
975599488
389852636
648087767
560918292
514127947
844075920
619080082
854768105
752183833
391789331
475403213
815951530
326837595
959395915
986983714
993424743
442631258
700745519
327267929
798135460
434083348
248796972
562384874
338240465
663341941
131411262
890826155
512922236
857561970
526412282
765176978
734654983
336435089
444860660
337743074
815128200
391071511
781019230
930415781
391841098
746321882
134850291
230072595
470889452
96498297
734771639
424399527
797485676
465516720
969061915
7563052
894277817
894793907
971016018
510669913
997714945
879575070
495401353
408249982
867788145
888110611
395540219
649072877
352078979
149619266
786547852
381947730
622136625
848054618
966485582
418154872
13184441
114476261
643737872
180913273
860773684
196412278
864702009
48460257
723661722
518231015
372956637
359625359
109744094
715120261
286295946
581127757
387146485
358213754
970350468
952299883
481899529
291742815
330004171
746491792
231371196
731185095
542343021
190423544
859387205
345386601
63464144
258559986
409503951
31147458
107541493
123105544
192193032
507716183
944271046
160456916
328497303
741978255
155108359
124664852
720719525
434344981
275832137
223859753
393679172
568332167
486273171
677867830
494289211
477695147
945270738
261773173
658173684
795198016
818820244
446042659
310118763
643689986
160289683
317360742
852018808
500701134
277430243
631733140
719333958
125792378
452719531
732405225
469390706
311808189
706807357
191886479
246832480
873493928
95425168
253980040
913562960
262652794
559372244
479543634
592823323
205618769
789533321
472479760
630298848
923749177
855849264
724988570
646455417
683455755
499421646
222200006
230313594
387387392
920921856
362260821
685839279
90431485
330358354
637775793
872000683
964905049
241785324
750766971
190076970
168208559
608102050
235233206
357181504
535115016
604918717
967277000
655800028
177969856
728260110
272622386
129905746
153222886
948808906
719164935
5422123
438270852
551064755
68491959
418940240
51982053
345096998
404945281
165540076
965654992
809713766
576973353
146141764
949569772
163795058
414257253
460522577
454656480
845370405
363123917
106127897
459615916
409813224
577479731
582843998
984137190
393799502
374838142
871359280
264591106
801889888
226749667
683947624
935673463
792637184
8770285
479349107
43864911
324901583
558389641
540579072
593479977
308287751
27564933
147307635
26428523
300092230
743961515
681559202
620650293
222482464
134690327
674835638
375216131
302856316
112066030
372466112
233797529
406543206
561360041
972152365
65107232
83593157
568594836
725544907
191494127
48078858
487052890
750881017
413907805
612876377
770365662
214354094
790242264
625970573
150149444
726652946
466444210
179071083
683190984
40008861
44029432
795811830
64242430
780287321
126714185
59660110
49421549
604218501
218300231
443041163
301092243
636927166
411150213
565622765
507705904
714580000
362336316
590690173
174327682
389701624
479126066
664696353
488420336
834600334
37956487
155147913
918647581
457133186
541665304
775422619
374306643
92571808
633121280
650427242
395780377
710014435
577091450
697590488
706196192
917653499
70601452
784591644
843561258
419048944
523486789
62100801
355547156
107682302
307221168
873892538
837125070
141496874
15397275
449378361
546408489
208106975
907022855
831882789
161498117
362350582
701241521
707948210
464928891
755269390
332510128
262754689
508534433
556080301
86788132
427905558
200170854
472652349
835554547
324047891
52992221
197658506
470578798
719430567
305851677
755799732
401327372
435621474
724230678
971725100
495962226
617199895
120396710
564480638
14589937
88204997
50188974
169764829
741430631
775456652
720484196
192132075
733673312
709076816
611412821
708566269
494757457
824017712
587857647
845420718
864351813
200323067
923304986
452195155
753486289
299902168
984108260
370171329
859842015
902804249
136577639
490723959
946944798
812869806
988067721
162519024
903189302
781258237
875683879
386731383
780636130
827524559
268182376
128109758
180946415
770359745
709633597
350454366
483301708
143419042
512053291
512271819
984878627
673631215
690362075
540243673
362938772
234549574
675572298
778235199
785707689
539703060
375387229
481284566
9086801
684122046
295675918
286346210
220307662
988535914
34452982
34643763
511799749
17917149
744553969
14964077
801015416
331583805
626544687
976348434
55306596
732615868
248288035
777943638
569529981
636443328
988164977
581363927
865170114
79257086
228630727
778176288
658740753
231354426
967220785
905528330
756909881
475899981
490409333
672598068
35595153
523856594
178722914
953641240
291137765
336555605
488869709
422553651
104724608
795231322
327836232
222771985
928883615
945420637
256323
209144099
514109398
796717101
320518588
601546020
536041849
965698231
86260770
229047133
36991168
564367082
934756443
861467247
941769730
498918796
323995088
663038265
86883413
596963284
393561280
549618392
783456202
958533721
243004993
333599827
986468848
212075555
552094076
208599976
809998503
44074056
57404755
122200303
868182315
907322963
320556152
110294467
953982591
946034071
119611277
181750366
443882137
686349311
401796120
153801426
97541704
740966990
453787950
437476183
859894477
188221653
536509085
676975742
543921077
482010701
654362535
5822957
851067283
858727313
86741092
997624254
963548192
44325050
13470376
548865781
594425558
627212047
111681572
132737469
264883227
446963568
469135741
530015968
274815780
812611123
391522385
988006634
615888827
369219121
406799845
664734041
816868998
47656792
534788419
418842586
519949026
800962319
438926842
776641400
768269877
486223866
198523234
89353701
846742042
745176532
776318776
360179359
54512539
843843708
277792370
675229414
511710013
80352122
884459925
303731537
36414395
207184105
798477629
826186039
967083068
450188382
405153596
310527454
36702805
682278219
715859799
133635911
977459467
377536167
297260040
828236810
438042080
477259864
946658836
131157785
826881329
987213538
92569005
5037025
95830579
495151561
397282789
827015199
17445450
993181270
733955027
888325273
959519232
650992765
914253290
491596169
301350849
970594085
958536087
444571539
494374256
356146023
903139851
606389401
848557661
145282167
7354740
433720804
508780216
957244755
810446835
137799021
624391548
149198559
980428696
932101948
938176124
771180424
356517874
919785712
964142559
407754405
278269311
641733482
62011270
976936433
150228912
640210581
761377405
106726644
380880003
945635575
447731290
794913199
644081235
359125267
659251759
383895407
583058357
263664131
10097566
772795278
130933495
628908385
829402325
847304350
449028710
158925124
606735813
86957132
335001202
472863655
708319812
845998295
354903184
498286741
639059306
308149074
725071664
924298393
958817841
110736117
138096835
27826962
603239119
142158717
450530880
734587731
579431987
182099669
833618999
510252090
143045534
974109114
450045280
32774521
893532885
270421456
515970093
443057176
497034460
170936490
547096033
667225230
934050421
47336959
658141314
557201658
417696437
90168776
298733504
162356624
359791541
230360520
704638638
295949111
998498829
738570589
874029297
351971949
365124794
485015943
298733367
328726511
956602727
223536175
690913764
115911336
558007902
695899049
685079020
102398942
734179872
553239048
93845382
558084812
164801301
997487280
657858729
660487034
797826952
634618173
477797236
654475398
933288657
656998274
70933786
179697238
670509379
798311532
936262039
403112502
76259652
321630537
419551975
360419621
214027242
8843183
56232319
117108802
697917484
113577850
272635981
191189823
461349195
677999317
590562054
214688263
243469999
6594048
532034329
251998046
607249379
221645285
552965692
831480462
897599040
478986289
792653786
760347442
740763724
247063555
186843376
666334282
901472382
512333674
388967340
565606332
96610105
672266292
347479168
155231971
667723885
134740937
191084252
265107883
264596617
562573054
659103760
75509499
635002766
172598038
996790752
372854424
567332701
380757700
340192372
328349768
467482920
416953963
764440153
957734788
86458114
139893457
282406790
124297634
856705770
54920067
188754100
152291105
227903004
285454538
29199381
872387007
292025746
484860823
220969282
934753166
949776671
429717693
112482327
629954164
135793633
799800969
379563074
154527322
525328344
823147799
233786078
389075804
615850293
951594618
928693103
371464767
873612350
856820992
429992160
332513162
633581990
742460617
728199230
908433385
179431781
710964630
900093754
318233468
279402970
649551738
389229188
599431168
6828797
687645252
959455242
357752855
800722429
535430528
6639467
496770020
38889985
270064713
52925637
172541768
130410504
246626754
718493033
722257658
548489499
481339490
735717980
533248971
782488623
208728304
144610435
564167365
278520382
179259736
539251369
999795208
729129520
525913966
327419148
786369149
868419989
567426957
82530550
907310475
885201514
903184966
370160108
962200270
650426100
978475541
410348772
704310231
227782325
958621001
54579930
711669049
596891266
3819022
376693988
318902890
259929078
683118175
566999306
152786860
401941210
977575798
670691024
229259096
291197313
676099777
974339462
268913414
298278082
981762943
787756548
538382432
627721448
387060943
999652324
907767515
327084541
425922351
779348614
964695741
641130601
950114492
679886629
770134421
158024462
98002455
77349023
309066197
94191014
439386323
573253349
894168159
487012160
95484034
952042592
701217455
791059162
961408781
170797046
361524402
889742717
89547904
382873839
622220061
910133992
701204114
301053042
92287836
632345994
358898319
71301869
913822729
131971664
102598521
495608730
964354624
791313097
131524000
739069491
916315307
822735744
944630931
967685747
875365907
428563168
606391174
461560696
727273592
69899263
717251189
227430981
4091034
650125613
861676546
154787876
412032025
93341689
940879795
745926512
756159677
108789682
797665756
439369823
644889569
394609441
400157395
551791470
879494000
900339827
434364882
213741330
813257350
41306181
468759004
717011403
905312519
613842793
999971229
215667353
604556332
607874401
439426087
8315054
543890133
255696603
144294945
269233245
412176989
13856067
806941155
722554916
522853167
962818661
634518782
214015841
454833570
60456465
976590043
956642908
336891098
608109361
542288957
757542215
385840552
309884861
784151803
683899671
191130404
221906634
30797991
885005915
238685358
641457953
725223158
685904148
403437628
218157487
997454928
958002688
573864476
436610934
670830886
493487479
841437584
316041193
885217741
857449826
460496
278335894
86708604
810105348
592730481
560955369
925431898
815993542
353524313
718377239
598746363
93718646
244049264
956960769
235635523
360326224
100239935
930906917
176959662
131362865
318967013
948907091
779610654
67856315
749544290
676036756
883814161
89217154
691096898
613048217
334408413
117022438
556664656
832790401
5320400
386462272
210062470
490838026
650479502
425436432
919625425
703884787
882488901
266694112
75729690
104486533
614941331
274447936
321764826
280817847
935233966
91203550
587707634
300693870
685899565
468917069
217950166
642989779
893352167
79985890
811345087
20044836
516470112
127968434
143115172
227477590
903682047
378508535
633247463
196268043
526400081
94669585
81183151
659487188
401485302
653678324
694657487
321477815
820310284
539952740
109173064
113736578
863936972
723275607
279081880
805406178
75551630
590026300
305121255
969819532
565435861
225428139
499123843
683234373
688862737
602961139
885264529
939368902
375591111
837398929
522002974
752667195
548867734
758060638
15187445
249247055
300864329
724397472
24462870
251859060
808320421
979232677
176870587
82609611
19763099
899672846
892964476
524412807
782986686
351921521
754474052
135305743
854511270
935591797
394164235
517533360
476128979
250627115
683985226
487619434
249869432
556533125
540025801
925783087
383758188
747921288
700704912
895146216
517952800
325913646
117357300
699333751
609014123
768902163
48952280
394816468
541167328
187801700
697918779
305039687
337201858
641538475
796033677
702462401
270033938
434569946
86205986
832138768
654637981
815660337
253985260
899173738
315703045
404739465
949256222
919866017
388748611
861783516
263971183
76149400
216976300
770644682
226189134
137719787
594454868
597763984
982052294
962211417
811469424
301568287
191239239
98792293
729539056
881552331
619823262
378533114
776009887
407618071
558398071
428328013
622818901
268755850
806797661
627352935
737992385
220274974
137108142
497295377
905950981
32126798
241953905
813381560
271660887
216282203
7030466
931351181
970391892
285367399
722222983
131868726
166219587
688244570
244038508
923528686
21379763
689955903
131451841
422594472
544622457
520031806
329845860
316593217
170155566
984465270
571304369
886593153
742163277
794201982
392708781
355075238
371110666
855805552
845857540
410700025
817925445
779336204
128862855
468802916
711632004
454574428
823455394
389668125
698993405
142393278
697675286
39356553
673872622
684632862
228440235
965371719
973707619
321655215
455374628
512663176
322883570
484359020
217134695
109510214
388790480
974492244
353908562
995549471
315569429
48885130
935001906
842834936
64195099
985392972
208720404
170191368
918903421
335923663
750142094
166298482
228647454
205370214
807247125
969037636
266422559
333764042
447459676
710793009
628695032
692001124
677723701
960095707
491594122
560056571
625117725
946842031
532469342
37491782
10168629
835699952
757985032
224625327
648554031
962705786
470372774
56664959
780513561
197519445
753532693
186878489
345924934
640660626
650110762
963848123
717183049
29075971
268276540
259769091
57647798
209420622
865254154
738259548
733311616
997826173
551137710
756684866
437431167
854984706
812429875
178915813
465418079
877915979
393007758
585380946
555718007
723713635
56720373
942943732
706801346
803640676
836155294
763830323
242067278
267792705
517385611
188258996
872176195
547118351
883389039
119007660
344148912
718334331
909694351
920295957
3978627
983740543
961374775
363832541
74352289
695044661
469244801
446991253
794287921
587011546
717715394
677205064
878913182
685022274
182782189
13844889
510294589
827873843
745896712
889437989
439816364
159030675
839660855
45767257
468916438
888715998
988282679
866641958
511374933
69126260
238589961
598441297
465351966
755988493
717024277
571279408
634380618
463562324
400793212
633159501
637804073
61342083
137583729
533417090
278101978
627575321
758065111
490502852
879735122
586564819
4647374
712905839
539828900
567078029
26440035
268027128
278145917
148589997
952057800
821217328
722114862
23128717
171917820
517168629
266374116
33906150
256287493
992120333
239892061
619794702
419545469
29627318
845857374
679598098
204145198
337706262
71712066
932114134
651085058
363471328
123772520
457647772
324629343
133183966
186822163
505018777
49621962
218468230
275596891
961043396
83212868
258351600
96746178
337149321
245762378
585071522
897844211
804059327
471026273
526452466
570731538
985476164
801925835
10452014
67284631
913983149
774466025
442822657
720613909
698450750
115105161
119420243
10286978
739373471
185753199
911948496
553584754
584266845
740935446
405528764
932392210
643386192
168364546
541251439
923219320
99948218
758552451
786803380
961375803
986320343
599468833
253487970
991334685
491268407
306196955
866270425
345401272
510591321
274626743
132981078
502270600
35807909
877530246
877819277
42236861
437890074
143799665
490904526
106139973
202462713
794408946
324223230
886221632
707439102
790052304
87870346
250543027
968380678
120608092
596826087
855887673
383074109
412228398
373288155
579732956
514077094
446181268
180538038
347883015
809243332
576919258
233914756
554554783
601692936
44097822
279938266
70336019
10230195
37265446
281895459
345036911
319554723
611057027
830189592
397517495
599209829
391137243
994060098
54317093
590750755
986397377
338061006
733259796
174884326
777193583
696196939
476513269
380715058
599040008
81626089
670404525
696794053
306929616
823649236
990914484
396121011
138727957
399883324
110512321
324120372
839320435
824442074
364460205
758768438
685541858
864002766
404609525
252463669
136277304
27270602
469292947
774329085
54798523
73617229
22103674
123525304
164762332
467887793
86924630
732733110
960753037
628130604
376586927
131928250
795343885
23263675
914525994
767337984
2914111
911538883
824051931
117618270
522828419
763551418
88577159
344929906
69353710
47046926
38390579
82919186
54503240
832700402
845642368
398753709
7789763
509537615
318415389
42247445
612469689
923030389
990369400
432621177
547262106
742304993
174064687
263323797
528335896
469045877
987919365
455289586
479788137
529064797
640206446
855855981
937330039
727208395
864044658
844425897
57061108
308857290
136947921
344411549
744246854
246175850
253682992
445742864
635654164
429838538
931364987
924741368
49127140
529070275
37886838
908653067
621192033
965124039
716838781
772313417
468097059
71978681
53412588
87316907
456327129
545290057
174114801
146977207
850278648
191828861
513338405
437779473
623817388
958962956
339175818
336191294
423000337
782311276
411170431
714606479
734695269
713190389
958709519
577915940
192876704
540608419
540344136
282833057
428218049
10632803
640940374
848618547
355034044
14383563
178928786
715199415
716287415
759810507
252448224
649546623
643048317
958833059
232902874
524495661
464658761
418997355
909530049
603236666
849125390
37459823
628573854
123273270
311901547
574524620
146597404
710315876
136005631
947136510
929467547
877566493
318625098
28305484
153591388
536728915
264043932
19957036
821915517
151899349
234900466
470556092
819577867
545945289
101700988
854196508
204770888
649113819
276269464
109905628
265426370
542920135
345177643
779265652
836563667
58240941
641332608
723094705
742445371
925389943
706229190
781370838
838744384
499180485
775437362
424980851
602179967
947180682
784621108
716086148
992031598
184639218
500497100
108425405
75469384
920275797
471970254
314921770
957244239
194933965
798093497
467026455
802779633
756551490
807691878
669048384
746388176
824288244
798597386
859112190
675061774
728052050
623942472
203149468
390180122
11499513
165969271
12130050
141975558
430060910
601194458
568440215
322210002
350923175
604412357
948195928
471979500
196059809
197034814
309209656
690577067
451579370
562232743
979289519
822944329
368866602
972242556
754817467
256488929
53373663
3296928
29486388
158172484
568775074
271797747
853250363
610407482
205883299
219129200
379355326
907072974
420339193
415176429
161890136
951984936
327304718
242548863
254555105
300679242
19919504
972962181
879315995
740941046
627538563
153897289
842052104
981343013
96412596
214147286
316346604
578120525
29438120
749596604
407483978
431087171
258348559
882196684
121655315
477274668
408160029
57406921
468382192
302234894
999943964
775962958
615032227
104563096
716866353
642756277
967758114
538061750
993179738
97421283
416861562
284910236
72210943
867823862
208768709
475246279
887220536
880892967
466977554
221982965
319724409
812930980
319017313
580079466
648000588
964911453
85349344
872181797
137597364
71879239
363286005
557081330
672673567
990628389
311093908
573943888
640814606
756040814
923665684
478569101
675971289
185786384
156781524
332590583
944987846
700353500
251708464
618038119
176647781
863917518
715072910
233607288
435631951
961986253
611624053
904923740
511541482
819311472
890155057
542346050
165595088
999874814
546650920
221013766
509960528
967704925
157640694
714235357
967493424
19424898
934427330
12338282
314036475
471491792
303841418
812911900
703391263
263476738
939543630
710473663
149882074
675611170
529058161
699766103
820842800
284554341
574291985
361288971
625164394
923607999
974581965
171370274
361277796
558521261
633233958
477820818
146820074
813773096
112420350
274437283
593651274
947820672
549371100
544471689
804428892
311479195
884578839
989304771
476667245
287463903
96820592
838727193
760351384
210410216
318791779
443244272
184540049
944378526
52949401
944189003
167441342
319005176
46566849
760061186
66498011
192408506
353217058
806226637
960868332
93537541
987025684
960510288
218641871
777515444
549708937
624469597
412612995
836902025
335870449
128841571
338253284
605744610
746944125
556623175
939686089
229164235
316558978
379219371
789911115
106016166
374886580
24926062
756152030
659515601
36835332
354792766
692584379
234635893
716568340
461617593
29203618
439395841
162323943
345464996
808860269
765313718
160459300
901369585
858974375
472756009
325158624
945855449
517165176
105880268
938890661
567335005
857365445
67055222
370601601
253153083
175963764
38925082
855635106
485877483
589272517
900749180
619458913
347740528
430351205
862481709
385543303
442965042
293045695
140929209
654603511
221610101
101915502
286062243
558801364
72405233
307508492
933693428
115733579
848200747
917607896
740839678
134595893
851654886
13026207
593029177
623946194
929604989
707185557
754682986
927323520
322163745
115259126
541601886
710707181
445031269
496270535
207255433
254734705
835924693
72900780
740491152
687614099
427535945
507755461
498400700
800079467
298192972
456513278
685650235
226522338
361765975
381353355
629576340
587256622
671873303
761497327
613140739
552571943
249041817
786006965
694351033
926729076
87967543
146174237
700172063
217843398
152863391
31965700
985289748
284494487
662452828
527598705
849189272
840666280
415830924
615216519
394496473
704567908
957480442
155779544
939544509
718284074
460676426
524733215
774234847
289046035
850367578
900572833
269809014
774038266
667354989
995434649
419647267
275252348
246359395
181882603
656205108
571303905
754593842
272229536
562571464
866350841
841463538
363712417
180070871
616955845
202954101
543035089
24026758
917658233
831804430
172663530
896622678
435307257
729491778
991863051
682957936
951925166
171588690
860006632
126833069
718472915
398784876
446823832
426794614
220513400
840057999
147485215
828179437
911591153
728952205
819825161
93442908
152719418
292908869
175520178
927137392
360295044
331937556
224997785
407449568
121642637
940125185
339494242
482330625
3618556
24960999
917363212
860086432
619056622
51656421
271978074
631246848
148984153
977079625
776076018
774944614
545901479
213919772
321003081
843243711
862515742
639887218
483591993
365873332
622013365
212919075
942281263
57345940
558046355
130226318
373657674
754231101
141842482
572659899
376398064
775694170
957139761
377178861
249800448
963962376
808382697
69337551
905508855
236292213
265986651
796837794
557252879
489966939
298042886
150633972
753853026
97416932
894569831
847171148
819847921
370717015
528383375
407704994
714997146
314907747
344995060
394116614
425389640
762592252
835612454
529481089
904994676
131323445
529287136
532081380
382694850
268217291
479161946
430649875
871998018
189633205
296653132
438373701
446545998
598975056
61760496
9100365
177960674
991625901
518976185
235381920
212656665
348914270
182908338
831535552
568888685
867928289
503956451
610297195
25572039
92808111
251374118
313442705
560941701
719422328
955767539
834310098
239939339
380466411
11248637
323596508
158455406
495237583
418692615
470812839
223961001
548129777
173985922
512516951
852748917
461425802
526359513
957140151
301288695
569542991
855360548
277624234
738878870
107592257
696466958
661747010
878256810
429323353
317283842
4847808
484119196
834687213
515160398
830814550
813169886
374427059
653689299
741965823
375037299
994222270
267850091
852004396
857615836
7875339
868688089
277184888
723263713
727693314
582352160
973572170
240158077
850604285
929367249
906089483
347912533
565089463
821602605
15124698
352202335
897821461
610547465
217249278
150626884
239690278
840425295
96377007
195881539
778384981
635023457
506271242
571247359
217930783
86639549
748224135
100524286
509164736
255013525
962441301
939742608
47047624
819674125
466931096
93255512
330711122
314489297
626877526
641153124
61579576
291436184
24131248
953413167
397362466
288824957
416972424
17407915
223303304
116453991
766850273
523644296
671440703
271046249
569086450
290483191
954637028
706118759
32667435
325940985
441071820
444278673
307762513
120941054
633829051
620196517
732126886
648646683
518975693
842902861
801163857
367441910
161529492
364933146
900218169
139696693
778321394
166808170
850745008
679295157
854743281
179429465
922787144
885139920
21527742
340803332
30272611
763545169
793734776
695803024
830791438
125755205
89839566
942018118
286810851
753336934
932357162
119865468
326044495
436270150
294407198
273457947
665104981
121963084
751620327
342457435
287201013
897866981
730898749
339961484
199464235
641967351
882431270
866920446
73466440
115988847
566808076
640069542
669616711
854097617
262636286
767984636
352886826
545542990
150734121
867620187
143355533
825882582
274482011
332786045
237079164
65386279
439122048
671191832
790932637
104400954
988069938
364196615
901074419
704213275
543637446
43162204
33836467
187679227
492004241
394357448
857524489
906483969
997905704
607329924
477028108
343285078
125964800
429961533
76004192
272307466
358567237
502302965
317391470
70944275
918322246
457485539
740953903
764711246
876140359
700217103
881519306
339603277
727113301
189080829
308088183
506946789
494926089
293374737
628341750
543017626
194595413
424035611
666072904
934173517
834657925
708846216
239230616
799937144
170284548
106557785
627775208
63266859
860272504
6433386
344902051
373659207
276487574
588251384
878001826
343769247
356562345
571869477
405284233
584709049
778632906
829623106
556400628
425645499
229280078
88129625
439312575
801758910
104383243
510559484
400050399
894351949
353866422
937306342
979959050
56321887
505004472
250397290
875758418
784265036
623879327
526512404
291074803
475698615
895346115
91604659
838974170
300303454
218343214
788627476
564272480
494013477
544533148
110648591
848046763
807588095
138444001
868871580
351558846
972119189
821484803
606886707
615641146
378648653
428903551
541298056
470771849
74845472
843883825
323545488
138073691
783342941
649445318
548412581
679093881
361849087
918579453
70669759
850868978
335206442
407937982
712120990
706443587
703374046
870959152
107748360
296057709
923262006
439144577
129775865
938091031
447175089
414967972
199938772
807135087
348611305
218779379
548579377
787617968
691193701
771885275
302438571
88191668
307974512
721459185
529359203
784097940
617492055
939807000
766690673
578310658
819558671
801190798
790276552
418514442
519571455
776408709
801784155
637836211
33584671
946190171
476565698
847023725
687211667
21593255
506249605
687287991
908236635
331681140
470756767
960719813
267437086
443453980
285250762
756796601
726463836
920006116
951151294
500856461
497055583
268684472
655787114
185080797
445578823
25143888
639994733
833400887
277378035
782959944
545085334
829924865
704186
41751761
229942783
697093792
206905698
928179334
699509027
659991536
842508320
16692971
469862970
189516775
639674808
824376988
228355038
672420325
211715444
729234139
154045556
485576165
563535230
360626939
451558759
978593317
657866640
829810756
370436616
674815175
688557273
447820727
656760434
414761536
932099795
299356830
990209382
426583277
718560926
743644704
517190520
266415957
620845725
263475045
681651563
617293630
871147794
587783117
636654844
489521824
707131689
451734918
860865971
46726066
76857093
210107215
711994943
29673162
836209220
283726864
340045633
579208423
305429653
640147040
188297805
242737050
930434798
481145321
761443976
713743865
873676921
329455738
539451935
406252762
984261463
602567500
490719828
578857662
961105338
77143960
867716312
755280107
728174087
20155555
541923264
950861272
808302516
350643401
604961489
633680409
974072466
827076930
490672981
554989553
849319502
828206350
976274800
276691090
919849240
510465151
88721781
27689774
526655721
175290858
388130979
31412103
15144041
574555001
117598744
601100270
964772249
900530877
100320059
949057201
787557070
130006873
913803055
540896989
594910677
172503788
645874
303554537
983301701
682396384
18331715
502267731
462396277
352351411
973526534
355162032
489996256
477052514
930549673
665045953
362349705
571988587
565414828
674279593
855365551
304827769
406701531
819137931
402835645
427518859
675381776
542227786
434926202
68299667
476888040
400876040
328502341
647249080
548128519
509506520
518485378
669461301
730278940
297547975
771208857
360104846
813207594
835342215
881848559
223959524
235836006
919349482
209113806
860068775
508202094
775055240
289312535
863079148
542842964
241750456
226256755
409710492
193532726
343715132
577034879
694866711
315319982
312939507
625235184
765122347
398215837
235354582
645609144
742458407
154424111
582790795
135029490
997138514
638009989
50197736
956023597
333483645
858998849
523487990
263571198
925215299
528065096
789752451
970569988
186247755
89128938
646121060
965401409
725258954
287864543
312664098
153434567
675917350
874140371
537200863
715507908
31975164
608061259
95353976
180930143
580813677
536015580
419131736
754177316
645271177
85558920
858091774
615059629
588800381
646261573
822719562
471800736
241621610
856397058
712120937
682452157
173636633
851896248
718422222
512354373
508195468
27372436
864251303
456618510
511407627
93618641
208391122
924748584
379310881
976285427
679442113
654734945
438735980
540669314
200732915
366801463
304312840
828853068
517829714
71329472
697867923
987391576
376091978
968486969
971437346
45648535
826557160
958073611
489998464
593746121
876025851
707995323
16676994
309956319
115042799
536010611
905696199
152865822
622719759
645706777
52748404
923660392
147126949
863253853
493807332
695011568
468498210
135784819
530371755
372887945
45341758
69538747
206518082
167624038
281816979
410631066
413063381
362087846
741138015
847806674
925816680
124290139
847071101
139436110
492614531
364363992
543274892
100976119
484431330
800177421
863549485
843645093
68109198
112709892
139226552
456425953
132698469
887475039
803066763
400073307
379512452
19315625
855707688
943556097
9524146
348041873
29546862
83102343
748143846
248933132
324203008
396485650
294953168
461945104
670511619
149820016
609240980
79999099
765711318
331409159
12002926
491496475
735178559
907455854
54746899
948439576
357110877
7535534
638334312
799656086
250080716
412818032
464854509
546503708
65707268
953888787
851312480
261505836
200859449
933888385
621460720
346454129
769129842
763327939
164767505
971150435
884460900
45297521
609786066
525942459
510568047
304159336
379522217
825159493
793528864
654112333
581332422
544270719
520209289
409394940
636315074
469621445
773754432
810631376
273871588
860547905
434255556
451052732
722664743
88788111
625727935
795557278
440168090
269195175
954358692
640547873
743256335
187178498
967310661
88419422
409135835
308204740
493562111
424603070
276605940
735119424
651610997
307658657
452088145
914613477
778438191
485426398
489610587
717813060
920859526
901978448
252539871
363929933
856003246
1605858
856033359
104568194
516410589
553806527
323027518
819282681
533227910
175423417
631302247
786183341
671323654
87545867
962854797
746143518
14586091
555734744
203846367
582519940
299501289
904934872
848496663
934133374
863796704
178996485
373613408
250983126
961004361
31502390
123561898
523220879
287808838
242840269
10490702
527710934
118978679
79169261
274100373
852339821
382204105
765597992
434722170
638173198
354000986
861817761
952932991
164795511
279526663
687631337
998817272
119658630
875984649
105204878
299114923
147189017
910269681
419991806
369927450
658087094
576123327
780778027
977215491
640483392
237459906
645426924
458522499
417094893
890209217
954742655
830864707
439284619
199736338
687426072
714758013
561458529
580612210
125503689
140922639
676249565
630564740
497732403
439628395
277180233
475831912
319723337
670743097
146600575
83479419
855563192
776840233
694592545
544391613
952509389
949383792
888949264
493051540
108673042
79135620
866669441
162686710
931484013
199674737
914699773
882339740
78892491
316582557
511813491
49297552
506644127
413390439
102888787
115303306
225783366
617910321
376671809
665638724
125974593
586622076
570936772
215387786
666192317
956662968
688932046
954512161
964184637
863027612
202587553
863209057
10549929
70101697
158100895
25586448
211500335
560873710
784784854
736085348
980905899
207881059
399467110
731147658
976305580
201345126
336865313
836564279
794514921
428057091
814908272
130877231
149509822
852779503
769148695
905268799
475076387
559875606
65347086
343637145
925723471
262325506
88019113
664223414
786819339
877310297
663305342
752718703
13258954
335841775
61932182
228471011
499772505
5884079
716278087
939984622
723185054
624853838
785764634
45785819
964158881
843722944
150315350
578439081
909006852
528191257
425079629
531683684
820593503
422432892
617897563
187933804
229029095
462559638
607147861
491958685
269649933
375692074
845457614
854977098
733054976
191935883
838167973
220586379
937615735
697616253
116845302
980525278
724163704
392034290
516170888
452872601
415317270
16634300
41736314
845708488
817772969
644516489
257187991
96692092
273918099
271202660
264115350
314137511
450303253
637467968
44101345
113351203
895967201
804483382
672274794
280514025
463183179
812401858
217365340
786600595
102061587
605070243
723056681
963438878
453849314
618901720
540652233
128687796
708488627
342010194
95142689
824448490
539672118
550654396
869724907
901926357
966896293
18653911
142884803
128491761
720362938
428719708
154178694
42163117
691581839
248584827
326455286
286181809
675384885
467921619
565035898
345040643
714482403
507861130
556314398
167136449
72506894
996555553
58236577
564501759
411920433
768292757
615372815
42784252
564628120
247788493
267458805
87621430
189548447
875483422
379693217
360231748
101344012
560318561
489431657
493219174
892474756
240856484
96496714
145007324
690623305
449018250
858893439
83387118
630849752
40921474
109848920
597636941
892873931
29564829
899128784
841684931
801309537
154824676
395593911
746115253
538711020
970100551
48201223
577023996
169363906
806118859
62900664
898008739
616044526
722411734
136978882
100159653
969479451
893185059
365680238
762417322
229620316
128089676
546951934
439779899
255893944
975712244
133977420
441087895
227976391
281254154
753907839
289418047
566381305
384105762
460155765
724174384
456929613
251587183
339872157
697050914
697357817
944669516
656605656
970047360
993895895
231435552
57359424
821995577
571650470
767639117
512977566
904554404
473632270
595634127
688158377
104945327
485415628
635358300
821320364
749460098
62119251
758415823
488523855
164488389
343800483
935986361
150873652
839062668
445975346
830832149
414453509
962573428
344899378
94714872
390309353
494770002
550436929
799750638
481536302
81275429
304771173
543410149
331989491
223103261
682169706
207726508
128159360
612360105
233784520
115815430
410013529
881297622
206440826
275632747
53201326
196780099
256012963
272429202
135743046
175833542
626675027
891474667
119353685
343927351
760264361
119957584
193134552
247900275
24069053
511056258
395913473
955227309
593617669
497608371
801705317
908298894
73267442
971763923
64204384
761782081
603307442
261170208
392441368
958666308
80571997
686191357
707890662
296506052
667714904
593254661
420292185
210880912
320564658
653273243
616122754
268286469
853944751
10169003
801602772
758711286
4482488
495243060
49795960
361483461
515396052
413171938
525565538
706684946
184606090
440795094
857049817
363128812
529255441
197385154
807723186
752413384
234018299
519551508
345203891
364232010
94740856
953778346
480904418
451187318
23375637
261317530
512238261
571364568
889946301
369861774
520018240
321598000
431459942
516893677
125175985
68675268
206282299
647483368
818221481
627763134
98715893
560446291
196342102
306318825
139894515
189411327
615295214
190419539
198273432
133618338
365883262
904929803
899860692
969519775
781005296
580499852
518373632
863944468
56879900
293365088
687395207
784234066
367095599
119703951
69998923
296503189
43768632
318997941
482007069
314813647
290214258
208393807
77522102
746471710
801114823
441362234
12767106
775494252
98371764
450770736
987511879
901483337
872528569
989144419
699470400
689946766
224320032
425399507
660330902
285887914
569619865
871524268
95503868
950188022
942035342
90302212
97087054
623616520
317084240
532533316
894990885
207613712
266769295
219627185
387323297
487419603
603385143
969870554
208458931
539563714
605214252
898269512
877569804
428168049
397147929
680184761
265128573
370391464
577974081
646656766
925319570
826246793
108945953
388020383
971285900
93510619
34175954
643100579
599349051
994565010
947310505
931155546
885573915
703590919
591826183
376695839
52997898
213150767
291112451
665714281
498267962
923395871
328344275
438408964
481311105
842333039
676338812
357845726
133721252
464249139
265920163
469767939
473271707
91724959
866923193
861953037
668342436
312959009
939844008
612443038
184294636
470492117
73913375
932118741
808506955
736254889
340169840
807700950
33436910
498466664
437727156
495558323
902274212
930356744
547820564
925925906
745291467
208583990
710288318
641081107
180153136
16115696
497522806
174641131
480119343
56123988
909416065
106534046
872000241
613820309
910889498
441502541
961412021
421216134
939101104
260448721
428538419
116231558
624283217
688044785
825484785
631330230
12170351
61074644
693154267
576408575
255697234
940162097
793980790
638166107
450850411
311038509
204039403
789762126
457436731
40713103
709332916
823907391
772124590
776347485
351817747
169102830
298595525
3520644
492556649
310629068
317642745
570730029
733757428
267231787
233689761
462850614
310586149
177770185
881814697
702702612
812761351
429964149
882019516
188369299
983441637
498294158
529360826
528358525
648413740
945645083
897381240
141196524
618517379
933164399
770406420
184027913
291712470
685848010
71942896
345079870
74427056
988663731
209134563
873166534
382451980
129608854
12231946
833615805
219473116
331698655
811728789
864461186
740580240
880659673
660356107
352394969
400552849
594603959
502061207
655892623
295963441
981135764
304277862
640798755
556381962
986558732
456189423
216165421
122782967
712810819
844489688
250229498
792251528
134507244
802379503
826120671
31196129
457409025
340126119
412047891
445606250
667116750
17676644
43935358
84844174
763644891
331111411
333871735
791859283
400544325
153350706
99806044
34011136
427473142
811357954
379966504
213458840
923367843
443377637
966847892
36064384
629060050
277588944
262511842
40785638
294845155
524248564
709168318
760339078
648489998
410830077
433893244
958716670
82123075
130261258
434580147
65782027
385875535
54359252
301621800
767062379
692731334
435996434
581612613
652341292
262069654
74198851
212689269
453855275
998663465
113018031
981264942
712593846
380450242
306915270
752155868
664709715
848878459
142294142
769199103
821457940
343956442
388953585
879395679
341789374
956495341
141681199
963126139
791970847
553333480
977372681
685046642
537557986
273141752
291802382
478303453
896830715
967128035
234361792
922640912
286425057
831336357
86439849
534635154
736642127
665147076
267801626
818662398
542430041
941307065
381473016
794378196
313151058
524551610
564976266
28432506
742868451
491780050
857160257
77893148
732373646
624843787
41750267
575862199
560369450
176721570
928456358
659061260
926065307
865977493
145960438
847746691
578151641
59214735
391184943
311068950
663413917
604395435
726838403
817736090
203985483
731916130
145819161
989737522
84520409
159512524
478498289
583613378
156036133
532009426
326002163
209537075
819784514
777992003
418273559
919798321
483010139
460114422
520545111
420685335
310500905
506418845
320136029
825765590
511858003
555227685
784865396
499770003
865685879
694973573
616069746
564490772
175233372
110134015
162985442
5134596
837737834
767447754
521956790
339881061
829839733
708732186
522732161
99905013
652833876
391156162
420390140
524880138
345072324
542661321
760294329
748036538
415566815
950880875
924466390
103301475
550680419
692273140
410528053
545465956
748203177
772714376
387799760
987580437
76197134
69119089
783163673
830127539
972895415
993866359
265855827
891617179
852559422
561380484
995116217
779317098
267636445
33410517
192048716
851390735
243060134
565457938
161980394
162773870
360526798
55513994
796160699
452343169
556601351
216742556
795429215
281488692
167300651
885207213
493123770
157205518
512616283
982764550
662032911
977897181
349853259
875618169
810934230
597489650
607531180
345405367
920123187
694552821
585476275
233119274
745706598
315570266
975882840
184497281
944220579
89085786
448852525
167307305
322942727
297880062
257095100
250760166
630933828
111438682
889761341
44898435
927412731
566153278
211632275
882874657
135461525
457140360
122772843
952808734
196903536
852185258
934005318
786876115
112036890
732817569
536906551
467396222
160013506
813251198
137241232
194536012
811517989
799476471
472234051
852044808
367739130
653978536
889238994
839475370
182185955
110848061
361570207
791456713
446746464
835721746
697410389
123371952
552918527
389610455
345093960
863447153
436562073
989466580
782135981
809653203
413366310
355613593
51924004
345251159
306264501
670833703
629377874
69206263
433786529
88102162
608949923
440181283
991809626
472312817
313601379
705176968
850581838
509765936
488034507
586229235
431330743
121059233
266150513
337722652
719249614
231046088
516565295
965291110
992913225
91539182
621789961
890312650
412415133
420511090
492413340
723196827
197028878
532153878
8178247
34548850
515692116
977033786
52958808
575158431
706435796
287154194
971779712
603217483
570715827
582651641
129501524
885886686
436259078
608929554
283173470
509407847
382641301
699049456
841795027
690050376
908881230
943473018
41992019
457647001
787842587
701835466
370485780
315301162
463983645
42290893
955741362
621733002
936855760
975544113
415730108
737767718
89600981
469993072
310013096
131403875
56977977
363487544
4048618
949052094
725224701
7692387
495262672
549233593
90764224
451656833
660348625
870966512
360057560
558699102
835883491
129157544
41775210
629463115
569866906
659705539
33491854
706109085
91384682
872419281
524892917
625414858
443791520
998477799
792542627
912653597
615402416
237388639
229247331
170287026
184097400
983738000
846478992
845982824
378427194
277070936
488891680
573005950
959593633
788657955
23699484
823424014
213172939
822871333
250113869
803443598
708386940
470340910
479960140
197283705
573603540
34992760
816607156
733453040
447048083
430647583
286381350
187734224
334369801
350541410
26195868
747242664
520460341
596918853
341995865
599206450
904036339
957389125
235019331
708412611
524124628
655947762
950652776
120079701
203782669
458121075
229055886
4895065
610504669
256330886
326629915
313530905
117074412
886795457
110392599
899269154
945720492
165704819
92206954
344153071
656408186
887282296
899020609
734639550
420303265
53047371
942984124
324636068
361285436
280398027
399466902
126929565
399408456
20524502
342607312
236233435
204142035
619531618
149853733
479038857
843337072
979316421
876593425
24397774
643816508
227860574
805583094
942090558
83848095
195431029
830837234
436241590
715320542
221489668
731075482
200990368
853049708
800304357
872382200
569441457
652633758
635441587
375527823
425932240
222988170
570468306
88097894
960921243
797917010
685999175
150740981
628097913
620150284
553904707
715462791
268156712
17765310
683442363
321843223
313612442
633750563
80394344
174905790
65901722
219865443
433708123
530245170
795524276
591458150
855280527
30246068
630645088
981376117
56462564
130884232
484006857
267919205
441011515
171532497
594203024
612433842
546123208
717964399
422881667
643429004
92021271
62980315
170742745
790240100
246306303
583700865
864566013
567966577
768999674
649187331
210251587
815068251
35555425
859242954
485980948
688116400
959525467
82952567
211847694
609034788
460268054
667224053
766852214
777304995
8375278
155437729
504726162
964734466
345780006
641417981
731806364
7143048
354923843
32005842
811403765
834138917
406422109
238208541
519815445
805426332
429176567
606421887
889877216
514195108
315308817
425646070
141524475
858115916
565722496
775246350
109518364
36370743
973145892
280945380
432179314
613825006
899683834
606860784
977227947
910849850
975020921
759971891
801419292
504495890
991987593
568438841
458154655
82528914
842889867
645639816
919274531
730112398
212345095
479811831
723113695
777628374
969273830
557776161
82358887
999208970
921130590
83702102
597728664
650284572
406376593
902968941
896127516
730103083
740324955
237779760
19460492
514653670
819362780
748656491
22803946
643447217
179563557
983952292
295555624
689866209
957661189
353618593
635548809
64275464
738470639
901969282
481707469
461505297
331839115
880368663
117783993
417213429
395822185
123067972
268899910
127462865
8268198
493779714
210367533
807365608
121095448
990042437
241260661
741937697
432230403
34410418
805833366
524396095
835864883
64621762
729412607
327471044
390863374
972650772
155781035
470192337
732724785
545811388
143363443
367550151
513911521
488898243
32925117
584658147
605531879
61675073
500038268
627045376
328211152
455808561
867331174
651302173
147727718
437266390
455549516
262231566
23216040
875198521
340282766
415155467
227781396
805180557
685792094
484100588
474270017
394443112
825619553
321991189
593298322
601834796
287951159
6183880
771287353
803364136
30321897
278509579
211863209
760009798
981551689
221462058
303765538
226270456
638236216
162389474
495706688
878206724
437465517
28559710
560182154
383583284
941048194
539899191
312579234
667737598
35901419
853886891
25812786
127798305
686991930
455510714
791038966
645601374
728806438
435734272
613333180
832196376
193273212
520341422
478911930
548306688
294583063
749529720
844907494
946879031
274507677
580105182
894184179
787145929
339840634
261371592
435110143
119720173
833905096
713994440
783110579
980198198
894048072
967851686
459089352
556999986
168986535
762486458
379618460
593478593
251601062
724422182
277140341
510633568
422946030
977725270
942679220
182729402
686905117
837410149
826486666
598396737
203800130
244576016
143561462
141020318
578983188
623194289
343948662
916717624
456564980
795601344
427980519
314938400
555700586
257074808
81546843
418340319
33313547
167813982
682073319
617128983
873910983
70822287
278578709
957587059
9858783
403667420
178302035
611530276
582560901
397921162
717959745
299688101
892523042
620636513
351518344
865544804
111965690
563059793
572916820
59674906
101971249
722287037
517529633
237565227
882512355
823229338
540077730
826007061
481853339
668656445
60796253
895154117
140557185
342669720
51405888
243668302
95403988
856890250
150988364
82358388
309826766
288900354
322114556
552794797
344995412
448427901
161526979
245088122
234060162
416594624
728187391
421433485
556344566
12361905
955277236
117361134
755390931
540207641
688037253
415444783
66760348
102626465
484697936
428285294
446979376
845429109
315042391
31289448
874484691
578659776
920180029
769807816
548799482
115673143
520853820
899825933
312972303
840646367
721884198
508873431
758487972
109400897
642528848
944127868
195085936
218587692
380972593
247746122
118948075
505767355
79129125
109025090
424951874
29529364
323160737
598252106
658155633
80236699
588697413
19526110
65005130
452812265
761696568
920262546
741239525
861493163
761275794
798204672
963116071
447155501
114308440
639200430
355984679
962029436
954279090
138530227
145983867
373165021
80005791
417121712
987309666
791228401
171219107
223756329
370799021
314988989
937517538
664681271
849038625
93546932
936699090
296616233
127948064
248323454
136951203
668271616
900516422
33285439
285385085
159460855
994876569
761585313
426600624
320814592
765876921
237833473
240388234
694960003
879167513
527012388
71966473
622065719
587407428
916002383
494847267
628854467
503119721
980332277
237718710
434166469
841615258
795762427
294239139
867855220
988356534
662193731
362936
995248536
340464116
529493462
543036951
640173897
889825910
721607484
606828787
525734540
223055565
486031904
30148012
42521936
331773915
612210047
957750184
883614771
61176778
313040202
798921569
176353737
704027139
733759073
75878969
774176912
501271195
460254269
221544420
478671728
441061607
789986845
11526332
289388279
287241648
412161550
253403417
642471571
151205178
773104853
826288091
886675742
924231959
711363558
643236360
578134527
687399912
511755180
702968100
220674643
202241489
583626250
188587507
676988529
795908407
73830783
122869075
194816964
614269981
535642941
211155773
232255774
343834234
243612868
483939171
739748694
142480317
771400690
522247105
492677767
82158110
495729640
698939851
919794266
463724644
704618684
369507859
647524514
435422933
65528331
994764406
480845567
461126160
332643510
780237242
213703823
433610238
907498880
315656762
714861791
556947523
440788283
907830982
778135117
603681514
949663976
990938457
842592668
545381282
374149238
852194685
585217331
597242157
418829603
570298389
839888821
769441341
729187722
38686451
525492969
178143408
755208475
6024087
925606
214553525
498919254
960983503
707355694
272000403
945498275
10346934
742946294
308098252
113048802
491205587
833772394
737821616
603671161
175126152
740113963
269473481
280083062
994184150
429303946
140694053
276399632
976112577
974566583
189562129
441092272
755347241
507767906
226790105
977751957
264441423
349839173
275997526
14614088
508451303
442634936
692922488
619474714
576474055
482678291
576748943
638907901
309884815
508238777
971928769
644347510
402092527
731864321
336013904
667901816
415374357
570661910
270190503
630890823
127845485
924209242
67974943
587645663
317127574
490345812
155492311
120398259
497080048
750075533
148120782
93151283
827173411
394230887
862907259
108570142
579666478
182732990
76799091
94183875
808450949
619864477
778494902
605483150
701499902
112877488
872441413
352097596
988640834
361806808
972863841
305762823
381598503
277664200
612451285
385977539
749794322
342528304
482722430
742464772
909601501
293838857
625585899
718186363
646940443
909576846
247341705
750450900
8378417
79608645
363323491
238745405
620919571
375709748
420722704
427136099
600120527
128198537
79875332
901119176
879513140
42897445
820554821
34602302
865038890
853725689
891156245
360196262
662357359
748568966
574043223
704474729
679377674
573319062
355237529
401632886
151682315
624007157
375198707
299282850
929365777
961985022
965705379
489363879
90762085
895805053
702101010
470234390
770826329
155598222
267292026
698699011
859379792
57397734
299100373
638851084
957197669
781634934
816116724
38759718
210801213
962638152
871066831
345425321
651042732
563146235
167176510
578799299
983523775
569737872
618679974
200667716
679597299
907423030
744932472
760487605
742947302
394870443
882261236
432792197
194245968
185087477
979732658
494002510
243243932
431572180
605530005
920691754
33639931
799021833
121840576
607347577
223387496
764405094
899871289
946232656
787384004
384808848
156278715
208469334
259088685
774743357
958499154
29241201
312303156
50737261
445233450
352174262
405400352
211935898
799852217
560184934
151332626
840529905
39658624
311369300
654821262
613357722
977927386
155784084
919552196
600488132
195831848
543071592
287709550
530086050
122636849
76061537
185912082
610611534
628162626
645570072
766619371
95123163
361333437
407245335
937652217
593842751
773601664
624846296
435737828
754528572
353599200
358979550
895492664
115112693
541765615
736012891
121809046
352563317
818656156
755711122
935231181
283650554
193533813
625447303
823927187
394607230
243445268
334552134
275862520
117119378
498447252
174928003
981347228
774790808
684326279
786657442
681609044
532741109
858264980
298968103
993833314
310604790
931497303
46762273
287920845
167725083
483918460
63207968
614824696
657239366
826097426
92006975
609222331
380625599
787781707
773919219
365233346
711344361
268196815
827019255
36189458
101451462
917495829
821105770
718076539
906627760
873688875
673842871
961139263
400646133
863498169
212248396
232589362
789936530
861928649
411055432
257836208
688390947
806949285
931550392
46026761
136521666
989458341
96364883
708135634
131252970
435376052
925806731
690205940
945435535
601170188
478270447
957501506
209955541
989579825
779503422
168787741
41603879
709189996
25112162
974768605
571875620
943736513
763732269
806182985
596450216
731756626
992837523
562485984
816440999
826726767
604697828
87460974
308348516
625768143
940828181
905787210
932919506
678121263
269050472
623779377
185511244
232912191
129352285
625262154
215807574
301171022
845690927
389297472
483490682
952042325
747151916
792825729
500068767
605400933
304778056
512223731
699215823
882831067
723161915
942477872
215879405
713832110
127378134
900878403
43685298
51628766
88811965
818647287
109923336
872337238
686962516
955988068
290336241
958931526
313149961
494499552
139166629
199139495
853434414
742473593
334800719
756674425
756462223
83605312
509815699
11803622
674397265
456078634
581089243
932922994
418193000
81946075
62174770
463370872
734179148
558421012
207885656
837148818
453253471
488386088
519211037
513201954
760290385
112318849
276565388
68098058
739108567
753208742
185238981
339817988
663052318
403666027
836866828
466122132
743131391
530650087
23026612
981575260
133094156
283261947
186520388
24079934
478718823
214236290
1299630
670962201
814325577
191975795
238531760
562710454
287388892
212820090
266410556
598481628
656863420
874808228
465363508
760831093
656196655
731776520
817129927
968938714
769099276
579136635
983003661
186135937
40886812
743223424
939232455
548327779
6652513
380520988
635032805
186468466
709394863
757728895
171820238
95778848
994000184
745661306
990571290
95279488
638836393
737289818
861949931
401715063
49652154
28947633
21944795
132509397
41604973
980135800
613014889
571378609
806838627
847873278
126440424
727622325
460877233
800447137
182942878
9963521
667972423
927647157
40145150
995652449
64261635
85406256
916353086
937876430
304816946
150249330
8552852
741422246
347093438
91373744
402152377
5558363
70340393
605670272
973543206
265198510
394073838
253996242
11234021
66841559
990250203
222671094
226522304
648481528
166030438
568576341
991956635
269705044
916748058
26325662
712790738
259594729
938184159
194263940
76021422
339441876
827743043
285617097
118210571
25731493
530143303
989794946
863925583
519748493
730476178
57923524
178311303
111433300
999641886
968270807
379163193
627542301
351313188
386234041
12617415
84197219
816599718
392620780
148704707
143390345
767253547
167758184
