50
10
0.77 0.86 0.85 0.72 0.76 0.69 0.90 0.89 0.87 0.83
0.41 0.20 0.42 0.66 0.25 0.44 0.28 0.62 0.58 0.46
9
0.19 0.58 0.90 0.45 0.39 0.13 0.29 0.16 0.81
0.84 0.32 0.71 0.10 0.74 0.26 0.42 0.55 0.97
10
0.97 0.13 0.15 0.43 0.02 0.21 0.20 0.59 0.87 0.33
0.16 0.62 0.64 0.23 0.44 0.72 0.38 0.41 0.66 0.92
10
0.83 0.06 0.56 0.69 0.91 0.71 0.21 0.34 0.04 0.27
0.23 0.64 0.17 0.50 0.11 0.46 0.40 0.14 0.09 0.84
10
0.28 0.15 0.52 0.08 0.87 0.37 0.67 0.88 0.96 0.41
0.81 0.99 0.39 0.79 0.27 0.51 0.59 0.24 0.89 0.44
10
0.10 0.40 0.75 0.02 0.85 0.17 0.27 0.33 0.77 0.25
0.50 0.79 0.08 0.96 0.92 0.48 0.69 0.65 0.21 0.60
10
0.56 0.61 0.58 0.11 0.72 0.97 0.25 0.86 0.47 0.28
0.53 0.42 0.22 0.67 0.75 0.08 0.39 0.44 0.78 0.64
8
0.05 0.45 0.40 0.28 0.25 0.02 0.49 0.23
0.58 0.63 0.95 0.52 0.69 0.85 0.97 0.88
10
0.43 0.70 0.25 0.13 0.49 0.52 0.15 0.57 0.97 0.64
0.67 0.62 0.48 0.74 0.07 0.90 0.59 0.33 0.02 0.93
10
0.962 0.673 0.760 0.548 0.240 0.279 0.346 0.846 0.375 0.731
0.365 0.865 0.298 0.971 0.163 0.923 0.019 0.481 0.048 0.471
10
0.111 0.410 0.239 0.581 0.162 0.359 0.983 0.778 0.094 0.487
0.188 0.128 0.829 0.513 0.761 0.256 0.573 0.231 0.915 0.043
4
0.33 0.64 0.31 0.03
0.75 0.89 0.78 0.44
1
0.2
0.8
3
0.42 0.73 0.77
0.92 0.54 0.08
10
0.412 0.026 0.061 0.763 0.675 0.167 0.912 0.070 0.272 0.640
0.175 0.018 0.544 0.482 0.553 0.351 0.254 0.342 0.877 0.140
10
0.69 0.41 0.28 0.96 0.68 0.55 0.47 0.90 0.67 0.16
0.52 0.63 0.26 0.45 0.12 0.29 0.18 0.57 0.10 0.06
1
0.7
0.5
10
0.97 0.87 0.95 0.61 0.82 0.74 0.68 0.58 0.71 0.63
0.39 0.32 0.21 0.29 0.24 0.47 0.37 0.53 0.34 0.18
10
0.64 0.41 0.82 0.23 0.45 0.14 0.68 0.32 0.77 0.18
0.27 0.09 0.55 0.59 0.36 0.73 0.95 0.50 0.86 0.05
10
0.06 0.20 0.09 0.57 0.31 0.07 0.45 0.10 0.30 0.62
0.11 0.78 0.55 0.24 0.12 0.42 0.15 0.71 0.34 0.63
10
0.66 0.42 0.38 0.08 0.64 0.25 0.53 0.28 0.23 0.40
0.72 0.74 0.87 0.79 0.96 0.77 0.75 0.98 0.85 0.89
10
0.607 0.438 0.134 0.830 0.527 0.643 0.411 0.848 0.232 0.902
0.652 0.170 0.187 0.018 0.473 0.777 0.929 0.420 0.313 0.625
7
0.78 0.95 0.41 0.46 0.83 0.93 0.02
0.98 0.34 0.17 0.63 0.85 0.80 0.71
9
0.62 0.33 0.97 0.95 0.72 0.74 0.67 0.92 0.69
0.77 0.41 0.44 0.23 0.79 0.18 0.26 0.59 0.36
10
0.79 0.91 0.40 0.84 0.88 0.47 0.67 0.53 0.95 0.18
0.44 0.89 0.35 0.37 0.75 0.09 0.81 0.25 0.05 0.07
9
0.18 0.36 0.32 0.45 0.82 0.09 0.27 0.23 0.95
0.64 0.77 0.91 0.14 0.05 0.41 0.86 0.73 0.68
10
0.55 0.25 0.90 0.30 0.40 0.54 0.13 0.83 0.61 0.16
0.98 0.07 0.94 0.78 0.53 0.17 0.74 0.46 0.92 0.39
3
0.81 0.78 0.63
0.15 0.19 0.11
10
0.07 0.03 0.50 0.16 0.28 0.43 0.49 0.30 0.34 0.45
0.83 0.87 0.53 0.59 0.72 0.86 0.93 0.78 0.99 0.58
3
0.6 0.7 0.1
0.3 0.9 0.4
9
0.38 0.09 0.01 0.24 0.89 0.91 0.88 0.74 0.64
0.46 0.98 0.79 0.72 0.45 0.34 0.84 0.59 0.44
9
0.63 0.74 0.15 0.11 0.57 0.98 0.35 0.65 0.72
0.61 0.24 0.52 0.93 0.50 0.83 0.67 0.96 0.78
8
0.62 0.88 0.94 0.66 0.72 0.84 0.97 0.91
0.50 0.03 0.53 0.16 0.06 0.44 0.28 0.56
10
0.94 0.87 0.79 0.92 0.82 0.63 0.59 0.64 0.81 0.70
0.52 0.43 0.03 0.25 0.39 0.23 0.02 0.45 0.47 0.57
3
0.72 0.89 0.61
0.33 0.39 0.28
10
0.54 0.56 0.32 0.80 0.86 0.52 0.37 0.99 0.39 0.31
0.49 0.15 0.57 0.75 0.45 0.51 0.81 0.38 0.04 0.17
7
0.17 0.83 0.31 0.06 0.26 0.21 0.90
0.96 0.80 0.10 0.76 0.61 0.54 0.79
10
0.54 0.61 0.46 0.37 0.83 0.44 0.49 0.07 0.29 0.63
0.20 0.98 0.71 0.95 0.73 0.12 0.24 0.27 0.10 0.76
1
0.2
0.5
1
0.6
0.2
7
0.79 0.56 0.83 0.71 0.25 0.64 0.65
0.77 0.01 0.85 0.44 0.57 0.55 0.70
10
0.75 0.85 0.57 0.58 0.37 0.07 0.02 0.20 0.65 0.95
0.25 0.72 0.38 0.55 0.08 0.80 0.68 0.47 0.78 0.88
10
0.36 0.89 0.33 0.35 0.52 0.22 0.84 0.39 0.88 0.99
0.67 0.20 0.55 0.13 0.75 0.11 0.07 0.34 0.10 0.23
10
0.922 0.819 0.879 0.500 0.802 0.759 0.974 0.638 0.724 0.457
0.328 0.052 0.319 0.276 0.353 0.129 0.362 0.241 0.060 0.086
10
0.42 0.76 0.24 0.40 0.60 0.46 0.53 0.39 0.07 0.86
0.68 0.96 0.17 0.81 0.80 0.16 0.04 0.48 0.19 0.99
10
0.45 0.23 0.09 0.28 0.25 0.13 0.03 0.47 0.21 0.20
0.89 0.90 0.75 0.48 0.97 0.54 0.58 0.60 0.98 0.95
1
0.6
0.8
10
0.82 0.48 0.84 0.31 0.22 0.15 0.16 0.69 0.57 0.23
0.79 0.91 0.77 0.65 0.72 0.63 0.85 0.98 0.88 0.87
2
0.93 0.79
0.71 0.50
10
0.12 0.02 0.31 0.29 0.06 0.36 0.13 0.10 0.28 0.15
0.73 0.53 0.41 0.93 0.97 0.88 0.89 0.74 0.55 0.62
