10 1
3 5 7 9 3 56 7 8 1 23
10 2
3 5 7 9 3 56 7 8 1 23
10 3
3 5 7 9 3 56 7 8 1 23
10 4
3 5 7 9 3 56 7 8 1 23
10 5
3 5 7 9 3 56 7 8 1 23
10 6
3 5 7 9 3 56 7 8 1 23
10 7
3 5 7 9 3 56 7 8 1 23
10 8
3 5 7 9 3 56 7 8 1 23
10 9
3 5 7 9 3 56 7 8 1 23
10 10
3 5 7 9 3 56 7 8 1 23
10 11
3 5 7 9 3 56 7 8 1 23
10 12
3 5 7 9 3 56 7 8 1 23
10 13
3 5 7 9 3 56 7 8 1 23
10 14
3 5 7 9 3 56 7 8 1 23
10 15
3 5 7 9 3 56 7 8 1 23
10 16
3 5 7 9 3 56 7 8 1 23
10 17
3 5 7 9 3 56 7 8 1 23
10 18
3 5 7 9 3 56 7 8 1 23
10 19
3 5 7 9 3 56 7 8 1 23
10 20
3 5 7 9 3 56 7 8 1 23
10 21
3 5 7 9 3 56 7 8 1 23
10 22
3 5 7 9 3 56 7 8 1 23
10 23
3 5 7 9 3 56 7 8 1 23
10 24
3 5 7 9 3 56 7 8 1 23
