100
33 3 816 23 53 -830 -800
-66 8 126 102 121 939 975
-52 -20 -628 282 301 -815 -756
-389 6 -836 326 777 3 926
-49 -66 -378 794 854 -637 -611
-10 -42 36 -656 -631 120 177
-2 11 260 -181 -134 -67 -27
61 36 436 134 178 -305 -267
-33 75 -384 90 129 38 59
49 -53 67 -215 -170 -195 -150
134 -757 815 -883 -187 -11 48
85 71 882 -158 -112 121 156
66 -86 -94 619 638 467 494
-767 627 -798 -631 245 -398 153
-65 -23 631 -92 -77 260 278
-20 81 -58 -421 -396 -113 -97
2 -60 -434 -175 -157 -30 18
-98 38 -694 285 324 788 812
18 68 -978 -660 -630 159 203
20 -40 560 -2 20 12 41
12 2 -148 -125 -104 728 759
-78 32 156 88 119 251 301
867 212 -586 -573 18 -99 973
-68 -36 -896 223 270 -499 -470
-4 -83 -971 -234 -193 -11 20
-2 -29 414 390 426 -41 18
-643 383 752 -185 411 62 987
-21 62 75 -962 -951 -346 -305
61 32 -675 -180 -138 317 346
-51 82 976 -243 -181 -154 -124
-34 69 -800 126 178 84 105
-20 -68 160 3 31 -8 2
-83 -44 936 10 30 -52 6
-862 693 70 668 936 244 818
41 -87 639 -784 -764 -363 -346
47 8 465 39 84 -467 -407
-94 88 724 -735 -698 -819 -777
67 70 342 723 762 -725 -700
75 -73 -46 -423 -409 -460 -395
-100 -68 592 412 450 -632 -616
66 44 -374 -531 -496 788 806
-12 -60 -972 -77 -60 -12 12
-88 -74 788 94 131 -153 -136
100 22 38 -58 -11 166 185
-729 507 -551 -844 -454 165 520
58 42 -448 433 452 -611 -576
-77 95 710 784 819 633 647
-41 -23 -825 -359 -335 558 573
93 -98 -172 -666 -635 -644 -600
-67 93 226 -789 -761 -567 -533
-38 83 528 -3 59 -20 36
12 -1 337 -9 17 507 543
13 3 -109 -112 -79 386 417
40 55 770 -532 -486 337 372
57 -10 515 15 57 229 268
54 9 657 45 56 -390 -346
-59 15 445 53 98 198 232
184 -540 -329 -80 887 -249 -27
37 -12 958 55 63 254 298
66 6 -120 -22 -3 39 72
207 -106 292 -888 878 -997 47
214 -353 907 -513 90 -513 287
48 13 -302 -25 10 67 98
1000 -333 -921 -671 62 -814 -500
28 -66 574 407 454 177 218
-23 59 -75 463 490 173 206
-941 -577 -488 90 137 -516 -307
74 45 469 448 466 -760 -744
20 -92 664 -536 -495 -135 -101
507 -7 -127 -482 236 -236 592
73 87 361 -167 -133 103 137
-93 -67 -702 88 134 -161 -137
42 73 961 309 351 -208 -194
-39 33 -180 630 677 768 784
-56 54 118 664 709 696 715
-46 -94 -626 274 313 -175 -128
50 -7 -109 -63 -50 -451 -435
16 88 -448 774 809 -152 -113
-36 27 324 183 218 238 293
-59 66 -183 -238 -193 -220 -173
729 249 -608 -344 262 -557 -298
-31 89 296 198 253 70 91
49 90 291 -154 -127 40 78
-990 -753 -648 -749 927 -10 248
-339 -815 -176 619 880 -908 -35
81 42 333 -186 -134 270 298
-591 6 -178 -890 47 398 445
-60 -163 193 317 747 -256 687
80 59 -934 -172 -151 214 251
-239 -138 -65 786 945 218 647
7 99 229 -93 -36 -25 25
-114 581 572 -622 -445 -334 374
-59 -27 -182 -288 -253 585 610
43 31 -862 151 174 -226 -188
27 -72 -54 481 542 189 221
5 0 -215 12 54 -120 -96
835 774 -763 -477 348 -835 523
-725 -140 303 389 596 -650 717
52 26 312 57 99 -210 -154
-8 78 -958 -962 -916 -103 -63
