5230.0000000000
3513.0000000000
2269.0000000000
4397.0000000000
801.0000000000
1931.0000000000
1197.0000000000
3995.0000000000
5562.0000000000
844.0000000000
1785.0000000000
5939.0000000000
1570.0000000000
2075.0000000000
2348.0000000000
3288.0000000000
1794.6634508349
4674.0000000000
2825.0000000000
3414.0000000000
4251.0000000000
4081.0000000000
3700.0000000000
3926.0000000000
2835.0000000000
1902.0000000000
996.0000000000
1070.0000000000
3715.0000000000
3256.0000000000
181.0000000000
3982.0000000000
5873.0000000000
2646.0000000000
1500.2821886359
588.0000000000
3876.0000000000
169.0000000000
3012.0000000000
1863.9322448980
1957.0000000000
1365.0000000000
1623.0000000000
7267.0000000000
2169.0000000000
856.0000000000
1920.0000000000
1363.0000000000
403.0000000000
1106.0000000000
