1000
585569953
117619917
256319948
656929520
217186883
172991792
330368937
129027770
119130050
946228990
266869231
962714354
852892313
181734131
319410855
585432409
669939256
384035717
734642695
844087191
806476231
626781033
71990553
968077309
324168409
236008047
421526543
501705413
217181992
580754593
586888722
876928104
805787722
690212921
16237436
644347926
568755580
655887595
90915140
782011718
22718932
467203915
844134138
86463597
857152416
98549335
752410955
625259693
207006848
436871710
244583408
429296370
566912557
229714920
109962863
100913573
46602872
231852316
828400464
852784947
430189670
687878264
299562671
324567651
589801843
940058899
264259551
805191149
270365094
258781429
815625383
385451150
624192435
666842811
83400440
59726771
629191463
883677542
917237166
773540008
763911137
150639523
133667177
819909240
646635211
991921639
756750916
526388106
561592512
734655123
308899068
908979897
954559568
209973383
234782359
113747064
636515982
442077495
660760525
917790399
789125912
152316088
288412105
134697541
656423042
26792080
779570024
541777984
673975647
420280002
926755130
538935180
65749454
45640079
175702130
246839892
404388499
607095646
556056064
627091445
495411202
59133141
904625720
740586887
910168876
898725239
737858382
322375694
597863359
659209842
153303675
376513398
320092968
353381287
11038061
309759777
387076895
985568810
901176402
849601352
280164122
558897401
186812835
385292331
516775470
505406615
712900071
350986737
724148844
4878343
54720006
878791871
85234794
30038822
799947145
937825030
878874676
915202935
123109163
999047
378231587
119746257
514772793
403375260
806306516
120047213
791210554
622337972
204503850
798889748
692356789
885463671
122018613
136367988
574597822
141482114
5984036
110811762
10864309
215053942
870293844
195529736
933599814
188732842
28544653
42250649
715938506
805177362
688204414
298603686
406312630
505369443
327602198
500969453
19144735
175930456
301696104
54784279
490859215
296195146
535919369
391531536
598748677
563392941
764098297
522292836
288593237
882835289
218311126
772079790
135788559
738487370
840752524
232994211
86977491
991479749
982838503
904556963
372756515
519475263
617478883
68964482
13117684
365369692
383476599
427005754
411886538
303272301
548365345
411294791
315066587
215204810
323285748
673195303
513373855
501072829
696237447
51549105
426009855
730818787
679800368
809413243
210077352
862117771
127547578
257402853
966639997
407241158
993782889
41679270
835332608
459373584
173608162
405304407
87029443
745441921
372440816
582857046
235697677
345419062
463508951
3625312
531776816
212100496
70930164
132329143
38836025
344237098
968442423
612487910
495047416
837814869
183069610
791627638
118864100
964252049
160598800
281230928
753459553
464541032
612277239
436046720
929581061
724336696
482454664
98459308
531416367
790551898
254301500
802487381
305917868
89417383
841931682
241557938
370094813
625286736
209030123
319476609
64276833
470757352
375676420
146318880
90511858
891466382
717451538
24620925
214038033
711824235
486419827
776333199
175729539
883546571
992801524
619131414
154819333
149301209
293374807
450660272
929833671
803399423
929124203
99111184
287269134
729844809
477614460
480454826
133418818
606605806
983847326
869261748
82056430
3155223
115276272
783617023
776467694
266361258
768043854
867982202
32267933
13944155
831743648
651357471
851365221
967572690
15810247
917305830
978586614
857911744
977011753
67898539
26703860
626303548
85581611
80767347
195713524
473709879
822429165
137572610
527463718
445735521
349818294
977099009
952861301
217153984
419636839
378331277
332461330
962628523
806254885
135003950
1452874
631252310
476126545
380815358
131049623
175349119
150847837
993798293
600690157
694242469
331936280
775069291
5322319
981319085
857839627
675434956
308304943
579899678
810928558
538082538
680502988
246431631
58971591
289732002
420329155
99229591
22727594
686300467
77895294
75488269
266236928
698803717
916230502
298918017
349856102
455298140
338745941
564372307
370996916
553229690
181721867
550349926
274124901
724397741
300043509
304124121
644733380
214116118
154408279
814546748
76411980
50700602
978589450
948540458
333626971
84915310
443824464
333714103
580515123
331213221
801549346
690110060
693430199
693060832
502079488
546224560
261506567
143336517
102030871
657052841
896401759
769818925
266065531
603578441
978086747
49852053
193074143
715793494
88070524
932119627
667145088
867580506
990354390
578577822
911193441
358151056
532631278
322245604
544519605
918960478
577094682
653440460
44965016
529706014
822152018
734213860
663116320
626371811
117626574
871928656
738309418
857749017
100686858
424157207
406537059
717994550
90061367
25089041
476824121
402101985
439158287
132246704
18030834
583273934
37367674
386151367
762656015
695808168
320188159
727034936
427920932
378837678
421657210
672266938
11332082
793740494
754411216
32160071
143000568
336589764
141516267
837579088
266667332
458744017
534178309
584509948
921417950
384971511
727437327
283061839
643510709
395423103
637157712
583770400
187323609
790198646
991139122
361752467
343529768
652310976
814837775
964651109
907288796
100515947
581595098
630536853
850344598
932641316
901875694
383024160
893420320
647659813
892516169
15383551
491126299
56385527
75662020
83446926
572728046
302207352
154220981
628969256
804741859
320520347
779196504
71022177
412444933
224641722
197706341
218122305
881835435
157883756
991006887
91214901
110760095
957749173
318951572
389502852
25896213
568618070
629653484
929180726
159907272
667570561
22731447
94313387
523144701
491726594
655660649
48114424
297237619
949617408
581978272
228042127
881003655
874757156
992348353
966880363
950718613
98208899
54805394
289941149
54686103
918817376
680176228
108464983
660491308
920137419
566697012
746676127
828244732
810143698
445834325
854695367
473137904
381812852
396453129
791254760
402754402
517105951
697772362
623170668
495997476
73906292
647610063
371136763
908527086
881231531
755532532
69791931
705929142
182328385
888495855
63573038
122486789
116010582
880095990
325455204
724110510
162442183
309344487
211925979
730295980
777003476
916768961
541832287
116328862
979281726
489493574
563757883
117302661
364843912
933101683
649765808
869332610
718647442
97951155
380546013
934204996
83142015
795953005
438574494
110664787
578207717
723339288
988290914
29697079
858920419
113750569
190052084
880599864
774156891
760338905
458016764
126224435
577416709
24640927
383907234
970698513
319632447
172242628
343973577
88625656
569515238
656879923
147939249
807755982
588967728
451633680
728099076
87940331
892256718
483475199
166127743
976447439
96265950
157277356
696974014
441969333
10379099
964572396
694573994
28442424
693630608
825392291
625969533
831952158
571499295
780748792
978146071
359741946
95691638
216406359
17788674
142996797
789034416
110987163
147908874
213579008
126444921
723608809
100999701
496424146
53193921
321809436
127704376
479464376
538643480
755745273
435440398
647055199
565524141
89685334
493958464
596729326
266012804
508026791
517473668
247192912
663743619
683661369
920941819
641146548
14818813
10623089
491886678
989217367
291463044
527132680
771270808
595706047
140477229
169462111
471673073
124990152
497842843
468283162
84785756
285946751
680250620
740160930
544170126
951603332
223516736
25550250
12279702
139770083
30000424
51027330
154580428
224010458
968925916
584202740
307052046
299947124
560034443
607401547
661703389
294305127
191637898
330832807
119873796
660612945
502636253
870189469
900240936
944479444
29936853
862542715
219033738
548605229
482105195
879075135
23538460
845169400
925032659
942839906
86650307
304542043
841785853
341114726
490170003
295211215
12576188
156455593
149857886
595497859
717825259
349707
113056773
74107708
747330513
143366652
729221971
876216983
792980268
236492475
405061733
7027850
78408000
969121838
737410740
268021018
908891840
741248266
644921701
60446507
67745371
608148272
545482781
251714256
493863379
135463049
639203212
890235162
583144503
810442124
284820759
288973429
273043587
586949095
279509829
138899433
630677928
621249898
451426931
169796354
420644615
85689765
245445339
726069857
312675360
418663645
629375348
918376609
369281479
137197955
672940818
587416381
269745118
643623173
500923214
870541925
254099593
425708680
165515720
963419989
488104584
478017098
245012307
447988316
696317386
129616975
403462084
460142688
12298502
987928756
20659659
511148164
312331499
132488448
461341877
13730317
322796361
18012203
804645206
76637656
220193219
573131282
952459768
515452437
794011221
468726554
776429661
573591902
528179655
410480329
421363367
424886431
906041511
528818384
66676709
757702142
425916108
985179665
611986702
521722629
795408093
818694025
210798277
70235791
365024540
314370578
661989763
551970765
48192065
906151678
173706790
205256773
68521575
231869106
510076482
594283895
28847752
46629619
379431869
2817170
844736701
410630378
930775492
930212977
23364587
5319183
310618662
739404303
60511394
559469439
3010749
310952258
102471808
21496835
251606369
564930817
583515879
224173732
942848682
35018440
237273945
528906437
979741505
767037078
952753877
213964439
761807269
280358683
340486633
190686565
39532379
907969767
936894180
60275229
933900264
642124405
844925354
149980613
685584840
420855907
304378359
295010963
84264746
515776033
855994877
160896821
803107263
785996833
870236382
136743919
192998350
820386912
627339728
946211519
720387296
108795731
575959453
79757775
726600585
125762754
314891386
685566624
294760878
110026436
943757241
881717653
226789103
126491994
566163667
908476737
536219039
968819237
507073665
216989212
583691543
520068575
788723580
73091243
305291439
534696340
675334680
283247737
34207811
862889610
386333422
825898043
670503014
631337623
673556410
72277996
85530169
380994890
713739171
774236973
0 1 72
1 2 82
2 3 96
3 4 73
1 5 60
2 6 96
1 7 35
7 8 90
8 9 28
4 10 88
9 11 94
4 12 37
1 13 54
3 14 24
7 15 75
3 16 8
11 17 78
1 18 31
0 19 42
14 20 82
4 21 61
16 22 61
2 23 82
5 24 57
4 25 28
5 26 46
26 27 36
27 28 64
28 29 99
21 30 58
20 31 33
4 32 8
31 33 21
4 34 88
13 35 5
18 36 87
21 37 10
9 38 52
5 39 49
8 40 16
12 41 3
26 42 17
31 43 15
18 44 29
20 45 83
23 46 7
3 47 11
29 48 94
9 49 56
23 50 96
38 51 72
25 52 74
45 53 7
9 54 92
37 55 36
22 56 90
0 57 52
10 58 20
55 59 59
2 60 34
33 61 1
0 62 45
31 63 21
60 64 98
55 65 92
21 66 48
21 67 60
4 68 92
64 69 12
23 70 61
14 71 54
60 72 59
6 73 3
22 74 16
70 75 3
48 76 2
49 77 25
54 78 58
18 79 82
44 80 28
39 81 15
67 82 3
53 83 64
2 84 31
65 85 90
34 86 2
18 87 36
86 88 97
6 89 12
41 90 92
65 91 51
17 92 10
37 93 42
55 94 19
19 95 74
59 96 66
90 97 47
93 98 81
67 99 56
6 100 5
27 101 31
42 102 20
84 103 16
33 104 67
32 105 63
5 106 19
67 107 63
84 108 24
12 109 65
49 110 54
38 111 76
102 112 59
61 113 97
82 114 29
38 115 84
63 116 60
77 117 83
27 118 93
109 119 15
98 120 14
96 121 58
73 122 38
75 123 38
44 124 9
73 125 54
25 126 2
70 127 29
8 128 87
115 129 39
119 130 56
48 131 15
123 132 53
6 133 19
21 134 79
87 135 16
102 136 96
40 137 83
58 138 4
53 139 93
137 140 23
36 141 35
78 142 43
80 143 44
112 144 34
11 145 80
56 146 21
21 147 57
93 148 70
75 149 37
108 150 55
119 151 39
105 152 74
140 153 37
145 154 37
24 155 55
83 156 4
26 157 6
23 158 47
20 159 58
73 160 59
128 161 84
97 162 48
43 163 66
112 164 33
86 165 18
164 166 80
25 167 48
24 168 30
38 169 55
13 170 13
0 171 27
39 172 18
64 173 8
157 174 93
136 175 52
113 176 82
21 177 70
153 178 8
18 179 74
123 180 55
96 181 45
152 182 67
26 183 95
168 184 99
41 185 82
107 186 91
177 187 90
70 188 59
50 189 7
85 190 5
185 191 1
100 192 72
105 193 82
139 194 98
1 195 44
176 196 31
21 197 47
35 198 37
30 199 79
53 200 69
65 201 85
76 202 64
190 203 47
29 204 63
64 205 10
7 206 10
66 207 54
47 208 30
184 209 88
194 210 92
2 211 13
195 212 78
87 213 62
14 214 26
41 215 88
149 216 31
103 217 99
185 218 15
153 219 71
93 220 50
95 221 69
208 222 2
18 223 53
223 224 91
178 225 96
161 226 97
20 227 31
144 228 97
70 229 32
104 230 61
28 231 42
156 232 18
226 233 13
194 234 87
230 235 20
98 236 96
33 237 84
220 238 26
2 239 24
128 240 95
59 241 9
4 242 57
171 243 71
130 244 96
170 245 54
204 246 2
236 247 5
159 248 28
114 249 59
196 250 1
186 251 83
57 252 24
104 253 65
230 254 28
248 255 16
192 256 94
34 257 23
103 258 86
258 259 32
159 260 66
230 261 98
27 262 33
214 263 40
50 264 27
230 265 91
52 266 80
260 267 15
234 268 7
87 269 82
165 270 49
146 271 44
122 272 69
204 273 39
15 274 26
73 275 63
202 276 23
68 277 66
259 278 89
73 279 19
155 280 44
34 281 62
175 282 36
153 283 64
44 284 71
185 285 73
244 286 4
68 287 96
76 288 17
138 289 19
96 290 80
6 291 43
287 292 4
172 293 59
0 294 3
79 295 14
125 296 42
209 297 60
151 298 93
214 299 66
105 300 77
58 301 27
72 302 90
272 303 60
19 304 64
225 305 8
219 306 27
152 307 31
126 308 14
209 309 37
83 310 54
47 311 40
63 312 62
43 313 0
118 314 66
271 315 60
36 316 1
258 317 39
126 318 17
223 319 48
203 320 87
126 321 60
306 322 56
243 323 39
33 324 87
138 325 94
205 326 14
251 327 54
140 328 9
92 329 3
27 330 0
228 331 27
188 332 62
151 333 17
238 334 43
0 335 54
176 336 10
19 337 41
283 338 78
193 339 8
316 340 82
153 341 4
1 342 69
307 343 51
106 344 62
182 345 19
345 346 37
288 347 42
295 348 75
262 349 81
129 350 57
38 351 84
289 352 45
95 353 74
313 354 52
180 355 33
48 356 55
230 357 41
20 358 22
192 359 59
220 360 39
209 361 37
284 362 39
310 363 44
61 364 6
11 365 31
133 366 5
88 367 4
89 368 66
51 369 61
67 370 84
300 371 45
161 372 50
359 373 10
195 374 46
275 375 10
233 376 20
332 377 8
99 378 48
286 379 26
271 380 93
319 381 37
2 382 41
1 383 46
53 384 83
280 385 4
114 386 47
200 387 29
309 388 58
283 389 22
95 390 11
306 391 10
236 392 60
215 393 12
163 394 4
385 395 36
290 396 25
367 397 69
158 398 91
146 399 47
306 400 22
90 401 47
76 402 12
139 403 20
180 404 70
302 405 20
98 406 15
96 407 69
338 408 97
31 409 77
235 410 79
299 411 72
206 412 83
371 413 65
262 414 49
149 415 42
140 416 20
135 417 83
262 418 47
414 419 42
135 420 65
264 421 77
86 422 58
130 423 54
224 424 56
266 425 50
331 426 73
52 427 88
325 428 27
284 429 66
210 430 83
2 431 11
370 432 71
78 433 82
332 434 75
352 435 70
163 436 95
324 437 21
218 438 72
385 439 13
227 440 91
341 441 0
216 442 29
147 443 77
23 444 0
311 445 56
356 446 21
310 447 25
430 448 21
317 449 44
109 450 1
120 451 45
184 452 18
112 453 11
273 454 22
98 455 4
328 456 27
225 457 46
457 458 0
401 459 17
208 460 19
430 461 41
254 462 43
30 463 40
254 464 80
244 465 27
5 466 92
266 467 22
99 468 8
369 469 30
313 470 69
209 471 77
203 472 36
70 473 28
463 474 84
170 475 44
306 476 35
405 477 18
311 478 84
361 479 25
416 480 17
337 481 92
139 482 20
382 483 58
369 484 63
385 485 48
143 486 52
331 487 99
282 488 37
319 489 93
19 490 11
101 491 79
441 492 26
479 493 86
323 494 80
464 495 58
238 496 67
343 497 51
320 498 8
296 499 66
151 500 45
370 501 54
73 502 83
210 503 81
264 504 14
418 505 81
411 506 86
96 507 45
214 508 60
314 509 86
336 510 83
295 511 35
487 512 82
174 513 74
416 514 85
442 515 0
237 516 59
488 517 38
30 518 5
414 519 72
258 520 35
269 521 49
519 522 44
178 523 56
218 524 20
34 525 33
426 526 21
260 527 13
151 528 29
400 529 55
441 530 89
415 531 44
12 532 52
18 533 87
320 534 44
15 535 11
430 536 23
313 537 20
267 538 41
316 539 71
222 540 66
300 541 19
462 542 45
355 543 75
74 544 25
246 545 36
417 546 91
219 547 24
445 548 16
358 549 20
9 550 46
74 551 30
416 552 7
71 553 49
448 554 73
177 555 96
526 556 46
457 557 83
188 558 52
307 559 21
62 560 84
313 561 66
253 562 30
420 563 1
13 564 53
323 565 26
196 566 47
37 567 72
453 568 93
6 569 80
314 570 68
495 571 69
507 572 50
321 573 97
12 574 44
44 575 50
15 576 81
434 577 48
365 578 99
345 579 38
556 580 22
9 581 60
349 582 54
472 583 5
306 584 27
34 585 74
387 586 92
99 587 67
209 588 49
474 589 17
245 590 15
450 591 30
554 592 72
408 593 90
274 594 33
223 595 96
159 596 20
539 597 14
531 598 97
55 599 6
315 600 19
473 601 37
264 602 95
89 603 8
151 604 24
343 605 68
292 606 6
228 607 33
476 608 99
599 609 8
228 610 23
596 611 53
587 612 37
338 613 23
550 614 1
339 615 6
181 616 6
466 617 62
236 618 15
182 619 17
303 620 84
479 621 43
538 622 55
478 623 83
225 624 85
482 625 61
484 626 3
511 627 82
57 628 19
355 629 0
544 630 84
132 631 4
276 632 30
361 633 48
32 634 1
556 635 94
471 636 20
331 637 92
57 638 57
90 639 51
87 640 2
208 641 13
150 642 50
180 643 83
305 644 31
561 645 52
626 646 95
412 647 89
71 648 44
77 649 68
623 650 55
351 651 62
269 652 42
120 653 82
469 654 43
499 655 14
73 656 90
494 657 49
498 658 11
649 659 82
577 660 67
511 661 35
29 662 98
643 663 55
8 664 87
5 665 16
461 666 92
53 667 58
375 668 42
668 669 45
185 670 6
493 671 39
293 672 40
373 673 23
11 674 74
68 675 65
564 676 92
568 677 52
397 678 1
128 679 24
414 680 17
503 681 88
132 682 8
526 683 11
84 684 11
682 685 68
163 686 9
70 687 73
472 688 28
656 689 99
653 690 26
650 691 98
564 692 50
494 693 80
291 694 33
238 695 38
77 696 26
506 697 17
187 698 74
389 699 96
424 700 94
629 701 3
173 702 96
172 703 5
173 704 2
2 705 62
574 706 4
242 707 94
97 708 29
162 709 2
659 710 14
145 711 9
545 712 69
298 713 55
291 714 63
631 715 79
632 716 29
518 717 99
246 718 47
711 719 58
259 720 82
472 721 94
259 722 70
421 723 12
617 724 50
338 725 46
264 726 56
474 727 78
671 728 48
454 729 28
346 730 25
153 731 80
532 732 47
52 733 42
651 734 13
56 735 44
470 736 91
301 737 88
680 738 26
230 739 4
271 740 25
89 741 44
96 742 18
426 743 56
397 744 12
128 745 16
516 746 30
405 747 38
398 748 8
111 749 69
637 750 94
750 751 7
561 752 1
259 753 36
308 754 70
441 755 13
61 756 6
51 757 10
201 758 84
48 759 74
246 760 27
275 761 92
66 762 99
276 763 22
218 764 15
677 765 79
118 766 62
567 767 46
260 768 33
269 769 61
753 770 8
745 771 20
563 772 16
369 773 95
200 774 45
638 775 56
112 776 91
396 777 27
416 778 71
261 779 52
192 780 81
305 781 72
759 782 61
18 783 54
345 784 24
170 785 63
247 786 68
77 787 28
235 788 68
694 789 47
530 790 43
388 791 31
416 792 69
305 793 97
301 794 82
538 795 54
546 796 88
217 797 20
649 798 86
263 799 65
765 800 25
420 801 77
215 802 33
641 803 33
100 804 7
800 805 29
789 806 19
89 807 9
377 808 28
354 809 77
804 810 84
201 811 50
92 812 45
190 813 34
523 814 6
6 815 40
447 816 61
1 817 72
326 818 97
668 819 10
149 820 4
208 821 87
297 822 84
268 823 91
521 824 29
43 825 48
649 826 37
415 827 74
95 828 27
200 829 91
671 830 63
530 831 11
585 832 54
677 833 12
619 834 49
66 835 8
648 836 93
709 837 53
265 838 58
785 839 68
461 840 65
179 841 28
71 842 11
690 843 82
488 844 24
7 845 13
758 846 99
492 847 1
505 848 25
169 849 95
395 850 27
674 851 11
428 852 74
95 853 63
364 854 19
603 855 13
217 856 19
693 857 27
43 858 88
522 859 90
80 860 0
502 861 42
791 862 55
776 863 42
429 864 41
648 865 90
613 866 46
579 867 93
380 868 7
491 869 65
843 870 38
746 871 24
850 872 4
280 873 47
231 874 97
558 875 26
639 876 70
860 877 35
515 878 69
239 879 54
383 880 87
653 881 8
599 882 37
175 883 27
774 884 56
597 885 2
347 886 32
226 887 22
837 888 55
54 889 32
324 890 10
707 891 94
113 892 35
575 893 75
38 894 59
192 895 20
750 896 93
201 897 30
653 898 73
54 899 44
135 900 39
802 901 34
205 902 95
687 903 34
95 904 72
234 905 91
76 906 54
250 907 8
85 908 82
541 909 31
159 910 75
138 911 40
806 912 17
695 913 62
321 914 37
298 915 52
151 916 10
68 917 29
534 918 49
336 919 97
540 920 61
167 921 26
451 922 97
236 923 82
706 924 24
890 925 40
337 926 26
75 927 90
147 928 44
212 929 69
860 930 16
276 931 4
346 932 0
19 933 27
186 934 22
340 935 77
649 936 65
8 937 26
705 938 43
335 939 87
345 940 22
235 941 81
65 942 27
276 943 54
579 944 84
674 945 47
249 946 72
150 947 98
355 948 32
174 949 3
563 950 30
430 951 59
483 952 29
18 953 71
808 954 83
840 955 98
244 956 87
746 957 23
341 958 58
626 959 56
482 960 71
155 961 95
3 962 46
765 963 70
344 964 3
207 965 61
584 966 1
69 967 2
159 968 27
363 969 27
821 970 22
344 971 92
446 972 48
346 973 52
846 974 42
18 975 7
669 976 75
459 977 56
599 978 96
565 979 16
384 980 24
787 981 13
628 982 83
637 983 26
952 984 48
56 985 31
229 986 98
174 987 79
720 988 27
216 989 34
331 990 5
53 991 71
193 992 49
390 993 28
800 994 29
240 995 73
231 996 82
526 997 43
344 998 47
351 999 20
685 1000 54
