-1582.3840799 -8692.5300208
8033.4952325 533.0940656
6100.5791645 4985.4658093
6881.2500955 5318.6820861
2875.3687029 7999.4144349
-4451.3322859 6709.7368257
4018.9396427 7766.3307712
-4797.8728378 6992.8012635
8453.8492390 -1617.6541367
-1914.1074825 -8096.0683436
4691.9820240 -6469.6482488
2360.9822568 7935.1606676
-7514.7139084 -2445.9867416
-1846.1502498 -7676.2734726
1276.0655752 -7855.8213100
-7888.9277144 -1952.8220481
-4165.9007235 -7040.0798966
4953.4709430 -6450.6882140
5533.1070706 -5334.3939869
7367.2440958 3204.4977333
36.7491741 8450.3266687
-7660.6119338 4440.2582071
7327.0657274 -2512.8449250
7696.7621382 1993.3903651
4762.4870341 -6504.2575319
5436.5930734 -5977.7782708
5552.9877470 -5874.5347407
4220.4391005 -7196.4262717
8493.0821170 -1759.3569111
-4743.2539499 6740.4973645
1558.1104159 -8726.2965105
1936.3267532 -8636.2422859
2310.0167139 -8528.9428245
4806.0687720 -6918.0168276
793.5131567 8653.7751792
-7593.0266050 3321.3065241
3408.5242714 8039.1246513
-980.4578088 8537.0338486
-6024.3834796 5705.6403902
4217.5358057 -7276.0944750
1856.4792131 7428.2637939
-5578.7815361 5487.0555229
-8513.3410017 -1838.9777790
-6781.5177746 -5445.4176426
5315.5118055 -6163.5121281
8052.0295129 374.0529249
-4270.9819388 7032.8115370
-5590.2321992 6036.1592438
8293.2851370 -986.9845248
3948.9137706 6868.7569274
-301.2319431 7817.2957090
96.8143920 7812.0343342
-4661.9838656 6046.0407199
-7264.8973264 -3251.4376919
-5282.7787063 -6528.0330837
7879.6280120 614.3309696
7702.9537175 1815.3941176
-8084.7403551 -1825.6569725
-4368.6785949 -6906.2527225
-4867.9528422 7000.1209411
-7572.1816979 3645.9341092
-4544.2702637 -6688.9505706
-3598.3281716 -7191.5582141
-5685.8777725 6182.9632793
-3505.8591555 -8289.5976147
7937.7369280 834.6343354
-2162.9013157 8084.5601263
-7578.2522424 -377.3964375
6723.7496493 -4424.6026285
-6006.2862929 4706.9363968
-6330.0851377 4252.1966380
-6109.2858068 -4901.4276931
7262.6920927 -4443.6662380
6935.3794795 3995.9323578
-3882.3777275 -7626.5124337
3264.6413049 -7727.0467118
-1324.7121661 7442.2180188
-2046.1444772 7303.0255206
8579.0839110 2003.6906067
-5793.8746583 5225.0923898
470.0922715 -8901.9901508
8143.1266838 -3322.0803829
449.9718076 8123.9926743
-4246.0147842 6660.4419793
-838.0985173 7671.5723490
-7479.0165027 2080.9228527
-5492.9893641 -6031.3540558
-8231.5865984 -1885.1905917
6957.5068371 2999.1263651
4918.8025458 5885.1575131
-1185.2584161 8457.8378918
-5102.6924159 6543.9551148
-7898.7099005 -1406.9351524
7597.4970400 2162.9657085
-2109.7779875 8044.2047744
-8817.2055024 -1263.9014767
-3838.5469339 -7458.4015185
7730.2086161 3022.3675684
-7902.3962821 1691.7921807
6299.9207652 -5128.8169292
7256.7300034 -3592.1248034
-5825.1515308 -5675.7841037
8543.1061479 1793.9191909
6829.2260401 5317.1451820
-5299.8342191 6070.6996006
-1863.4036948 8469.9798631
-6624.0724011 -4817.4065040
-4089.1420070 -6818.1715608
-7722.6992372 3054.6050148
3127.6673849 -7359.9697685
-4059.9066424 7040.1205531
8596.4844699 -1261.8008423
6385.9924075 6072.1026204
3674.1589377 -7525.5327631
-1336.6739868 8157.5161467
-5393.2546031 -5537.3253474
7078.5256734 -3998.8740906
1235.7190169 7482.1724021
-4660.8196447 -7200.7832783
-4175.2992514 -7502.0367715
-5242.7003644 -6684.3416340
1308.1581689 -8493.2435154
3502.3211578 6806.7962545
-4452.4377430 6286.3711808
-6210.3763549 4494.8557678
-7268.3614304 -2972.0298851
-8380.3870274 76.7589442
-7912.4000834 -2741.1983672
7672.5363959 -1734.4865204
-6344.2679539 4864.8276290
-7777.3853872 -2773.5257444
6466.2904681 -5617.8919718
-7877.4992689 956.2391919
-7523.0119781 -2844.0435602
2951.4534917 -8216.6446136
-7810.9927162 2359.0854819
8137.7728506 1925.8979571
3740.3688898 7519.9583323
-93.9375410 -7959.0592230
7556.8435976 2876.6868175
6183.2952957 5235.7258704
7714.5397543 -3516.5919105
3219.3871538 8035.8276940
-2831.7293192 -7410.7057452
-6805.3703963 -4656.4296425
6091.7111034 -4305.9600451
4234.4301013 6811.7220300
-1605.5483937 8313.8154169
-5159.5297010 6599.3054035
7991.1293762 1563.8846608
4972.9601492 -6871.2671703
8294.6121363 2866.0465764
-4747.9311086 6828.7649963
4650.4889879 -6886.3972214
-8352.7611695 -169.0327573
-4635.6081163 -6780.4275036
6425.7216816 -5284.1644819
7583.3648064 3192.8657967
-5631.3947844 5975.8544754
-5173.4703506 -7105.8969422
7607.3521146 1939.6866961
4395.5699541 6567.6497437
-5821.4316452 -5559.8541499
120.3688406 7923.5015578
-3862.4853390 6914.3507421
6356.5077266 4802.2069739
-7473.5418531 4028.8007356
-8491.7161059 1591.6984956
7201.7411330 -3837.4928796
7809.5366492 2158.9949879
-7192.8734391 -4587.2417185
-4564.7082244 6750.4474559
-7927.7952018 1153.1880051
2706.8711300 -7770.1524823
3105.7823659 7696.4369256
1970.7105092 8064.8974951
-7358.8097533 4142.6790368
-4824.9001133 -6858.8233592
1369.6029269 -8237.0869479
-8079.2004300 2607.1670118
1811.6995793 -8280.2870353
7511.6453618 -2595.5531905
6233.3199070 4302.0233490
7766.6655672 -2526.9502428
5731.5352781 5520.6204153
-3309.4729628 7414.2228924
-2213.3510195 7261.5665463
-7794.7655841 -1095.3097228
-4432.1899119 -7031.9537319
-6196.9443444 5157.2749211
-8098.6418589 -530.7660323
3227.0099490 -7846.0430269
3133.7067395 7601.7978733
7709.7153455 299.4842506
6393.3472663 4766.0115318
-5871.4040268 -6022.0632061
-5397.0127988 -6443.9000329
7708.9923094 1872.5228256
7957.8734998 -2195.8255032
2075.8255032 7595.8734998
-6802.7767644 -4400.2360257
6647.4184290 -5367.4747658
8372.5956530 1787.9742563
-7938.3200592 -334.0457528
-7876.9441644 -1463.0093825
7722.9913843 -4502.4677232
-1242.4282237 8115.0653779
-2029.7469403 7415.8437541
-4907.9565224 5828.7921692
4819.7742345 6481.8722118
-3802.0514629 7559.1049259
-8562.7173614 1369.8351504
-5840.2738508 -6129.5539286
-5740.4530367 -5325.9094103
2652.6487575 -7600.1218257
2483.7341371 8024.0732133
-1887.7213924 -8328.1810775
-1504.1389796 7827.7240819
-5006.7114262 6504.3008922
7938.5018282 -3469.3956108
3098.1530521 7702.0784425
-8192.9309955 1260.4332670
-8195.4047282 -1236.3498082
-2119.8346456 -8496.7335610
3103.8229804 -8318.0315183
4594.3495934 -6308.5802183
6638.5506692 -4167.1104717
-8086.0000000 197.0186094
1428.3218266 -8361.2241259
2749.5964210 7767.1224313
-7923.1220202 -2783.9041008
1765.5467744 8139.7321478
-950.4801637 8437.9920553
2222.8520815 -7197.4390533
7849.3129618 -2085.2338399
-788.8154961 8182.6101022
-3623.5194206 7355.6340120
5112.5024043 -5977.6320828
3131.8118530 8040.5292794
-653.9287411 8673.3739648
3779.2415280 -7798.9017381
4397.2643546 -7443.8367660
8266.5824796 465.6648120
3011.3984514 -7665.6029008
-8357.5617336 -1265.2283917
-8246.3304331 -1981.8139620
-3252.5035729 7587.7601578
-8158.8142453 -245.5240956
2951.8320990 -7596.4866297
222.1799158 8556.9979272
-2960.2931184 -7137.2990098
7550.0179571 -3240.7470322
8351.8589765 836.5253786
1953.3824426 7986.0153389
1087.2988415 8148.6824797
-2881.9061028 7137.8650890
6356.4561752 -5676.0852924
8482.1407075 247.1114526
-5789.4495395 6302.7925899
-6835.2095895 -5340.1084008
567.1597410 -8378.6034796
-2827.2693590 7325.4136711
7575.2932655 2632.0788689
5623.3241018 5596.1929383
-7562.4607661 -3451.9223321
-7376.0651385 -3814.3371434
5851.7834463 -5759.1464608
-1060.0152073 7840.5419318
-543.6355884 -8068.3592765
3859.3507942 -7130.8390428
-1389.4579354 -8372.2422392
6775.7588128 3362.1601711
-3481.8476547 6902.5708002
-5239.7447174 6808.8610482
-8101.8988846 -3034.8316135
-6608.3870110 -5447.3471579
-6695.8999647 4729.9520390
-3880.4257593 -6759.4213899
5724.6590270 -5496.6021525
2988.0991626 7477.6127362
-1012.4981122 7896.5169313
-2525.6463696 -7550.4684818
6180.3836920 -5354.4001741
4550.4258480 6726.7994404
517.7636359 8288.8102839
7751.1342896 500.0771682
-2380.4802044 -7967.1709630
-1749.2952383 -8097.3051619
-6513.2215738 -4182.0359091
-5791.9354133 -5165.8458318
-5377.5815055 -5614.0402868
-6151.9593787 5508.4217781
-8072.0891182 -217.5863144
2155.8207435 -7403.8814348
5031.1552817 6415.9350192
-2244.5186325 8229.4417949
-7282.4072429 4403.9833807
5411.5523280 -7128.5741481
6321.4988831 5347.0103728
-6577.6031253 4149.9379483
4887.1382186 -7216.0067654
3593.4787148 7226.9014282
-8267.6169334 -1114.8946628
-4893.1992099 -5871.1035051
6513.1035051 -5037.1992099
5679.1992099 6369.1035051
-7315.8681580 2857.0086699
8473.0585852 1339.1246114
1129.9988742 7833.7300159
7756.0992067 3935.8240275
362.3741794 8096.4833769
-6844.0992067 -4709.8240275
-974.2406078 -8103.2917735
8737.0113416 494.8267711
-1806.4912735 8049.3359900
8331.6219698 2358.9857785
-6883.8392213 4159.4646046
-3700.4646046 -7126.8392213
-1109.8478784 -8020.4782095
4303.7847357 -6969.3551549
7775.2190411 -2684.3322123
66.3575192 8516.2312185
-7592.3817791 -2717.8314074
8383.9053853 -2239.1789650
-5261.7417017 6152.9085540
-7784.1362690 2327.5784350
6779.9387046 -4531.5762884
-7739.8455670 2862.7982282
-3418.7982282 -7977.8455670
8036.1039573 570.3547066
7308.9688236 3113.4970999
1876.8447017 8208.5506817
-6982.1980736 -3876.7589271
250.2471731 -8562.1592652
8264.9933333 -1982.0145361
-6442.7792018 4844.9676401
6573.3369855 4396.0801028
-8021.7604556 3328.4033337
-8860.7560766 -83.2392735
7952.5264925 -1297.0475004
7776.4910865 1980.0372489
4668.3029416 -6833.7695379
6351.4938432 -5487.5892702
8329.7621400 79.0901542
3593.3910370 7268.4118270
-6453.6195930 5437.4438850
1580.4072245 7809.8987522
-4113.5060630 7165.9994335
3695.0606381 -6634.4990864
7821.4915959 -210.4774691
-2840.0562288 7956.0143089
-8255.0025006 -2419.0450922
1946.0450922 -8676.0025006
-1998.0450922 7782.0025006
-6408.8576333 5736.3229710
-8447.8044029 1391.7801064
6385.9399180 -4259.4854484
-4598.0480068 -7209.7623654
6099.0052673 4759.7582949
-4389.0358155 6432.0863445
4035.5967371 7629.5477192
-2904.3908085 -7826.2558723
5756.0018765 -6137.1531638
54.7606066 8373.9372952
-2088.8101443 8204.0990516
-7282.4903643 4630.5541742
-8072.3975102 773.1308196
1521.5555829 -7923.9390646
2268.3508984 8567.4802392
-2063.6571732 -8407.2565240
7864.4979431 -1218.3213995
-5573.9949712 -6664.7437711
8293.6140230 -452.0518364
-7827.0038234 -496.8672327
-7496.3399422 -2342.1430718
6917.9123924 -4788.6930815
8401.4815897 566.8959039
7328.1046137 4153.8759011
-7658.5960813 -2776.5319788
-1724.6294628 8672.8886554
-8164.4241261 -1018.4800857
-8293.5190483 -2719.8615014
-5002.4390589 -6793.0412016
1804.0865742 -7878.6656727
-7177.2730101 -4484.9634504
-6108.4442757 -5757.6875022
-8412.4428026 1874.6774689
-7273.7949814 4444.0316490
-8347.5808222 -292.2341209
-7483.5292627 -3439.6464072
-1792.0478599 8089.2994005
-5943.1010382 5705.8894369
4420.9157583 -7538.0100908
-7748.1910483 4142.5815157
-674.4280035 -8436.4701617
889.7564410 -8357.7682918
2529.3037473 -8101.4261315
5210.4613439 6318.6337050
3967.9760965 7146.5080589
8093.9341135 -131.5698369
5992.5345691 5189.1176341
-2912.4911103 -8291.2120735
7481.5142640 -3198.8987037
-3168.8396008 7324.5628794
-7944.1130456 1069.5698507
8225.4248913 -1922.9434975
1290.3428940 7875.1362176
-55.6305552 7936.3476671
-8587.1953614 -720.0330695
-4120.9985530 -6941.5939808
3847.7041281 7468.4662407
1486.3337094 -8131.9248296
7370.9765279 -3321.3369871
-3328.0616353 7849.0236986
-5352.4346502 -5983.6446621
-3176.6139701 -7377.0311764
-7984.4671786 -1607.2230893
8375.4832262 1490.7119688
5932.9822219 5845.6818051
-7292.4357677 -4434.2707827
529.0337554 -7945.8957193
-1878.3708527 8607.0058876
-6020.9804068 6088.4415106
-8063.2059275 -143.8130884
-7176.4491578 -3428.5419937
6230.0644270 -4683.3011272
-5155.9270292 -6401.2211297
3687.6752382 7872.7211831
-6079.0564198 6112.0316931
-5501.6565322 -6423.5554690
-337.9445923 -8629.7374387
7893.8033924 -3555.9926610
7666.6825407 382.7825794
915.1448818 7786.7995969
-1238.9104835 7850.0399712
-6907.5032245 4447.6633647
-830.1497713 -8072.4211172
8384.1539023 -1998.4785118
-6367.0915980 4689.6937847
-7061.7215617 -3310.3079453
-2264.3292549 7813.1727063
5688.3843739 -5995.8674656
-5672.3843739 5703.8674656
-7787.9539166 2243.7318951
-2456.1383553 -8164.7137238
-2840.7477780 7349.1825924
-3763.4826064 6931.3623640
-6149.7585035 -5725.6941506
1306.6882184 -8285.3780959
7649.0113258 -3602.9089591
-6193.2621328 -4934.9900850
1081.9199956 8797.5078062
89.3568535 8839.8371162
-7130.6673961 -4765.0249440
4127.1634183 -6749.5785936
5608.5440474 -5506.4426798
-4209.6464615 7167.9986123
-5008.8351859 6688.2135128
2124.0990733 7699.4425763
-8273.7225018 -1851.2306470
-6584.5482224 -5069.5254269
4930.5254269 -5965.5482224
7639.2384193 61.7164958
-2238.3752459 7773.1431100
849.2293807 -8158.2523404
-1955.4765989 8493.5179663
-8616.7894996 -1683.5872187
1906.0262941 -7784.1533630
7986.1913322 -744.7146396
-6863.5926598 4038.6143502
-8051.5871002 -16.3707393
-7450.4535502 4144.7766246
5815.3627020 -5395.8755071
7646.1731546 3426.6746358
6143.5554994 -5764.8102421
8503.2140169 523.4497716
7198.0419878 4590.5010112
5149.0525409 -5502.6575801
4508.9323125 6628.1827712
-7385.0871387 4158.4980081
5630.6546684 5881.1020494
-8196.6295858 2069.7329677
-2529.8182253 -7315.1031171
4947.4460088 -5896.7556556
6281.7556556 5376.4460088
-2947.5796561 7881.8720842
-8252.4654742 -1345.8030571
7718.6498125 2121.8377347
5363.6946767 6159.9616772
-8525.7346403 -1738.6429253
-7760.4665307 -3983.9136884
4467.1529714 -7011.3789235
8100.7815977 144.4682723
-6450.9538955 -5494.1961710
5194.5658845 -6653.4488511
-5196.1468293 6895.5864886
-5794.2803870 6409.8450434
-8458.2191133 -1259.1588555
-8204.3518878 -1704.2106153
4362.7098745 7280.0600291
-8026.4857481 2793.0231819
-8550.5784457 -426.0865401
-5449.4468972 -6319.3713963
6793.9093849 5170.8961015
-2585.6343213 7909.4996398
-4523.2572987 6845.4249556
8780.8154818 66.4861394
1963.4554785 -7509.0032848
5101.6885003 -5962.6510935
8109.8652015 867.9974157
6076.3848283 -5729.9194147
7950.7225083 -1906.9120049
-549.6300940 8060.6382734
-3611.7589478 -7340.2291069
-1137.0370532 7860.6039771
-7798.3077727 792.0286101
-1865.4670026 8522.6442753
-4473.5413372 7455.2171136
5309.7950174 -6281.7017622
7347.1033890 4297.7213939
2691.8695086 8020.6205711
-7163.7423940 -3309.5483728
2192.5973267 -8283.6215372
5536.1295801 6176.5894311
-4318.9219619 -7192.4712943
-2783.3632484 8042.1712264
-6254.9684067 -4451.4291891
-5836.4176825 -4952.7999088
69.8619708 8571.4074593
-593.5622065 8518.5809600
-1897.3731798 8255.9676304
8228.8410526 1383.0990218
7844.8051741 2632.5394768
-8148.1904938 -1603.6436999
4514.2583526 7085.3244189
-7692.7063257 1526.4240742
7189.9913619 -5226.2198151
-2199.8067866 7632.9939446
6824.8648397 -4477.7245038
7982.8367014 -952.6825153
8187.3255690 2657.1068859
7966.4791897 3240.8060916
40.4067968 8272.4104352
-3263.0835869 -7862.9591488
-8399.3892148 363.5121566
-7625.4059604 -3792.0569862
8037.6902372 -1382.7893894
8122.3392371 -766.4597925
-1125.7986542 8442.7349837
-7537.7813326 -4802.0540747
4347.2841475 -7088.5894226
7574.3248789 2146.0129760
7847.6360977 -1867.7569772
-7667.6952988 2506.2310377
-8121.2689514 -1516.2121213
1773.4456120 -7762.8779958
6254.7418962 -5253.2626245
7281.6535217 -3850.4149160
-2321.4677097 -7242.1480046
6898.9479154 -4464.0658511
-7476.0471355 -1527.1009964
7007.3367844 -3750.1513362
7242.3688743 2300.4265003
-1176.2970923 7606.9745578
-721.9622398 8441.5876430
-6247.4066629 -4608.8363411
-5496.9527691 -5432.7848782
-7569.7877069 -2896.8978466
-4718.2900170 -6422.2306960
8379.0579676 2115.3067984
7887.7831056 1141.3312408
-8813.8606832 736.5901074
4979.1309337 -6487.7184231
6517.6025186 4738.9108196
-4498.7260934 7265.8891955
-6548.9294110 5502.5769305
8208.8113876 -960.4298830
8308.8228264 685.6427665
-8319.6765966 869.8760832
-7264.1869820 4724.1563223
3950.3043127 -6855.0089466
7835.8496223 -1236.5722938
-7620.5451643 -3544.5231663
6424.1951602 5365.4392683
5286.9109349 6524.6552742
-5875.8184899 5212.0131902
-6298.4187440 -3972.1839470
3375.7336482 7818.2238412
-7487.2388730 2365.1735658
7249.9660892 4645.7768285
6968.0135910 5074.3190389
-7348.7677944 3215.1027223
-7743.8608069 2290.7208828
-3802.1027223 -7535.7677944
-8545.9799493 232.2691798
-3395.0507608 -7480.8309254
-1912.2102924 -7935.7789901
7280.3672796 3239.2221824
7069.1653764 3689.8300313
-4440.2410281 6876.3802451
8785.8421437 2021.4396269
2856.5086652 8542.9349174
-7651.0658683 2677.6039786
-8722.1072184 1681.4593508
-5740.7964914 -6457.1496644
916.3388640 -8178.3983202
1729.9312569 -8373.6498860
8418.9802088 510.5696294
-7555.1839888 1981.8471769
2229.6737461 7501.9228268
-2484.0060895 7194.0077443
-6221.5431796 4305.3392290
7397.6878399 -3424.2353332
341.8166140 8636.2201816
-7580.7357438 -1892.5330085
-8332.8684776 -1825.0765362
4044.9809712 -7111.8909550
7539.6785644 -3156.5127508
6737.4043724 4586.3065184
3349.3184755 7188.7809938
-7540.2891321 -3716.0532366
-503.9454686 8573.1620547
-7609.7025210 -3264.5692839
7625.2660843 -1924.9441424
223.8014680 8640.8079269
-7557.0831422 -3056.7483402
8564.1631803 66.3539824
3428.0464231 -7769.0610386
8083.7722898 -2528.6533400
8381.5771574 -744.4379635
-7454.1785444 2000.7729010
-7187.7023369 -2918.7909222
8640.0232559 405.5426503
1381.5265279 -8107.7296054
4955.5220377 6253.1204531
-3537.4017382 7395.3027554
4397.9144767 -7556.7995158
-7446.0658672 1278.7723068
-3641.4531285 -7455.3724948
6572.1527201 -5131.5110050
8096.8959009 181.2152074
5507.1050078 5518.6698062
7471.0737383 -2858.5859642
7705.5800891 -2009.9882290
1985.3619098 7621.6836967
1486.7616193 -8368.7828144
2330.5475129 -8154.7760169
4660.1612947 -6996.5689810
-2342.9961451 -7475.2811767
2859.3189885 -7597.1321555
-7906.9065441 262.8560321
-5246.3515308 -5855.4072141
5248.1346451 -6204.0573716
-7840.4567507 -674.4679270
2636.9100913 -7861.2863118
3814.3030570 -7390.0900949
4188.7066067 -7193.0079816
7815.8435118 -1910.1818140
5539.0182278 5460.3623601
-6214.3323803 5268.1615382
3654.5180233 7932.4402508
751.9588623 8564.6834441
1645.1550502 -8048.6228683
6767.8436945 4723.2303793
-280.8437745 -8589.8993818
6961.8798948 -5086.9885702
-8403.0980373 -1491.1932219
1580.7816473 -8347.2235198
8215.1382454 1058.3513127
-7929.9670666 -1171.4367011
-4232.8252816 -7367.7573215
1473.0386395 7808.0835272
-8071.0064882 -670.2281666
-7834.1987067 -1842.9247012
-6393.5943445 -4669.4144495
-385.2744164 -8124.8240208
7025.6767263 -4629.3342883
8525.1231761 766.6621988
6978.8867571 5013.4796387
3855.1066684 7554.7875593
-3952.2418505 7182.3870158
-584.9092396 -8163.3565906
-8265.0383928 635.3494059
-7946.3130439 -2161.4780010
4400.0148783 7596.4712100
171.7106466 8902.5634154
-8615.5241133 217.0253194
-7076.5227709 -5161.5818804
5842.6679523 -5987.4022213
6961.4605216 4010.8703177
-7849.5288195 2302.8780140
3047.9321817 -8259.1552159
7914.7025234 -3355.0701050
6356.7660210 5701.6928174
-7655.1612870 -770.2169146
-941.6254333 -7497.6412437
7761.4784977 -4174.4472165
3841.7351974 7683.7999367
-7915.5106893 631.0675695
-7843.7786515 1183.1504356
-7248.5226070 -3249.2584245
7700.8442106 -3325.5327211
3442.7983842 7526.2338429
-5910.9507894 5212.4956176
-7316.6066901 -2436.6909599
-4342.0425549 6075.2382581
-7592.0464864 -551.0153897
-6697.2880071 -4059.2355952
2498.6818756 -7498.0701280
-5464.5436515 5918.3973486
-5713.9357776 5652.0968402
-511.4450503 8577.0113314
-7797.5383090 -1349.2281077
-3104.5026938 -7293.3728934
-7714.0168467 3505.2926672
-8251.0439717 -2593.9489507
7145.8665504 3359.0829575
-7290.1664906 -4179.9300692
6334.4659402 5119.2077233
4023.5724843 6920.7199508
-3288.5506819 -7154.8517694
-4080.1201977 7052.2490924
-6881.6836837 -3832.8082278
7257.7703197 -3676.1566799
8038.3270595 -1221.2018909
3763.4180232 7500.4047101
-3338.1382067 -7434.9810769
-1263.1850984 -7934.5587338
3991.5180230 7220.0834271
7457.5740812 -1665.0515039
7023.0823326 3824.8051590
-6896.4746111 5428.1347243
-7655.0973828 2060.5414207
-7065.4914259 -3361.0941356
7347.4140381 -3802.1094131
6701.4582309 4505.2375467
-5831.3063697 5060.2631315
-6834.3177310 -4196.0996504
3442.5479917 -7905.0865272
6924.2732327 3689.2634318
-1012.0459859 7730.0902810
-6358.9068434 4378.4288571
6950.7523765 4652.0252791
-114.8198333 7980.2028588
6524.8371987 5260.9367619
-5743.0863632 6172.9310618
-7794.5634793 3332.7672935
-8330.5781600 2110.8627693
-8468.2654157 1092.8696074
3515.5692048 -6916.0913307
136.1566348 -8207.3867728
5998.0504420 -5879.8546096
3167.5830585 7840.8645042
666.1156746 -8701.7693970
-7965.7011404 1086.1251893
-6435.7172065 -5357.6708757
1668.6326363 -8517.3567074
8458.4423051 -1621.8290384
3742.5616019 7459.4963379
5570.0688945 6258.8762315
2241.2599685 8188.6324786
-318.4736099 8504.0409612
-7763.2513596 3633.3030664
-7326.4790965 -4452.3276352
8202.0289649 -1239.1445102
3898.6335712 -7789.0542051
-5049.3529064 5921.5282763
-7512.1645717 -2748.6280894
-7628.8010415 3630.6850159
-8231.0130278 1087.3712700
8212.2391704 1976.1217643
-8353.7047279 -678.3790211
-4611.7586201 -6826.4200154
-655.3900074 -8125.1894292
-2709.7412323 7594.4859575
-241.7331107 -8973.6263960
89.6542280 -8973.1205331
5302.5353163 6767.9482249
-1317.0645005 8636.8409934
5961.2320601 -5304.4998984
-8146.6051650 -3480.9201291
-527.5412710 -8517.8531379
7825.7079974 -1095.3646097
7671.7154912 -1865.3469223
6749.3367833 3649.5250128
5420.4485986 5417.2503818
-7877.1464437 -3605.9004875
-7572.4171200 -4160.5955148
484.2920359 -8143.8886380
8057.1998081 2853.4511484
-7203.9289551 3101.5625480
-4616.9061185 -6333.2308437
-1411.0143486 8163.4612357
-4368.8883650 7030.0149874
-8358.6015049 -801.1074797
7342.1438509 -3970.3580561
8390.1409965 179.1794625
-2131.8120592 8014.5990834
7948.9389541 -299.1718181
5934.5063711 5315.4512654
-7932.8056439 -2990.7260378
2812.5522361 7368.6687440
-511.7858940 8046.9832342
-8143.3862782 -3836.3155518
1140.3105592 8830.7411574
-1030.1202039 8735.0712600
-5657.2375083 -5503.6829341
-4795.4712523 6641.2441702
-6701.3431633 -5551.5754260
4093.0110526 6724.1704942
6571.0146041 5563.0569072
-7873.0279241 -921.3504749
-3995.8251440 -6656.2998090
6907.8807041 5023.3866391
-2362.0670275 7925.1924512
-6959.4554337 -3734.1355412
8222.9820585 -1685.0895334
-5341.5666575 -6183.2518705
2948.5622669 -8022.8022311
205.1475899 -8284.4396151
4263.2668404 -6934.0410430
7486.8460140 2201.8434054
4851.0924030 6693.0610683
-1002.2097875 -8048.0102130
7872.5135180 -1155.4403156
6745.3560875 5087.0614922
-7167.2421432 3970.6827875
4638.3575626 -7410.5997387
-7553.5366395 3499.2418941
4178.5926522 7615.0546335
774.4751367 8582.4226431
2990.0974061 7227.2804153
1922.2916597 7585.0531913
6033.8334295 -5473.8767503
5816.4054904 6147.4337171
5195.4418907 -6503.6066503
5852.9908270 -5943.0060303
4633.8598200 -6311.4235954
3471.2231558 7668.0294462
2689.2351486 8031.2836783
-5354.8724634 -7165.5249147
5156.6110077 -6578.7757767
7247.5245880 -3556.1752573
-7883.9854206 -2890.2808825
48.1834700 -8235.0423300
8022.2870260 -1454.4476482
-8152.6782087 2290.6918990
7650.8599927 1896.1889328
6568.3478412 4183.4932632
7280.9151731 4399.3591451
4996.2781360 6721.8134087
5223.7706737 -6559.4739294
7584.9064635 -4435.0080394
7913.6248596 3688.9704401
-2930.9796674 7662.8054903
7738.7012415 -1037.1180538
7866.9622093 63.1201610
5037.8490066 6717.8953658
-7618.8023580 2094.0288649
-7830.7992473 -1334.2809893
910.0734673 7864.2895408
7228.7161693 -5169.1196026
8062.2423747 3321.6124215
-7697.8035535 2256.3239990
-862.8207143 -8934.7651104
-8607.9116015 -532.7016308
-6269.9068153 -6337.7976677
-8129.0038058 -712.5256819
-8081.8509416 -1237.8453141
-5248.9382984 -6440.9800048
-4971.4669396 6132.8060946
7965.9649135 2595.8340468
7468.1932506 3798.6574611
-6867.7088323 -4106.4196629
-2227.3749552 -7590.8207527
7792.5216483 -2862.5084520
-4725.1690089 6620.8829984
-7722.0064432 -1166.3094456
8106.7842675 -733.4133800
-7730.8786544 -2035.5150155
8116.2938230 2223.7029922
-1357.3990876 7887.8857716
2316.3128636 7303.0775194
-7613.1488522 -1868.7611137
7270.1412950 -4320.0186398
-6923.8402216 -5301.6440694
-3208.0072312 -8281.3209278
-8005.9738196 -3152.7604242
-1663.9764852 -8073.7310593
7377.8915940 2296.4803703
2916.3448500 7228.8645360
-83.4080868 8194.7672962
-2938.5254596 7718.3176210
846.9276374 -8582.2355336
1163.7505445 8397.2508527
-4571.6486080 7136.4713918
-7887.6313525 -1419.6046610
4769.1223569 -7158.2077302
-7030.1447030 4471.7206463
-5704.8899624 -6172.1849376
4405.9320558 7339.8632229
-4896.0905922 6708.5193794
-6263.3521908 5270.5244649
3278.5264139 -7785.8360929
8324.6445802 2034.3339746
-4122.9675163 -7120.3674959
3337.5687222 7972.3345903
-7552.3159772 -3492.0171950
-378.1443926 -8387.4474545
-8142.6298120 1754.2700920
-5949.0007282 -6176.7488462
8060.2286782 -1837.9150230
-8480.5596378 1696.7566360
7116.5523355 -3271.8180042
5564.2873139 5788.6964727
6849.2841504 -3515.0099632
7608.8529310 243.3182798
-1933.7624212 7766.8274727
7806.2604341 -2961.2191887
-7177.9067199 -3951.4459161
-1447.8092393 -8222.1528434
3445.6246981 -7678.5183705
2650.6019636 7626.4852973
-4385.5554878 7155.3554483
6784.3864371 4503.5368580
-8316.4103062 853.0398107
-8382.1138497 -382.0963636
8043.6872579 2754.9508678
3315.1884134 7990.2128138
-1705.6793784 -8084.9127805
3336.2688650 -8107.2556232
8425.1848963 828.3366868
-8170.3666306 -742.8724338
3407.0235592 7140.5044554
-6236.8453086 4675.7094728
-5602.5325870 -5993.8976177
-3842.2890244 -7946.0076257
5144.5265901 -6984.6770357
8275.6973690 -600.7158694
-7856.5435305 -815.6680647
6318.1235238 -4808.6864630
-2332.8042327 7888.6042175
-5838.9438693 6182.9556470
-7341.1207620 4386.4741767
-1670.0183796 -7887.5566753
-3671.6137627 -7099.2567673
-1221.2343537 -7840.8324301
6937.6192353 4174.8335886
-4746.8045847 6561.1704988
-7870.7457082 -781.0110417
4205.7972738 -7308.3712018
5963.6787678 5150.4840260
3257.9666373 7267.4739028
-6547.6707191 5059.9956825
-6050.1833788 5915.0679085
5092.4455885 -6616.0275008
5990.7114198 -5828.6521249
8016.4046958 -369.7488919
-4809.4451690 7240.4063269
-8657.6612658 -171.1005288
5226.1420461 6326.2299836
-5220.1920804 6656.7085529
6586.1719992 -5315.4309944
-5448.3331209 -5799.4289085
911.6206167 -7759.6717526
2686.2625127 -7336.7107044
-600.2680324 8465.0631323
-7615.4632069 -827.2764631
-3464.7171811 -6766.3471851
-8325.5463667 1612.3808525
-8358.8953822 -1611.1880912
-6621.3770070 -5355.3775185
4870.7445484 6228.3208775
-8345.6127165 -691.5560984
-8318.0162161 -1149.2003857
72.8205220 -8176.7659316
7138.2412817 -4295.8639255
-937.7807377 8271.0306196
8582.5932484 76.7760951
2967.7121532 7516.9097211
-427.7912237 7956.0735478
7365.7340780 -3307.2313814
8035.9845091 456.8332635
-2597.4920963 -7978.7606746
-3605.5299347 8063.7327295
-4699.5466057 -6914.2781715
5091.4424927 6890.3218228
8024.8910958 590.1172384
6864.0122958 4223.3374726
7172.5666649 -3799.9123992
-269.6092753 8126.8874212
-2280.4311873 7892.2540580
-6174.9978883 5728.2226822
-6998.2854147 4259.1094923
-3036.4988398 -7814.2765891
3509.6247649 6791.8188587
1960.3296523 8032.6727042
-6474.4176591 5688.9343111
-8594.9434660 729.9052771
1347.0011042 -7852.1545934
7433.1554174 3882.5012375
-8199.9103765 50.4553842
6567.7368688 -4289.6346863
6920.6456737 3091.1077857
-4634.1541560 6577.0967385
-3092.3558760 -7325.3264047
-2473.3527183 -7519.9313443
7350.1527933 -2477.9408762
6758.0667960 3226.6738257
2447.1303008 7130.4276284
-4699.2861705 6469.3122889
-7678.8581778 -1725.4869636
-6262.2871747 -4582.0963840
6572.1726882 -4721.7759442
-7409.7980585 4734.7370901
-2218.0103122 -8446.8753285
7930.4481931 702.7783781
-4137.9750068 -7734.7398956
6011.9376772 5063.4608437
2064.2315453 7575.1915525
-8044.9361507 3098.2814406
-8379.2189799 1854.4955663
-4113.1313547 -7010.8570172
-1516.2235067 -7565.3472936
6269.0253583 -5070.4339433
7710.6072619 3520.0277504
-4610.5203628 -6781.0398314
3782.1240685 7889.9189813
-8077.6276597 -1941.0345242
1914.2904964 -8263.3119399
5723.7680157 -6395.1727369
-1868.6659648 7273.8996410
-7897.4835855 -900.5992575
-3629.6039586 -6769.5887283
8238.6451199 -1119.5191307
5385.9405488 -6347.7350769
5541.8674237 -6200.6068287
7882.4651823 1866.7477279
-8235.3555908 -2110.2827564
7567.3064667 -996.6875124
-6958.2787529 5084.2881999
-6411.2214723 4897.5913071
-8052.5350105 1144.9028686
1536.6794065 -8279.4210571
8027.3768512 1252.5374003
-592.7357463 7947.2703788
166.0263833 -8241.0203769
-6187.9856419 5218.6387553
-5279.6387553 -6564.9856419
-4273.0847419 -7304.5442282
2738.5010738 -8038.8048661
-4816.1737510 6319.4611141
-8053.9060955 -2616.5594339
8211.0057884 1748.2742270
4844.3349880 6369.8333603
-5206.6873104 5509.7220849
-7649.7885343 4145.1791431
-7275.7542083 -4516.2316243
5464.2270015 6264.1614889
7674.3860288 2675.0835030
7272.2271902 3628.8591144
3364.8346565 7487.0938679
8073.9741613 -2236.6248986
-8099.8834728 -3629.5052200
4390.9577122 -7565.5339716
2486.2697533 -8213.0548461
4512.7418164 -7189.6217918
3734.4986579 7300.5767336
-5879.6259182 5806.4116110
-6560.4025436 -5708.1019936
6216.4014160 -5610.2456987
-357.1284727 8472.0369638
-7200.6001599 -3541.4128048
4145.6310818 -7205.8848267
-8268.8659500 -3126.7595109
6289.8404834 4955.5382812
1377.0975337 7984.1120406
-419.9449294 8265.2371217
6887.3349057 -3798.8930831
5112.2649038 6365.8232866
5915.0046388 -6542.7746440
-443.0521637 7994.8385981
-4266.3856114 6817.1397527
7463.7153651 -3625.5908227
7038.5235708 4834.2133445
5313.0549014 6722.3376232
1990.7087962 -7631.7191553
4287.8115045 -6687.1240547
7439.6876460 -3166.3536411
6660.1697617 4274.0306744
6550.5611979 4438.1420069
6420.7104369 -5190.2992720
-8212.5534971 703.0798206
6023.2748595 -6164.2763748
1687.5770420 7967.4269966
5362.8601420 6269.9211754
950.6130228 8142.4057186
-5932.0731846 5638.7395335
-2042.3007676 -8381.2413912
7216.8269950 -5122.5159227
-3060.0504252 7510.0369148
-427.9414090 8622.7368789
-8602.7098868 966.5225157
7274.3741421 3516.4155243
2969.6171026 8405.5591055
-7989.8585456 1722.8355328
-8040.5844291 1336.6299763
7699.6698469 -3131.7807307
2366.0770447 7643.9964667
-3894.3440277 7005.9969926
-7450.5671667 5035.0243598
-6004.8088084 -5855.2829613
-536.5483065 -7967.4096143
-2182.3123296 -7647.1239789
6953.0261736 4040.6466608
-4319.6835007 -6885.3020896
-1128.8338561 7715.1682097
-2936.9362636 7293.1833998
-5636.7262850 5683.1735355
-7793.1264867 -159.6716695
-6760.8807468 -4250.7218778
-3334.0656765 -7546.3815898
5077.3008928 -6290.4082242
-7819.6237168 2736.2621354
-7966.8524276 2193.2099801
8280.7463741 -1286.1395726
8209.8850012 1165.0132342
2156.0783433 7783.7975841
6825.6134319 4422.1269134
-6077.8746769 5865.9676503
2846.8902332 -8063.7441019
-6543.6890875 -4646.8064125
6305.3644641 -5203.9718672
8296.0176536 -526.6286823
4743.6856813 -7374.1791686
-1656.5463360 7676.4838907
-7502.3305106 -2395.9299738
-2046.4109960 8163.6348432
-5348.5040331 -5542.0381758
7628.1169055 3108.3645271
7902.9946694 -1739.9200524
7981.0085265 505.7532368
-4017.5692102 7337.8244455
-3527.4736702 8151.5081260
-7837.6821424 -3280.2851075
7202.5909051 -3212.7700270
6856.8467250 4797.0308213
-2673.8513623 8237.2992255
-7647.9785264 4225.2714174
7377.0069005 3326.6158980
2800.2790862 7679.3252913
-7199.7863174 4162.8115074
3557.1202604 7080.4584730
-6177.6117985 5214.3646556
3840.1291720 -7262.5534668
550.6010189 -7902.8932096
6722.0540173 -4729.8304551
-6194.7761757 -4805.3623924
7851.9070381 -1790.0580075
4011.9331107 6891.1590699
-7162.4177250 4062.0931653
-6752.7726623 -4888.9675483
5833.6864413 -5646.0671770
8018.3474355 1456.3978062
1384.4758966 7777.4630292
133.1219671 7849.6648325
8286.3355685 -2649.3665239
5469.1642493 6297.8323804
-3120.8870342 -8028.2840146
-2082.5915709 -8365.6872430
-7829.6420938 1866.5601048
-2822.4238953 -7451.9034414
-5111.5984239 6671.3988906
8671.3921773 -533.9876784
-7660.4312092 -915.8530433
-809.8421675 -7961.3121711
-7048.2014699 5007.8774125
-7750.4592130 3765.0444058
-6976.4077065 -4561.2533854
2305.1245693 -7748.4635006
6506.4671219 5350.8515546
1489.8255350 8384.3700273
611.6277380 -7727.3808192
4235.5270579 -6725.0527198
-5936.3681702 5658.3206066
1098.8852722 8606.6987654
-8602.6949281 2266.2317966
-151.8045661 -8093.0403467
2980.3292844 7602.7139721
-5120.0415512 5939.6180568
-7757.7766649 -2378.0474582
-3273.1841236 -7028.8219781
7871.7044830 -2166.7190273
-6789.1444063 4493.0371200
-4324.6663607 -6849.2373031
4658.6806332 7330.5845311
-8337.9949033 320.2500722
-6216.3335618 5269.2528233
-2451.2960496 -7839.8070349
7302.8386880 4549.3109333
1367.7498985 8325.4090806
-7046.5777660 3686.7396118
-5473.9583746 -5650.5477886
746.7280399 -8297.5664393
-7688.9169330 2434.0712135
-8065.4806811 252.0180737
-2106.1738540 8075.4173631
-2025.2838591 -7370.7820020
8371.9702667 -756.1853921
-8104.6389720 -1727.4059921
4911.4169949 5926.7698059
3817.5487821 6671.5008932
5336.8495939 6329.3720065
-6818.5582331 -3983.3263771
6981.5563515 -4866.6774169
-2344.5195491 8664.1519366
-5362.8473874 -6398.3445554
-1732.6542924 -7940.7329720
-8858.9750726 125.5794871
-1972.6224669 -8236.3043799
7706.1489945 -2547.8701827
-6458.6667521 5289.4387954
-7943.7950657 -1447.5307898
3646.7042219 -7339.9006193
2628.8644164 -7891.7529835
5098.1187734 6724.9140518
3195.5952178 7829.3352216
-5435.7329881 -5409.0479453
7134.0779839 4410.7965684
-3034.1394558 7594.7482700
5059.9003745 -6915.5484471
7215.3063759 3892.1163542
6658.6107991 4712.7281086
-4297.6408466 -6662.8627768
4839.6408466 7322.8627768
3969.1991877 7819.7217417
7530.5703229 -440.6051494
7334.2730767 2420.2921313
5859.4905663 5416.0140723
6952.9252016 -3184.2981477
7262.1404197 2413.5429001
3685.7407946 6922.5098243
8678.7542908 -1132.1661051
4339.9369666 7410.9060321
-6229.8735487 5296.9772568
602.2306433 -8068.5841517
7487.4650560 -2162.9185455
-6445.3330130 5741.7320205
8432.1474666 1878.8569219
-3693.9126560 7437.0111974
-7788.5341531 -2946.3167249
-1770.5008964 8559.3221648
-8296.3221648 -1139.5008964
-5448.4443204 -5925.7844775
-7660.6928489 -4766.2639262
-5595.4006319 6161.5968761
-6454.9734522 5379.7647080
7472.9889214 -4011.6709871
8253.6725092 616.4962630
4210.3507150 6864.1536567
5929.8737126 -5314.3050208
7492.3656276 -2670.2884556
2458.0627508 8054.1681187
-7781.9051244 -2895.4608943
-1857.0970062 -8080.3346708
7152.2303539 -3350.4699620
8482.1935416 1195.8331931
6724.2467994 5208.1168000
-7595.8338993 3508.6873039
5436.8977270 -6529.0567842
-8214.0012679 -1325.6942915
-7827.0906005 -3026.5641841
4693.6297242 6847.0274853
-8353.1204756 1997.6626025
-8452.9325715 -1004.9506609
1506.6978809 -8126.7983941
3895.6744877 7505.5102106
1322.9222773 8315.1842790
188.2836805 -8091.6746745
8258.8666432 -1975.0026150
-7648.5104037 -3027.2542693
8334.2526567 947.3721054
1040.9926503 8210.6955826
-7371.8249952 -4274.4704558
6769.9024177 4568.5629635
-6430.6759058 -5973.9797744
-4853.3605071 -7334.6855943
2914.5548117 7512.9275044
-711.0680316 7824.3178074
3339.1389665 -7714.4236361
2642.4323553 -7546.5456193
6110.0200314 6200.3243347
-6985.6538716 4421.6623664
-107.0137526 8822.3962151
283.8104316 -7936.3162946
4528.9219282 -6374.5700822
-4097.2886636 7270.4633449
-7471.2052303 3509.4814963
-4226.8951668 -6964.9092088
1921.4517425 8456.7529224
8121.9796110 -2227.0359236
8397.7529224 -1188.4517425
-7912.9255671 -4295.8053165
7965.2090293 -1290.5190895
-2209.1717741 7751.1407428
434.7895037 -7818.7673761
7976.7734523 -143.4832683
4971.6085538 6713.0162206
298.5425875 7948.5595899
3858.0978896 -7433.3998367
4126.8322571 -7302.1064462
-8150.3923013 790.8718894
5947.7645044 -6284.8865694
6615.0934043 -5621.7639101
-5178.6908882 6006.7572472
-8081.7902499 -2295.4464646
-7920.9608752 -2872.8304461
7715.7571568 3519.1053734
5878.8416050 6300.3727292
-4111.2118215 7635.0109685
5505.3498585 -6362.7371668
7900.6915859 -3560.0180110
-287.4034901 8822.4204707
2418.9659695 7767.1797261
1612.6700209 -7933.3929051
6004.9596948 -5756.6225075
6714.0618549 -4298.3769408
7097.8916152 -3633.9966592
7937.5781895 1581.1903535
3121.7525377 7783.6595616
-6982.4088439 4557.3047503
-6252.1027934 -5428.6946189
8171.9991356 1876.6680939
5071.0385686 6587.6496613
-6354.4967140 4836.2813287
8403.8223786 714.1593733
3734.2917958 7888.6608271
-7758.3172971 3078.0637583
8504.8853277 -1588.0212991
8750.5179656 194.9254093
8634.8709482 1841.1863435
-7574.0951178 -514.2806969
7612.7137186 -3428.5129712
-6684.7137186 4120.5129712
-6678.9923661 -4116.1124327
7552.3272710 -3469.0653494
-1085.8548297 8561.0236956
-7836.5450509 -447.9682463
3683.3079380 -7545.3917324
2598.0605747 7382.3848389
4701.8081392 6929.7148082
5910.9796615 -5937.3915297
6789.8107680 -4963.1835747
7888.9679132 -388.1206791
-3855.6774320 6914.6548952
-7284.0539486 -4571.7254163
4603.0858993 6644.1109089
2793.3842657 7631.9542768
-5433.8713395 -6678.0181148
1121.6779519 -8001.9405936
7626.9081819 -1828.7129580
7834.8369570 313.0889462
-8114.4130068 2457.9789985
4209.1628202 -7130.6260982
-797.8522702 8437.4446188
8111.9307221 -1275.2373851
3565.2670884 7784.4477943
-7720.2725030 117.1086564
-7114.5242958 3710.6576474
-7801.6537899 796.2283832
7595.2062924 -3480.2160794
-4287.4345372 7452.9831600
-6609.6503374 5660.9570893
-564.9632981 -8471.6796797
-4078.2240529 7407.7352386
-6885.3558730 4972.2495485
-7081.8564072 -4504.6045597
8356.2980337 -2199.4170802
-6208.9608625 4710.1792285
-7492.5459327 2473.8286343
-3628.4854940 7710.9728918
-7098.3965938 -3323.7212046
7809.5297706 -2769.0530757
-7594.6848426 249.9655707
7620.8233913 -3974.2607405
-7249.1340867 2016.8822124
-7681.4259782 2135.5682678
7968.0732155 -2854.0073939
6229.4174933 5572.3957831
7642.4726361 3197.2318514
-7998.3084390 1920.3015305
-8078.0469950 -725.7148369
-7943.2559950 2994.8064573
-8646.4841548 -425.0881605
6014.2862735 4773.6849465
1104.1741274 -7897.2925299
4768.7707770 -6568.4462215
4075.1034135 7554.2047029
8321.1702290 1400.3212733
7709.0259442 3569.6131909
-8180.9566849 -263.7805304
6457.4491716 -5264.0182025
-6466.4679200 4922.7913127
-1025.2463752 -7863.8744211
-8319.5606460 628.7274267
-7544.1041017 -3011.1244116
-1337.7087198 -7642.8375025
-7600.2807357 -1201.9086819
2295.9545633 -7765.3353667
8540.4083869 -19.8339062
-164.2590279 8475.9112000
-7227.8069222 -3354.5392433
3696.7966358 -7536.5517564
-2784.4207333 7702.6483567
-8058.3054402 2272.7399123
-6820.0733469 -5323.9620209
-5750.6859296 -5820.5206593
-2664.3167038 -7778.7226841
-7626.2981626 2649.4825145
2161.0385773 -8258.2925865
-6341.4847592 4949.7504240
-8338.3328023 -717.4764450
-6625.8720233 -5042.4673247
7537.9644242 3334.7727975
-5331.5514151 6496.0371350
2778.9884393 7343.2532422
-8102.0365847 -2219.2277640
4587.6900472 -6394.8587310
3897.8682957 7198.6276264
-8417.7246590 -108.8452601
1809.3112543 -7616.6434918
6233.7848845 4937.2740481
-6290.9658212 -5495.9772185
-4894.9186819 -6759.7373668
1373.5452775 -8388.9566772
7313.6164041 -3923.5684711
8127.4233766 887.0335675
-684.6375899 7964.7768827
-7495.6247014 2981.0293548
-180.0806490 -8127.6941625
-5748.3718326 -6064.4986797
-3948.3080450 -7252.3263283
-6276.9125190 5883.4127203
-6272.5832486 -5398.5343410
-1549.8418557 -8177.0549813
4584.0735582 -7009.1101135
890.0894988 -7881.0806950
5124.0587738 -6032.2208895
6931.2117837 4917.7678364
7297.0012430 2620.6367836
-1678.9339342 8227.8039176
-7350.0389758 4370.0988737
6695.1740700 -3816.0160320
7087.1354579 -2992.2903673
2532.7632448 7537.1591232
4399.4266844 6575.2617164
-6561.0258339 4193.1841878
-7572.5086389 2182.7249726
7808.2107721 -723.4973760
5111.0114420 6587.1008488
-8646.4962153 2194.8702788
-4878.8813474 7254.7504013
-8357.3080843 574.5627087
-7567.9014121 -3080.9251413
7178.9954079 3927.6428576
-7824.9904122 -2363.6369879
-175.7931436 -8148.2367404
7621.2249699 3096.7105041
-3591.0356799 7199.1782132
-380.0526927 -7848.2464757
-7891.5393086 2611.7961361
-8209.4697335 1447.6607617
-8100.7865497 -2277.0893307
4629.1205110 6792.5180390
-4578.4913409 7276.6473501
-8378.3939362 -408.7339057
-8142.3704806 -424.5841333
-7174.3846442 -3711.5865168
1119.5032451 -7792.4114640
-7424.5961451 3216.7027482
-7618.8530910 -2688.0899055
-6835.2779335 -4305.8914978
7398.7990177 -3005.0562670
-6219.2324662 5383.4300625
-6657.5034439 4758.2785361
-4124.1219319 6802.4272923
-8127.5912531 339.3281179
-7879.8808484 -2575.4045529
-8248.2403482 1115.0624503
-3603.5069025 -8104.5481815
8359.5290900 1477.3630043
6196.1006642 -5067.2071713
-8534.1356390 -569.4914709
-4089.8434052 -7304.3633364
2098.8425277 -8323.6208164
5407.2141810 6289.0877956
-7093.5728963 -4533.3192545
5767.9046637 -6025.1239056
8278.6510911 -1888.6711104
2183.2428930 -7954.8862830
8335.5883424 -382.2012961
5634.7170653 6302.4500424
443.2742870 8352.4052293
-6101.6227511 6074.5412609
-4009.4230212 -6797.3794015
2221.6806275 8659.3000823
8044.0084272 1852.3988942
-7298.4723963 3156.4840555
-3682.5804047 -7393.0088403
6604.8734575 4979.4258102
4157.0719675 7038.8491979
-6415.6392376 4313.0413145
7423.5062016 -3346.1769882
8072.0719991 -1536.3079646
-733.6733446 8638.4472720
6987.5409277 -3781.8393734
-2939.9137570 8198.3083418
1435.0251096 -7703.8451928
8268.3605949 39.4685905
8251.9902445 670.5688875
-6572.2211657 5016.1679000
5331.3763385 6294.9551704
-5194.5645895 -6274.0765546
-1396.6754312 -7838.1763676
5746.7722322 -5518.4027121
7697.5562643 -2447.3945492
7300.7992524 4062.5771428
6733.4932360 4703.2482120
-6567.2486150 5449.6523627
-8504.0484805 -1357.7295709
852.8489110 7737.7829627
-8171.6177177 1841.2044015
6460.2077254 4322.6798481
-7810.0868325 -3919.2091390
1624.2420381 -8092.2628368
7851.8183970 -1993.8135811
6757.9329752 5602.4940654
-8087.8428282 2060.3840047
-2286.1823771 -7768.4490720
7702.2157118 -2581.4775716
3291.6289561 7316.4005163
42.2551945 8078.1357831
3305.4074829 8015.4319564
2874.5642718 -7261.1446157
5128.9238778 -5930.9561936
-8339.3270017 -2242.0647790
-7102.1953945 -4703.6584937
-3589.0994284 7948.6600637
987.5639869 -7797.8994085
6931.2463495 4280.0597979
3075.4197305 7584.1628818
-5043.7406810 -7166.3023678
-943.4747406 -8680.6776008
5094.6019415 -6733.7062030
-7565.2641701 -2716.1639532
5956.5016465 -5627.1201949
6219.8916845 -5362.4122387
7653.2236471 2921.1568015
8132.5178842 421.6373514
7979.0802230 1749.8802393
8450.1027978 1944.4695241
2054.7448634 8360.2008716
1312.3047970 8493.7534821
-6231.7223183 -5621.9510459
-4059.0888674 7205.2251108
-8239.3254308 1865.6790643
-3051.4542932 7386.8503920
6684.7023484 -4617.7670989
7668.7095185 -2578.3242134
2687.9945355 -8304.9715933
7756.3134326 3661.2607851
665.2907789 8062.7507288
-1336.6097500 8409.5692852
-5384.4409332 6432.8787996
5859.2402048 6328.9509332
-5238.8654917 6281.3985350
-6689.9194946 -5253.4916538
2481.6702482 7478.1649351
-6374.0147228 5360.6780440
-8601.9568335 -271.2313210
-8572.2793179 -999.7691961
-5773.8914677 -5501.6324175
-245.3993724 -7896.5819130
2498.5463597 -7532.6826457
2367.6153425 7830.8118976
975.0615169 8057.1183969
-5704.5544703 -5303.6974093
-2563.9411937 8166.2184415
-8144.7492247 1172.9879406
7993.1204413 -906.0361801
-3143.3793509 7287.2984288
839.4141263 -8384.6575831
6836.3830484 -4080.5088420
-7283.0512802 3489.1137973
-7693.1311232 -2817.5147609
7373.6064834 2642.5801502
2459.8058669 -7675.6914703
2032.2234167 7546.6214302
-6833.5666305 4388.0917015
-4779.0341148 -6462.0126426
-1107.1325668 -7795.0991830
-8274.3048379 1160.4757164
-5125.2152050 -6596.6651483
514.1285667 -8534.5694458
8009.3659210 -3524.8338591
7227.5078402 -3307.6448027
-7122.7348062 -3508.9198034
-3550.2576743 -6908.5654696
-3303.3422685 7096.4480322
-6074.5236735 4718.5083465
4773.9525750 -6794.4565284
-7927.1662586 -2185.2109125
-3784.6354188 -7383.7867348
5823.4939063 -5775.1714203
5085.0557919 6691.4004316
1246.2213651 8417.7389990
-2249.0562002 -7785.7756091
-6664.5023737 3426.5718125
4685.5654060 -7408.2286627
6541.7247389 -5860.9291627
-6834.3734819 -5527.0276952
8116.8254496 -1525.5464533
-343.3618843 7869.2629450
-6784.5957282 4915.5404771
7706.1940885 -1625.1255989
7843.7561235 331.0238296
-7019.7938931 4557.3906933
175.1877764 -7690.3863573
4536.9517408 -6366.7084302
-4865.6367692 6607.1653661
8636.2257905 -190.1292363
8637.6095452 737.5994336
7096.0830756 -4877.6927389
8514.6322351 -910.7554476
5314.6575385 6480.2150070
3188.1924429 -7759.0302870
-632.2653081 7942.8568526
-7418.3203264 3937.5798137
-2675.3762523 -7941.4903052
7705.9498822 -4009.2643706
8201.1169358 2560.8244754
-1622.2025453 7484.4134725
-1615.3060431 -8444.0819120
7671.1625045 3116.2015149
5523.0431100 6613.8609236
-6556.2241551 4357.1411124
-7644.4197516 -1154.1329063
-6462.7965386 5343.6276952
-1653.7471891 8078.2939201
-3230.7881678 7623.5544989
5005.0674996 -5911.9459574
5648.3764648 5415.3856714
-734.4986925 8166.4932786
-558.0852281 8535.6762403
-7515.5340534 2942.4302891
6520.1476536 5581.0011235
-2711.5015456 -7977.3015498
8522.3626550 -2273.2497088
3087.6839332 7653.5442874
5728.3167182 5676.9738464
1840.2092045 7905.7777977
-6415.8792565 -6047.6294098
-8219.2369932 1840.0672150
6030.8145042 -4980.1380327
388.5159749 8525.9198346
1726.1804213 -7557.1561387
3423.5860655 -6934.8132564
-7099.8468074 -4145.9460038
-8226.9223842 -443.4924382
-2007.3919685 -8129.9224984
7814.0146531 -564.8497447
1678.8710616 8602.7286124
-4465.7109830 7648.8619113
-8622.7359881 -448.1729839
8081.9446992 1971.9058330
7823.9450307 2965.3840893
-9.5621283 8740.0452976
5896.8537954 -5623.0175329
6055.1896783 -5462.6362285
7802.3196422 -2725.9266543
-6740.1231943 4448.7791552
4596.1555114 7143.9677929
511.6667392 8328.5125118
1579.8593234 -8454.9413156
6936.3377697 3125.2557326
-8591.5100321 793.8160595
-6410.2470777 4663.2756949
6236.0312114 -6328.1295562
7036.1335544 5035.4346565
-2834.6152892 7981.3502343
-7081.3768842 4538.4758902
-7770.3161182 3141.2662304
19.2659703 8244.3923241
-8360.7799797 -2121.1127194
1537.3368001 -7900.8438103
7617.5717519 -981.4971562
-1063.8239990 7942.0531288
-7962.9354443 2975.3281332
8311.1525858 -2315.8340330
-8058.7109371 -1888.8949819
-7516.2651069 -3495.6111510
7406.3738851 3554.4592981
-796.3888706 8054.8882526
3096.9820027 -7844.7616577
-7794.3912976 -2160.6605187
5784.7950704 -5390.5201514
8018.9725082 -253.9282100
-3670.9584464 7203.1122941
-3855.3199674 7095.5159957
-6821.2428314 3951.8049614
-7847.6935889 1221.6912485
214.3328090 -8404.9607154
6621.7491691 4796.4840943
-2080.0421092 7959.1259792
1505.8940147 -8478.9326840
6089.4667906 -6320.3489959
5115.5705538 6143.6454194
-6035.5594694 4550.6827376
-573.5106820 -8494.4240290
-2973.9396956 7774.1046919
-8570.0931511 1106.1225123
3987.0437945 -6875.8829193
6805.9637444 4617.2084442
824.5695434 8327.2374761
-6312.8780320 5421.3954944
-3807.6750749 -7078.5864079
4953.6168137 -6530.3571620
4377.7850467 6923.1718829
1662.5238248 8378.9957209
-5517.5962112 -5986.1034070
2814.5859537 8051.9634803
-6606.3370000 -4885.5998682
6074.1743241 5334.3753137
2614.6808203 7403.4129409
-2958.2047029 7544.6468329
-5304.9566744 6051.6540758
-4080.9899380 -7059.3223902
-5709.1588401 -5844.1869789
4290.6290635 -7705.1660760
-111.4700922 7674.8634156
-8275.1728554 1578.1888865
6211.8327472 -5215.2929078
7119.5154617 4786.1273542
8301.0483487 -158.3196678
-157.5223958 8483.0812663
-7636.5446544 2626.1291930
1442.9743439 -8460.0787329
3235.8936417 -7831.4766512
-7085.7616442 -5099.8417869
7803.4355820 1429.2724600
7665.9489812 1929.0432666
-6379.3428747 -5299.6071727
4235.4606160 -7097.1525182
8183.5582905 256.9604353
1815.9178728 8006.5094623
-5000.7443153 6838.0456218
7794.8527383 -2015.5487318
8057.0889745 517.8039798
6716.8428957 -4680.4175450
6842.6857593 -4510.9867076
7081.1059222 -4162.7061432
4610.3743252 -6631.5410752
6184.8266089 -5139.5999263
-5298.1096829 7135.0693346
7960.7459355 -1065.5432378
7728.6659435 2152.2171970
-5854.9404218 -5914.3273371
-4847.4893403 6516.4030678
-4564.9564655 -6979.3336670
7786.5251077 -3730.7110067
7684.0832857 -3031.0922516
33.0949045 7950.8504797
-6882.0095557 4752.1228492
6992.0973654 3595.0194807
-6818.4904617 -5054.4565072
-951.8994942 -8230.1105630
7663.8112106 -3362.7469377
-220.8410276 8512.4838582
-3002.7661556 -7779.1502208
2494.1275547 -8001.3983879
7816.9389343 2738.4135578
-987.4735010 7746.0812862
1181.8507089 -8046.0830338
3594.1173293 -7452.6025522
8641.0225512 -500.2776196
-7674.8393208 2932.0090654
-2922.1285852 -7838.7968608
8461.6996511 352.6448247
-1574.8941567 -7823.1084575
1721.2960705 -7776.0521977
4478.2371805 -6615.9004373
-5505.9434417 5683.9071930
-2614.7352970 -7579.3423471
8014.6857588 -1188.1657628
5048.5903088 -7048.8572704
5527.7567131 -6674.8370015
4611.9737770 6348.8280067
-5393.8256930 -6229.9287326
3505.0439309 -7871.3889256
6172.2142341 -6095.8041118
-6551.4362951 -4292.6895415
7528.2295652 -2259.8356548
5989.5744250 5730.5760630
-7459.8254678 -3161.4520835
1096.3898679 -8666.3206307
4767.8743304 -7501.5962964
-8049.0406189 34.4361198
-7341.6849603 -3509.9239842
-6537.4793855 -4912.9526000
2079.7970596 8039.9159717
1274.9377294 -7524.0139301
4918.3914486 -5758.4673588
-6982.3668178 3622.5805233
2187.0055629 7729.4872318
1986.2647439 7773.7725749
6237.8794286 5103.5544690
-6531.9460703 -4932.5818284
3946.3552429 -6985.9208528
5668.6911412 -6230.1799736
-1730.9041906 8253.3668790
-7232.6879102 -3980.2743291
7262.1960251 -4081.5067740
8403.3015751 -1488.6440989
4662.0639992 7551.8709500
4037.1306865 7784.0668222
1190.4195640 8629.1399452
-5836.6815005 -5420.0919524
6240.6306823 5528.9780351
4536.1901458 7042.6261268
-6258.1737767 -5890.5569073
1386.7634645 8344.6474526
1432.5624594 -7885.9921902
3805.1044986 -7039.5177981
-7176.9886857 -4035.9578087
4894.2133873 -6677.9109633
6995.8636634 -4491.1361496
3900.3786899 7966.4996101
-7995.0059168 2015.1920281
-1733.2402483 -7740.2012214
3858.7283028 7646.6141212
2648.5030569 8147.9784344
-8179.9314251 -160.0906867
1456.7784685 8106.1442149
-4362.8876491 6738.2407404
8314.7143501 -2783.2147539
7197.0494078 3843.3014264
-7320.7744053 4448.8415393
-1730.5240639 -8094.7871693
4082.0391739 7288.6837297
-4650.5494356 7398.6578919
-7794.3363110 4131.8608769
-8133.8009020 1852.3451712
-8220.1643057 1474.7013897
-8337.6939549 709.1100294
-3276.0673312 -7683.0363444
6884.0860337 -3621.3127307
-6969.5279962 -4799.5026887
4110.6526043 6991.8582402
-4115.0808398 7581.5553746
-6300.6952830 5979.3280625
-3800.5068110 -7009.4491707
-951.7048686 7914.8847276
-3165.3190647 7271.3338320
-4019.6768630 -7068.1795814
6350.7165703 -5365.1801440
7653.5579192 3683.3477154
-4009.0432451 6623.9410292
-5527.8310501 -6053.8083979
2606.2752222 -8216.3923312
6412.7627618 -5346.2811471
7621.6602343 3823.6858166
6537.8724775 5416.1028721
-4794.3472498 -6237.0256283
1942.4475582 -7834.7919161
365.7280314 8205.3866517
-7634.1791339 -3514.4840895
173.8198701 -8609.8246376
7353.1474342 -4244.0088400
-7211.1979524 -4279.7118358
2013.6297811 -7878.4683317
5207.8431292 6370.9346592
-7454.3616825 2450.7411226
1610.4156903 -7946.3620441
4376.7011640 6922.8338559
-5051.8052904 -6850.3093358
3510.3893682 -7667.1082551
8025.7193392 -1921.1368749
6438.0240359 4922.5654954
-1934.0332078 8412.4509510
-3830.1219608 -7663.9608717
3893.1422026 -7259.4793379
7866.5583434 -869.9381096
7438.8441306 2633.3068363
-7457.0041027 2370.5116359
-4999.2239592 -6024.2910337
4056.8198908 7112.8942265
-2471.3304498 -7967.5239696
4950.8224935 -6964.5161339
-7748.1957101 -1329.1267483
-5070.0846670 -7251.5821487
7715.8890070 -141.4831104
3541.8010944 6689.1112459
-4914.1982092 -6356.7575296
5423.5035728 -5706.1038762
7751.9966300 -1401.3943177
6652.8124260 5552.2840282
-4485.0141981 -6465.2206678
1091.4466517 -7930.2869014
5044.2928494 -6210.8460313
5571.8864782 -5797.2245467
-3369.9910283 7839.6695138
-3813.3113822 -7862.1560210
7557.5449241 -3206.2089843
-7903.3928284 2646.0806567
6570.3814634 -5799.3512276
7831.3994230 -3919.9371748
8507.1581119 1656.0138005
-8634.2335415 731.3513179
6548.1904256 -4272.8900201
1885.7820817 8343.8396824
-7226.8806991 -4063.1547659
-7094.6069126 -4324.9136904
-6180.2442185 -5709.5906979
-7444.9984002 -3275.9505077
-102.3466134 -8427.6845179
3719.9603579 -7596.9420321
-897.6029795 -7659.3388999
4719.3455319 -6331.6784586
8240.5156947 1272.0805170
-3042.1741538 7379.5122159
-7829.8748687 1060.3296355
5005.5531813 -6319.3198632
256.0369710 -8457.5113083
3770.8517884 -7425.9752609
-3369.0466756 6961.9257285
-3531.1733351 -7711.7783374
-720.9752936 -8562.0918723
-1541.9838256 7796.3258059
-8505.3436988 -1203.0516161
-8165.9581270 -2418.7103483
2126.5859611 -7705.7037516
6742.0000650 5873.8240070
-5964.4721899 5734.1042475
-7943.5137517 1201.7098325
-2858.5019000 7911.5543739
-6696.4216549 5061.6779092
-6377.6097353 -5056.5041447
-6687.9073988 -5412.1757488
8202.9304192 1305.3778771
2093.5326514 7887.2314792
-5425.2340745 -5701.0295823
1423.7584091 -7456.7744713
-7598.6146513 3619.1194958
-7966.6692203 2417.5722317
8304.9996274 437.0504716
7318.6170107 3776.9036653
-3882.8844579 6971.5904211
-3939.3920090 -6597.0075736
6355.7203064 -5381.3500180
895.7606074 -7856.5929733
-841.7606074 8360.5929733
-6832.9404408 4661.6759687
-470.6580965 8346.1512011
-3729.8604460 7536.0948018
-7527.9208567 -3802.0640699
-1541.8306450 7889.0804113
-4681.0507612 6519.9975432
-6851.1550610 4235.8769272
-8564.6815096 1159.7388692
1969.5269125 8605.2054837
-4458.4285196 7678.4690671
-5767.5579706 -6446.8484028
5297.0330601 -6458.2966764
5497.7861693 -6268.8942887
4983.6637313 6560.8705859
-2246.7868916 7556.7761884
-7157.9905902 -3966.8061223
8445.2226185 -2319.7335465
8553.9803878 2722.4532207
-4985.4162152 6926.5186582
6299.9322231 4390.7787635
2289.6055620 7421.6435851
-8342.4885424 16.9051082
7551.5595645 3531.5499585
7140.4647146 4255.8606870
-5296.2166260 6092.5519213
4894.7985911 -7265.9680615
-35.4776477 7692.6179847
-4876.6448754 5683.0977594
-2209.3962277 8375.7331197
539.6724882 -8161.3081989
7019.1010682 -4403.8418968
-7700.8681903 2661.1963851
1524.1362531 -8033.4383173
6785.0074499 -4820.2476406
-4613.4152819 -6815.7419509
7203.1074591 -3051.8137939
-7435.3784238 4616.8238203
-6616.8673818 -4628.5917176
6851.5202455 -5131.5359818
8171.4586029 -2886.3733389
-6790.3837482 4682.3600622
-7022.6177282 -5333.9858386
479.0878760 7625.3560324
-5045.3963073 -6305.3503490
6457.3059613 4637.8189210
6304.1754379 4854.7485063
6305.7335661 5295.3377382
-7125.1401674 -3494.6206780
6098.7847267 -5506.3657758
-6824.5661465 5213.7437320
3178.8491994 -6882.3168341
3494.2057659 7604.7798999
-6277.6492187 5475.5229065
2044.5182572 -8071.2326346
8348.0477583 550.4209299
-5334.8648160 6866.5989392
-8476.7867221 1478.0388699
4361.3948420 -6730.1479745
-7355.1958316 -3806.6512623
6069.4237187 -6071.3685444
903.2391994 8036.7918478
8014.0580476 1637.6943680
-6269.3021478 5743.3485937
-5320.6608244 -6595.6492514
-8176.6548459 3031.7490368
2973.0591892 -7804.6642758
5916.0431658 5914.4025526
-3467.5533241 6907.7082043
-340.7832424 -8589.6956862
718.3266882 -8565.6003836
-3262.6357158 -7460.1170155
6543.3422232 -5357.4346795
-1683.6111652 7826.5338754
-5499.2370250 -6442.0110768
7823.9356364 631.1299038
-1245.0881043 7644.6332780
-5570.8412366 -6297.4391585
692.8259475 8056.6058798
-6277.6720610 4808.9173184
7121.3571363 -5012.4195160
8433.9059165 -2517.6414670
8707.7195563 -1456.8611022
6590.4793754 -5715.9127898
7509.4383623 3782.9701369
-1165.1552548 7760.9957844
5067.0778774 6735.9036825
-7484.0893311 3147.1472528
3381.2082822 -7705.3574903
8712.4013194 -804.4164148
4958.2792921 7115.0284343
-7752.1079925 1006.1480240
-7777.5600451 -1691.2729405
2204.0691157 -8125.1035410
8635.3110720 2528.5369786
-926.5334772 8565.1448076
-13.9328581 -7747.5347694
3233.8389102 -7142.7241893
-3245.5473395 8245.2835021
-2327.3099989 -7791.4725046
3706.1648331 -7105.5479276
7089.7966672 -4920.7256684
7120.9145487 3927.7938384
2643.1148521 7547.0244848
5813.7995782 -5678.9327103
8241.3856297 -1167.7848447
410.1795959 8816.1723371
49.6944993 8513.9401840
-6541.5614287 -3417.1454740
8337.3523589 -1117.8857882
-7701.0174284 -3469.9758365
-5387.9030049 -6487.6809883
2592.6506224 -7987.0569527
-7978.7881883 -774.7289125
-7609.0879058 -2614.2145040
1546.6346990 8356.0482630
-4318.3246565 7184.1128051
-8587.5977916 -1045.4303996
6687.0581802 -4841.6351245
-7641.5557470 2970.9503332
6485.1396635 4205.0583774
4727.4918038 6067.0758337
-5550.1861690 5488.5025393
-6762.9202262 -4527.2480134
-1395.3262888 -8173.7397949
-5718.6155018 -6116.0536928
-4086.1970535 -7446.3382291
3266.5393853 -8188.7659976
8280.7539015 -1498.8454865
5678.2984052 6549.4016906
3228.5544917 8069.1314408
-2470.9864429 -8033.7992964
3714.0912795 -7656.2710056
7850.0408033 2576.9218276
7939.7103902 580.6290722
7012.0504731 3625.7740979
2295.1364899 7599.5155060
-6471.9267410 5756.0738136
-6766.0064268 -4730.4275649
6378.8716401 -4206.9137985
8086.8199885 -2194.1129614
766.4383869 8263.2096070
-624.0148005 8272.4357877
7263.6460635 4009.2825374
-7888.2893737 2924.5067955
-8265.2433870 1421.9927345
-1852.5191582 -7918.0641273
-785.0806222 -8090.5727457
5225.9469556 -6149.7369958
7862.4353908 -2251.3661041
1518.2709246 8350.3396922
-5776.9140975 -5419.0523406
4458.4701707 6769.2480357
1245.5365433 7843.8806524
-3342.1151842 -7291.3581778
5939.4902944 -5952.5992581
-6474.5031681 -4754.4079231
-1046.7363393 -8245.6540653
7758.0173895 1396.0677721
2021.3064024 8234.8715223
-8510.5429025 -102.3666321
-6602.9438388 4708.7668827
620.6286394 -7603.2932524
6358.2821976 -4808.0477504
-1231.8245373 -8194.7750061
29.0226551 -8302.7186435
7265.5974032 -4097.0148865
-6345.4025111 5360.0020569
-6662.1642948 4959.2432034
-8249.0162370 881.6512164
-7084.7336597 -4768.2255268
-3307.6654016 -8023.4416347
2008.3839347 7521.2152701
7406.1935195 2550.4191094
4267.4528777 6529.3294787
-2313.3847810 -8333.8514993
-7647.2295109 2614.4984945
-7876.0701705 1705.7579945
6076.9188813 -5908.6882805
6546.4275307 4468.6719158
-8659.6187436 451.2511102
-8251.6486300 -2532.2917462
5231.9868185 -6125.8813037
334.6079125 8112.2070102
-6657.2981035 -4884.2514132
7814.7343151 -3484.0973266
6789.0135372 4927.7326570
387.4299823 -8392.1217057
6968.1273513 -4959.1801986
6748.5725724 4738.5829474
3069.9683270 7563.6975468
-6710.4055235 -5727.5107541
-3231.2823381 -8254.4408535
3007.6407832 7371.2123824
518.8163232 8571.0140827
-8550.1476692 -1291.0372756
-4188.3298935 -7305.6733696
-4976.2859329 6092.8265731
-7328.1972102 -3717.5119081
1747.9369096 -8711.1122091
-1857.6201362 -7846.9944901
-6730.2538426 -4738.5724523
-6630.9316993 -4869.2347178
-494.6942897 -8305.2191322
4947.9136124 -6816.6663636
-3457.8021608 7405.2458938
7543.6152097 -1517.0720549
4356.2909517 6898.6889262
-2566.9832495 -7723.3741128
5146.4893996 -6709.2064920
5892.8471072 -6095.2008717
7351.0563981 -4279.4642023
5633.8547238 -6115.7777203
7527.9453697 2724.4786655
-3911.9922485 6820.7638295
1800.3578327 -7828.6008151
8550.6516063 -1125.8356494
-2059.9531356 8541.3261138
-5402.1432733 6766.4198297
-7208.8467717 4717.7330499
-6119.0346618 -5487.6013830
-3806.5180562 -7925.4899540
223.4720542 -8605.9175433
2004.0549248 7905.6094438
-765.7707560 -8082.5009655
208.2940009 -8133.7919788
5977.6462821 5757.1776847
158.3397762 7837.6232089
5992.2506889 -5980.5606783
5795.0471688 5804.6720291
-6333.7587418 -4966.3239389
-3258.3922775 -7305.4324632
7037.9754498 -3635.9019179
-5061.3314228 6751.1163029
-1701.8459515 -8069.6904217
2136.1053462 7755.6210672
-2909.5806599 -7635.0783455
-5052.2133436 7086.5361057
-7267.9924530 4591.6238292
-1273.0337522 -8744.0395080
8217.0131423 3026.2142569
6281.9777065 5733.4689716
-5591.2626257 -6410.9111506
-8424.9724420 -772.3608512
-7993.9291199 -2852.7260364
-7292.5362516 3216.9483631
3549.8207251 -7184.0125027
7090.9035776 5264.6688140
-7674.9300278 -3834.5786575
7102.6757138 -3708.0949747
2922.7988680 8092.5836156
-4185.3478666 7300.8988717
-8134.9876747 2010.7279873
6838.4538211 4559.7621313
-8292.5396368 -2746.4790175
-6833.2836721 -5597.4586658
7279.2024654 2476.0278361
4419.3839316 -6801.7055526
4758.4689957 7481.4846268
2138.5268552 8545.7386381
-8276.4634976 -1287.5580368
4814.5613193 -7012.7420904
6026.4505731 -6018.5424379
5850.0737489 -5844.4158301
7929.6371420 906.1579488
2634.6611215 -7970.0881475
-5539.2242526 -5829.3338438
7860.9013269 -1604.3268064
228.5181331 8063.2221590
125.1993546 -8751.0997849
7999.0143928 -3785.0327394
8692.4449070 -887.0390226
1367.7598675 7766.8357585
-8071.9962179 2017.1685846
-8154.0039902 1710.6038157
-2302.7271657 8476.4209297
-5826.2528173 6482.5606773
-8364.7618826 1092.3427058
8643.9773111 776.6399514
3078.6622102 8181.9241522
-6911.2324330 -3194.7128089
6453.2067520 -4590.1511837
-1146.4887378 8608.2964293
-5693.1576801 6805.7795842
-2275.3774264 8128.7265379
-7876.1126335 1665.2710592
835.4590919 -8186.0044779
7991.3832732 -1850.6789274
7323.4091946 3099.6712802
-4538.2412779 6513.8440911
-681.3770508 -7870.6354304
1476.9665781 -7815.5619405
-6541.2413705 5335.9593390
-7910.7739498 1332.7504043
-7703.4073259 -2333.5695046
-2316.9839188 -7863.5891201
3638.2431111 7631.4969946
752.4608362 8326.0905285
458.4016360 -8036.6731190
-493.9917633 -7579.3012535
8071.3931314 -1814.4928772
7746.2090647 3525.7169315
5705.8566634 -6268.7556016
8610.7261672 1570.9824593
-3758.4856828 7663.1993986
7608.3359676 3090.5541791
-8739.9754665 -591.8762494
-6343.4360974 -5666.9485666
2029.6630485 7846.0877323
1719.2404008 7910.9850461
-8072.8334329 -1338.0013899
6995.8663280 -5296.1551858
7914.4276343 3220.3654255
6188.0866806 5683.4654656
-19.6179334 -7890.3841432
3672.0831631 6988.3320570
-7437.1734271 -3816.6026061
4240.8021119 7719.2800094
-5596.3746259 6881.3511949
-6909.9548864 5472.0330630
-1062.6239338 7793.4532053
8073.6877176 395.2645728
7599.6018669 2450.0813411
3248.9442973 -8062.3331495
5373.7063812 -6928.2491624
4413.0917033 6932.9383975
8451.1786668 436.3454991
-711.8625136 7928.8281326
2040.5146122 -7914.2834967
8604.5761528 -798.1683912
7701.5533901 3777.3645967
-7100.9705652 3266.8708624
-8112.6649458 -1861.7083922
8080.8717989 1213.0193088
-5669.1959514 5785.5765095
-3234.8117384 -7449.8836204
-1877.3187274 -7871.6314567
6719.1192423 -4617.3119655
-4451.0938213 -7490.8490620
8333.2119734 114.8889262
-5523.9734741 6091.6633091
-2636.4531039 -8557.2467000
6100.4424625 -6418.9320043
8412.6798448 -1790.6046491
-6104.5550974 -5551.4931213
7240.8405921 -4873.1731318
6418.2610280 5232.7141210
7821.6863422 -3530.8852048
2836.6634356 8364.4424564
-3413.6574109 7928.7704916
6372.8123135 4757.7077811
1188.7052663 8124.1238053
-5712.9712433 -6082.4299630
3642.8519888 7672.0030730
-5527.4162108 6790.9601757
6354.0090239 -5196.2508983
7529.7558289 -902.9489250
7634.1529253 507.4660291
6019.8778767 -4431.4419343
3996.3157872 -6792.7195520
7967.7194747 -1636.6093905
2609.0160442 8261.3554419
-5604.7849506 5294.1816533
-7891.0582530 -68.0253693
-7882.6822272 -907.9228438
1863.4480636 -8322.9534879
8283.1635199 1466.9158327
7433.6200964 3754.5164627
-160.9134299 8039.9881982
-7831.1604069 -3326.3401125
-7234.6471872 -4459.8867778
2191.6601106 -8112.0382581
6344.0436310 -5611.2510370
1656.0631215 7692.4390465
2847.5072766 8234.8317278
-6496.9608333 5601.1239320
5732.7965544 6479.9867645
4692.3085572 -6354.1028219
2989.0879881 7828.6425129
-6762.7225781 5591.9020679
-8112.2546314 1889.4294879
6366.8654885 -5731.0987051
8512.9035089 -836.1215575
7506.0478564 2917.3575229
-652.5697156 7715.1963141
-8162.9942602 -462.7004267
5284.3226719 -5366.9350788
7665.7881374 1626.2641914
-6152.4442911 6155.7991751
-7833.0871630 3618.8149604
-8341.6128246 2332.2034434
7765.6848994 2244.3579721
-5727.0791072 -6092.4019436
300.0121969 8505.5221153
-830.8645032 8537.2036577
4213.9843510 6323.8440065
1140.5344083 7540.3133430
-6861.5331361 -5107.7484390
-7660.2853863 -3597.7673761
-3604.5862501 -7631.6156115
1353.9876072 8304.6422565
-7994.4293795 -2915.6332169
-4754.3056283 -6672.2792174
1627.1423504 -7718.3154785
7496.5185831 -1499.7101810
-3451.5809856 7757.6330589
-4388.6932721 7317.3251569
-8007.4429698 -1286.0810236
-857.7830652 -8372.1492565
416.8013614 -8435.9462919
-6487.4258181 -5293.0446880
3968.7876563 -6963.4806332
3871.1329198 6888.8526119
1860.4564623 8527.0157808
671.7743468 8730.0430031
-1610.0923797 -7763.0257379
-7636.5178568 -3474.3492598
-6031.5857366 -5943.0020060
3494.9429884 -7683.2683179
178.2263221 -8458.4290602
1537.5223250 -8266.9324262
8138.2210916 98.7773948
8328.6590914 -1378.1791965
8253.8460840 2295.8805844
7472.2826000 4247.3111579
5245.6770550 6220.5508614
-1523.1510151 8067.2710028
-3782.8171147 -7930.4178207
8558.1182315 -889.5587714
8453.6176411 1331.8975893
-5742.9601095 5465.4534860
6384.0127709 -4375.3164888
-2708.1185580 7918.7908406
-3921.6697402 7432.7241195
2261.9188652 -7975.8409912
7421.7836579 3455.8907170
-6463.2518283 5087.8708387
-6215.0284498 -5773.5718709
-5940.7675620 5095.6513452
-8018.1351579 -1662.6234448
7931.4265814 219.3554916
-3268.2580175 7380.7157817
64.8898188 -8535.2675890
-129.4346390 8568.8058680
-2535.3640601 8070.5364625
-6116.5278805 5445.0996511
3206.2534569 -7455.3930780
3612.0647448 -7250.9050542
5109.1251594 -6225.7282817
-6402.7498233 -4913.9347918
260.6726023 -7966.3333207
5089.3771932 -6328.9870470
5325.3578732 5670.5916715
-996.9580014 7706.9675607
5795.6660636 5215.1991205
-8015.0434019 -2562.8959750
-5150.2188327 -6581.7330896
5220.0532354 6695.6991183
6977.7391126 5513.6575466
-3317.1674670 7777.2766183
2890.2592937 -7987.5851772
-7982.1590250 1973.9714081
-6710.4764225 -5106.3455878
-1485.7685802 -8326.7397782
-8460.6958855 -1456.9875351
-7841.8726553 -3170.2496144
1166.2011902 -7630.7358761
3468.9971830 -8268.1197372
-1493.4807158 7833.6014001
-2505.7138652 7569.9160700
7681.1970028 678.6396444
296.8713641 -7824.8370876
2451.3653573 -7330.2708339
-5813.6630793 -5838.3330386
3555.8405327 7055.3049015
3428.2788672 7117.9986240
-7673.9014515 1878.9906118
6725.9478003 -5666.4828409
8414.8159090 -2833.5199887
7586.4666639 -2196.4891611
-5332.2200492 7269.9360316
-8214.5358985 3678.2348847
-5422.8963470 -6106.7311512
1023.2312843 8137.7972927
-2728.4047404 7700.0128666
467.8790373 -8537.8462087
2303.3550027 7206.9934409
-1391.6905768 7442.1183310
2270.4000977 7760.8009320
-6053.9746035 -6199.8468091
-4970.4075393 -7052.2787009
8544.6477217 429.9276892
-837.4687494 8067.9314203
-7624.2915885 -729.3262658
-2822.5308719 7556.3318387
-8117.7108661 1212.2959619
558.2292710 -8244.2878507
6833.0560360 -5292.2234259
7940.0306997 -3087.5964224
-12.0476660 7891.9997495
-664.0354044 -7752.0119924
7027.3395725 3528.0232033
2155.1710412 8012.7114673
-779.3739341 -8235.9680261
-486.4057334 -8259.4330403
718.9916561 8630.9718175
4849.7831483 6185.5516663
-6823.7827917 4770.3834110
-6142.1997790 -6183.8013227
-513.0754580 -8526.8114980
8647.7774559 378.6682809
8491.3578856 1528.9371132
7196.2682487 -3346.7304242
7478.1906187 3552.3353743
1414.4480105 8438.1678593
5559.3895100 5614.1343377
-1855.8212326 7448.8211827
-2058.0166121 7394.5242063
-2183.0893718 -8302.4323857
1314.2445137 8012.8965727
-8783.8466719 -572.2540275
-4098.0797504 -6946.0161237
8396.7107643 -688.2205503
-6349.8445347 5114.3594673
-4848.8797028 6457.3181222
3842.2606504 -7289.3463047
5865.1264416 4724.2254206
1313.6005845 -8059.6461198
4775.0664695 -6484.5629618
6197.1794021 5508.6069808
5399.9217200 -6880.4373378
7767.8132094 -4091.4084448
8583.9309912 -1781.4090268
1958.8696540 8420.6162146
404.7575953 8651.2070690
-3942.7027959 7694.9567131
-7574.6091131 -2294.5544050
-1999.4478361 8395.4221666
-3750.4325669 7703.6223199
-818.9148056 -8098.1849591
337.6697775 -8164.4831353
8442.0160406 -1876.6992971
-8464.5945778 -250.6306064
8254.3639593 -1974.5582729
7359.3240465 3592.6619883
-8207.3537302 1904.2549984
-1480.9792645 -7978.0567290
1589.7930051 -7986.0513217
6093.5187009 5672.8705713
1686.8791597 8430.6367601
-7897.4601636 3669.1360997
-5097.9567002 6536.7476656
-8286.6411933 -1513.1466359
6077.2669433 5065.2719872
-5659.4169308 5240.6624871
-6465.4491185 -4767.8116795
7337.7932100 3440.9124656
-7740.7365338 1446.4314599
1991.2577720 -8176.7102856
7899.3825371 1435.0606959
578.3979809 -8050.9899612
4935.9167393 -6642.7324915
6596.1690143 -5190.9901474
-8550.9822529 116.5165137
-4167.5894308 -7451.0194993
674.7836915 -8481.6922899
2496.9889572 -7624.3995978
3147.1784591 -7375.1101333
-8330.6849654 1201.3161340
7711.5652230 -833.5297265
7793.2369207 -84.2720659
-801.0629058 -7702.2969304
-7992.1159750 2248.9759218
-3686.0688854 -7685.1735838
6075.2832308 5360.1486962
-7129.3413117 -3335.0840239
2728.8278606 -7331.8496807
7625.4320957 3425.0203513
-880.8863969 8565.9546632
-5854.7427986 5902.6951809
-3617.3024943 -7074.4916278
4003.1731314 7698.9491639
-770.5409805 8828.2676634
-4455.1731314 -6746.9491639
-837.0525709 -7843.2045906
4107.8914435 7332.2938111
2373.8986199 8171.9519545
7590.9741821 3564.8341230
-4158.4290729 -7643.3908895
2665.3681634 -8377.1754892
-7620.0038367 -756.8866733
-680.7290826 -7963.1984157
7363.7833360 -4307.8747515
-4126.6076714 7201.3852053
-2080.9254730 -7644.1864949
-1948.9081252 -7683.9017586
-1962.0675716 7880.7583376
7489.5610426 -3697.2340084
7995.5186093 -2262.3060250
-1441.1175715 7953.4935268
-5374.6578433 -6608.9014886
3619.5667859 -7640.7180904
-8033.6672920 1322.9679142
-6811.2207829 -4083.5085957
-3511.8546726 -7111.4037340
3147.5247904 -7553.5184024
2112.1741603 7670.6138860
-7431.2979741 4144.9657557
-7207.2864664 4565.8526438
71.9424189 -7897.0506376
4661.7244422 -6271.9510298
4821.1929141 -6778.9993090
6932.2152283 -4474.8099115
8154.9448078 81.7336520
6182.8253650 -6147.1227241
8220.8198863 2172.0184895
7185.9361951 4296.4643089
-2815.5427488 7851.5385579
-5839.3319732 6092.0657697
-2174.3398704 -7974.4516377
7505.7555474 2754.6820803
-8379.4111621 1800.0609108
-1303.5085632 -8068.5657522
4522.3178735 6412.0698813
-3066.5502841 7600.3190674
-5512.9555835 -6165.7139621
1736.1468441 7790.8065151
4282.6861351 -7876.8860994
7114.2219143 -5405.5473831
-3050.1572999 7196.7555002
-7420.7862297 -3795.1562530
3368.7952321 -7780.7674675
6568.9930173 -5318.6246485
7422.2297090 3679.1470811
-2039.1583500 8140.9285513
-2212.9586686 -7883.2046629
5326.2520169 6829.5137093
-6780.2640590 -4531.5587781
-7939.5659810 844.9673561
1587.5212442 -8619.7920769
7213.4567585 -4881.7089808
-5956.5642564 -5126.0942399
4997.7565031 -6190.6607622
7881.3824064 3238.1628220
5219.1743895 -6881.7689190
5834.0461553 -6367.2025102
8461.9786837 42.5832661
3594.9152148 7390.7220352
2434.9843730 7857.2592895
-424.8640680 8219.6288340
-5066.1874994 -6532.2105365
458.2702083 -8286.9955687
2809.4929456 7589.5004499
3184.6840306 7697.6123109
-8525.5040532 64.2942296
-8449.2542067 -1160.0930614
-6845.7733542 5155.5825431
-7183.5390294 4644.4727527
-1722.1067240 -7949.2477587
7661.6140616 1088.0030844
-5446.3364498 6322.2649020
-6041.8310991 -6087.9943470
4442.7025404 -7382.0776329
-8669.6136397 782.8323764
-6674.0142563 -5901.5968893
8918.9073768 -22.9560346
6684.8366468 5888.1945200
-4424.5982691 7036.8329443
5215.7338737 5892.5176115
764.7092950 -8707.0416608
8152.2099884 -1176.8279683
-1521.5187753 8315.9730330
-4711.5498029 7050.2390349
-3288.2227327 -7161.9447719
-6227.4571602 5607.5894889
3959.2460119 -7485.9616599
8010.7888827 -2158.2488973
8417.3521239 1223.8001907
6209.5599585 5323.4206810
-2571.6350824 7260.1395123
3681.0653395 -7667.0935997
4906.6175445 -6869.0332358
7638.9689514 -3012.7444070
2580.9222304 7810.9672882
-7856.3505840 860.9674201
6656.8014741 -5801.2571288
6292.5599258 -5008.2778479
990.8869883 8509.8237832
-8805.6311366 1033.0997755
-2939.2456505 7082.9877792
869.2048310 -8428.4174321
3441.6272739 -7653.1377456
-6433.7547802 5600.9803923
-8303.9665494 1380.3852065
-8243.1533147 -1384.6302631
4290.2174346 -7297.3742404
-5513.8554966 6367.1435221
-6933.5565645 4946.2368752
-3019.7024139 7758.7047607
-4514.6934261 -7238.9845431
8248.3080341 65.3577555
7596.5789056 2934.7576562
-4408.3824177 -6530.7403270
3994.8967758 -6567.6661422
5196.4939542 6410.3906777
-7726.3617028 689.1190832
865.2667184 -8416.4491367
-1089.7839534 8556.6845501
-7707.7949196 2942.3915813
2941.1107525 -7676.1330182
-7670.6182834 -2287.1149007
6248.1562236 -5493.5321053
4514.2083833 6807.5085703
-1075.3136948 -7874.8633536
6569.1364042 -5249.4218324
-5595.1364042 5285.4218324
-5415.0750529 -6645.0481863
-4855.8433163 -7068.0430073
3214.8005726 -7703.1543740
7342.9146192 3732.7320187
5616.6373790 6109.1548771
-7540.3322934 3252.1058757
-5997.9060379 -5033.5350090
8213.2992087 -2310.0221450
8582.9387884 1511.3748196
7790.8312139 -326.2162989
-4334.3504367 6715.1907787
-8353.4431574 -666.7975330
-8260.9198331 2534.8555525
5804.3743894 -5200.9698085
5477.0691523 5729.7269998
-1376.2305952 8502.1046926
-8706.1209021 474.1366887
-7120.4258237 -4569.6106083
-5480.8393779 -6666.8263099
-5278.9632400 -6820.0168585
4308.1273874 -6801.4612019
8210.0136369 1425.1821487
676.3516349 8509.0758656
-6482.9472302 5474.2831151
3769.3142521 7036.9371031
2949.1030979 7454.9634224
-6642.5499859 -5924.6884445
8217.0871282 -787.3653922
-6595.1599552 -4399.8088508
-3597.3253593 -7019.1246571
6085.9037434 -5229.7365955
-3630.8788678 7409.3808980
-2332.8377017 -7711.0456267
-4806.4050504 -6219.2916108
8223.7593681 759.6908215
3704.0543200 7816.0729431
-8290.5391121 1895.8769129
-8505.8346568 695.5643178
7363.6835545 -3216.7845911
1265.6864151 -8590.2177045
4172.6449305 -7412.9583160
6783.7387259 -4699.0277405
1646.6391317 8540.0394070
-1269.2333782 8633.8587930
6412.4011173 -4988.8729901
-7325.7747343 -3790.7428946
5143.0033702 7129.2307700
4721.5518745 7439.3179910
8187.2508600 357.9528685
-1125.8849683 7674.7448946
-967.1294656 -8135.8577769
-7196.1808629 -4471.0954018
3569.6345421 -7678.6725096
7080.7584212 -4296.7377577
5229.7525826 6117.2333086
-383.5523947 8440.2304615
-6465.1310983 5870.5407121
-6087.0902977 6129.1543264
-7681.3317610 3716.1879643
-7001.3398684 -4018.8234913
347.8562160 -8482.4394642
8112.5533930 -2934.5739158
5463.4031217 5916.6484089
7780.9155968 3393.0657074
-1104.8683987 8287.1134531
573.4349318 -8271.1825475
8264.1313057 2397.0337021
456.0033556 8843.2103884
1986.0216746 -7673.0357446
3702.7944071 7551.2346145
-7005.9449077 5376.8479532
7722.6110411 -1854.7379463
-1451.2138950 8797.2199849
6299.7566061 -4775.0995899
7355.7692498 3858.8356395
-3398.2697678 -7229.2027135
5900.4309214 -5752.3801318
7495.2302320 4099.4908621
8571.3810646 -1291.2096771
-8040.2079835 957.7025938
-3777.3669515 -7804.0903246
-12.6889157 -7923.5247242
7210.9708473 -3111.6877032
7611.1284945 -2096.5575582
6045.7251422 5006.8231973
-3310.5247080 7561.6867259
-8616.0731245 -312.1129373
838.0341991 -8806.5849758
6419.0155179 4704.2659601
-3145.0058074 7387.6212033
-4467.4560366 7415.2443400
-8408.8025765 -1582.4462202
-3111.5019115 -7645.3079182
-2224.6640246 -8395.0148166
3112.3082200 -8295.3879383
8276.3378346 -2790.0685533
-5597.3093215 5850.8741741
-4735.2985630 -6596.3790263
3785.0650983 -7614.2255721
2679.8910307 7818.3638935
2452.5199565 -7636.6335716
2919.2876478 -7484.3392193
7850.3009638 2719.8865819
7042.2614367 4317.0603290
-5004.9202952 -6419.9925247
-1182.8216832 -7727.3038668
3447.4195351 7506.7386828
-7511.4182903 1789.3583667
-7077.2668936 -4127.1307733
-176.4377261 -7953.0886541
8223.5497347 -772.2718229
84.0840626 8121.9600738
-7889.8463555 -1609.8265832
-7813.9539727 -1975.4119371
7708.6395869 -6.9240649
5498.4162109 -5310.6137091
5744.3568998 -5038.1476019
2541.1166246 -7902.3966048
4625.1545183 6779.3806869
-7845.7535923 -3077.9886463
5691.1420944 -6006.7459109
-8243.9539396 -505.0151836
-8212.2955492 -877.1539488
5749.3580776 5587.8562697
3559.4827814 7239.3469158
-6906.3530409 -5217.4192234
5142.5252617 5911.4499073
-4483.7163175 -7429.8687204
7866.5120764 -2830.7851079
2138.6766958 7629.6617121
-157.5214918 7953.9891682
8027.1115711 1333.2089588
-7640.2241507 3903.6057657
-8209.1192594 -3105.2170935
7651.7790989 -1982.6280686
-7624.2484202 -2149.5791252
-6562.3634864 -4258.9012576
7751.1109417 -2281.7374040
6364.3452569 -4119.2368167
4472.2653018 6616.9184491
-6473.4277635 5624.7963947
5254.8512749 -6312.6680052
-6903.3991759 -3440.2219802
-5007.5569398 -5884.3298948
-1166.7644351 -7660.1076674
8423.7494044 2278.9705299
-187.8739835 8777.2512509
1666.6771314 7768.8543525
-5975.9586570 -5895.8849770
-601.2977808 -8594.2258545
7799.4230714 -3082.8352047
7932.5706878 1734.4523527
-6410.7503444 -5595.1833381
4004.1988839 -7533.1852928
6068.3170211 -6071.1338593
-8034.0142367 -816.9780691
-8400.3795846 2655.9937536
7830.5927402 -2145.4185586
7006.7271950 3827.2479304
6551.5340429 4945.6107426
2964.0576688 7730.7924795
-4454.3390617 7185.5141740
7153.5545250 -4772.8898953
8420.2741451 -2481.9715753
8909.9921841 1024.6817514
5114.6666224 6988.0256674
-1756.0137522 8186.0982344
-7535.0074440 -2080.9253261
-5151.3101205 -5734.7661076
-6541.3078402 4474.3641709
-7369.5624471 2700.7270220
-3238.7908491 7428.0784523
-7352.3661689 -3059.3562679
-7162.1456515 -3513.2493012
-6764.9747947 -5209.0748751
7664.2023074 -1078.0892323
4710.3203722 6475.9720630
-1868.3914553 -8357.8567034
4304.6583750 -7476.8548059
-8039.8901723 -1617.7079788
-1291.5163515 -8146.5141529
7998.1022388 3676.8521946
2811.2325583 8119.0478492
-7291.0119272 3771.1963269
2529.6987383 -8173.1695082
6661.5312561 4719.8926523
1311.1882659 7878.7366894
-7767.9994419 928.0416548
-7518.8912219 -2897.4411178
5181.1429294 6802.6938781
1168.4534670 8467.9442364
-4784.2505400 6964.4387371
807.7969571 8520.1638954
-8078.8598532 372.0086950
-7928.4410460 -1242.3411372
1372.8473022 -7433.7436682
7055.8601611 -2915.2497091
7679.9955867 -897.3281389
-5442.6437897 6815.4669151
-7338.4682679 -3924.5390994
-7210.7709870 -4132.1724590
7696.1731321 925.8813270
4237.0612018 6597.0833287
5224.3763275 -6108.1963335
2016.1836173 7777.6715473
-7734.6644421 -3021.9022616
4204.9917386 -7434.3853369
-7547.3968759 -2332.7759486
2033.8805707 -8155.8463429
6521.5114890 -5301.2418608
7731.3866413 -2191.6454785
1485.9306867 7632.0676071
-6116.5605795 -6355.5311916
1757.5097460 8646.5416316
-2236.0449462 8351.0365473
-2847.7206243 -7488.4482867
-8001.7200037 -3051.0571707
-7726.2586847 -3646.2232297
2003.6172167 7974.5264665
7703.1127073 -522.0132360
-8182.7207607 2240.7551770
-8483.0401598 -1426.5792281
7161.6963413 -3999.6877188
8297.2159644 1421.8524881
-7117.8758665 -3864.9688594
-7229.4565998 3002.7749823
1892.4048055 -8265.3600646
2744.1030553 -8037.2898354
-6657.0792529 -5729.7383630
6928.3593073 4289.5291347
1591.6876155 8304.4550083
-5360.9178833 6585.1015338
-7006.4669085 4794.4628529
-8334.4758280 -1548.3657084
-6336.1642400 -4872.9538991
7767.7071249 1770.1006148
5572.4874734 5897.9476090
-2765.4209667 -7201.6577328
5099.2714124 6631.6538732
-616.7022956 8097.0738648
5057.5049356 6302.7113407
159.5986855 7837.4671168
-2012.2322946 7496.0826923
4816.6244366 6521.9437028
-4084.3971139 7399.5264395
-5526.8302720 6425.6131623
6843.8153845 4925.9705409
3405.4441993 7810.5875737
-1205.2823191 8507.2701794
8224.1040737 2465.7266316
-7473.1307535 -2442.9754107
-5414.5329498 -5695.4723886
-356.5261459 8463.2076849
-7168.9802435 5044.7690791
-8601.9894215 1703.9374252
7452.4276089 1885.2113473
-4121.9037900 6655.9743718
7756.1133965 251.6198069
5402.0877544 6543.6849754
-7938.4174858 2703.1406573
-7278.7363254 -3629.8017085
-5903.8569650 -5672.6380142
6886.3205042 -4979.9308541
2064.0990557 7814.7277119
-4682.5481583 -6365.6460886
367.2654494 -8106.9942366
-5266.5731499 6091.8694450
2233.3855839 7543.0150068
6537.2149805 -5614.1966649
7248.1473464 -4630.1286923
1519.4789139 7702.0983979
-4582.6774956 6210.7951159
-7859.3931194 64.5825911
-5033.0062933 -7119.9380980
7765.2806144 -2548.6557712
7636.5367558 2829.7078681
1434.8818454 -8366.4272321
7267.2322053 2876.7821865
-5119.4295691 5994.0204746
7161.5672454 5119.0734264
1174.9061796 8533.0912607
8422.0491510 2444.9675430
2412.6102692 -8465.1466879
-4161.5013983 6957.4787763
-8253.3930037 -502.0705847
5049.4322754 -6751.3543698
8090.4898031 -778.2419202
2240.3553348 -8183.7773943
6540.7325874 -5635.8029476
-4676.8894934 -6617.7981059
2578.6635417 -8022.4391458
-796.8189906 8106.5848171
-6079.9747695 5748.4593192
-7117.8394600 -5213.8725944
5292.4375380 -7002.7357991
5720.9089526 -6685.3319702
-7925.9161052 -42.4085467
-582.8266156 -8656.0025517
5240.2962207 -7267.3822468
7749.5353112 -4610.7701504
-7667.2640177 2255.5453478
-1582.0573765 -8219.4941531
-1858.1299775 7734.8782101
-7788.7390044 -2789.5422934
6716.7406917 -4905.5034765
6925.6646805 4532.3908897
6337.0693834 -4958.3044370
6505.5990758 -4720.5650919
-87.0882185 8288.3242612
-1493.7217447 7784.1377707
-4667.5226850 6291.6436360
6814.4913807 4905.0538498
8498.8882322 -305.8696191
-913.5066384 8028.2496631
-1866.0419230 7826.8867537
8015.3234642 -177.4011930
8016.6105699 492.6917819
3136.6738521 7542.8580580
7740.2710988 2552.4722558
5241.4988839 6149.2516940
-7765.4722770 3167.1569809
-4253.9186784 -7242.9182189
-3853.8091450 -7475.0724183
-7632.1139882 2813.5600288
6445.1471441 -4718.9936718
2592.5032099 6965.1883727
-8294.7416109 -1384.3308869
-6649.0733642 -5534.3216631
2485.1102207 7064.7570031
-7875.4788178 2710.1475534
8278.2324543 2524.2252184
-5500.7751128 6742.6857084
-3518.4898442 -7119.3409139
-531.9021615 7970.9410967
-1502.9850780 -8545.7582232
-1274.7045033 -8577.5741193
-3927.7553851 -7334.6429723
4798.8021803 6824.7170609
2526.3134887 8082.6566709
-300.1050808 -7632.7111975
8572.1329816 -367.1344475
8029.4179661 3497.9826297
7786.2493118 -386.8383318
460.7982831 8548.4112486
-382.9089994 8585.7648313
-1604.7115610 7535.1045095
7770.6434175 1713.2836532
6485.9766738 4403.7948570
-6641.2103414 4230.8943222
4722.4015282 -6864.3713619
5543.0759766 5145.0003904
-5830.7094137 5654.2782857
-8147.1671527 179.6114695
-5436.7837867 -6011.0695095
-5587.3795141 -5154.9270571
-5436.3865360 -5316.6589732
4276.3319432 -6772.0595427
-7574.8136807 -3453.4893037
2868.4331536 -8263.0516751
8567.1039080 -1251.9545971
959.8432666 -7902.6428067
-5321.2079585 6473.5249755
-8331.8146903 14.1090487
-8445.8299475 -1849.6200830
4301.1371196 -6398.6650919
5340.0109989 -5523.9173020
-5946.0781242 -6205.2296349
-277.0842950 -8540.7940025
7689.8493225 -2475.6344776
-8077.5143580 530.4601870
-7905.4587500 -1647.5022195
7079.3404365 3635.0224753
-1126.8399104 7934.8843764
6790.1474036 -5195.7078066
7862.1051292 1996.5069153
-7823.3267107 -2431.2067871
2430.9536952 -7497.4014399
7995.4783071 2448.2326152
1944.2403495 8055.3628073
-7401.0815275 -3546.8220360
-6965.6990441 -4422.8904857
4341.7270037 -6881.8264580
6728.1810397 -4494.6790224
8105.0791393 815.5685622
-8148.3570557 1898.8989712
-7993.1835372 -2620.3624673
3931.5883307 7009.3179488
-7299.5980713 -3575.4027766
3214.4711555 -7894.4634075
7655.2259931 -4167.5198382
-6226.1439428 5217.4908352
-6792.8088586 4506.1750326
-8342.2022072 -231.4248914
-6388.3637010 5313.3478326
-6753.2117206 4882.6019935
-5228.1261435 -6925.8923734
7934.2868052 2963.0482099
2196.1868799 8318.4168438
-7762.9631018 3312.8195316
-1179.4809080 -8072.2238803
-211.8189318 -8115.2790744
-40.8408419 -8111.3044822
-6503.2230043 -5371.2716648
382.4302973 -8044.2894175
5826.2936848 -5267.0115356
8480.4197709 128.4995325
633.8149531 8248.0297795
-7360.9153622 2040.6153835
-5471.3316414 -6443.2093040
2936.4577287 -7731.2539735
6483.2069921 4670.3429701
59.7408477 -7820.8564618
7375.3376693 -2422.2357821
-8221.7656687 1183.2856745
-4484.9699233 -6482.1620565
-2443.3993076 -7527.8667103
6135.5794021 -5606.9408202
-7875.7195125 -2672.4344025
-4445.6686426 -7136.3532792
1438.8820211 -8242.0177435
5812.0940011 5714.7393134
4064.8891012 7216.0836125
-8156.6716170 1473.4801166
-7507.6631108 -3107.8197822
-2714.6853981 -7379.5409004
4235.7256507 -6461.8012926
8029.9355113 2674.9038650
1023.4151287 8082.7357481
-7880.3752518 367.8755169
-3978.9262748 -6898.0350220
952.9711089 8719.8986772
-7787.0877195 -2366.7165427
-2626.4196706 7784.4984913
-7873.6052163 -2672.9135489
-6085.7677902 -5710.6521852
6452.7059273 -5264.4145256
7263.4087379 4650.1197826
-1331.2753610 -8013.6881568
3724.1110290 7287.8040326
-7183.6972308 -4265.1906740
-2409.5212548 -8245.1211528
-2274.4555104 -7743.7979323
2437.4910519 -7907.8866490
6910.9667848 4807.2794678
-7537.0649489 4049.7670148
-7691.9845113 3753.4707108
1867.1055321 8130.5188576
-2128.9868059 -7511.5957436
6231.0157012 -5532.5786612
6270.8055635 -5493.6153762
-3176.5604343 7722.5512906
-7256.2441950 -3952.5554470
6523.7262109 5334.0794877
-5981.8337012 -5327.3173222
-3245.0312598 -7504.9085536
3020.3896864 -7950.5532397
6667.7451508 -4884.2948820
6936.0321253 -4474.8439383
-7112.1736531 3982.3319214
-3145.3151314 7057.6340269
-7392.3083600 -2740.7652359
1120.3889897 -8334.0793916
-4668.8956365 -6788.2647758
-6411.3175537 4624.1996738
-6960.5050555 3735.6729500
7246.9149804 2772.1785167
6839.4057850 3616.9184462
-5629.9064457 6127.5073791
-7282.7479891 -3837.2931708
-3852.7541845 -6977.3415335
3570.1150093 7443.3951291
-6946.2711220 -4617.2589272
-3744.5987723 -7804.3118629
4527.6896232 -7812.6807876
-5382.8803916 -5553.9132579
6244.2420181 6192.7486643
5594.4576888 6773.3022541
-8103.4623993 -1759.2687695
-7166.5546007 3909.2630374
-7928.9866194 2093.8554560
-4872.7958874 7044.3494327
8251.9058816 -1400.5227292
7640.7372217 3637.5105694
105.2334614 8685.2961697
-6220.0630845 -5355.7404295
-3833.4139150 -7014.1867792
-6543.3798073 4284.8585320
-2095.1999418 -7855.8116264
7399.1224629 3894.9278295
2990.0338689 -7604.8871872
6378.5446058 5466.1034797
-3113.4744902 7564.6224262
1919.6438512 7677.2944029
272.6404966 -8418.9419520
6571.6170850 -4684.1635814
6414.5772712 -4838.7367016
-1022.8195511 8522.9191161
368.0599603 -7655.2286223
-6973.3053769 -4908.2307179
1385.0448014 7714.8897284
-1477.8069276 7793.6010928
-5052.7917371 6981.9782483
-7339.9080913 -3550.1964528
-2882.1771519 -7511.8740244
-6317.2607418 5819.8758317
7688.5080506 -978.6365008
5865.9621953 5759.3096281
4925.9340957 -5949.4968941
7495.9280399 -1956.9312266
7089.1658728 3579.7614706
4588.0061894 -7228.4678621
5767.3545046 5625.7622457
-6069.3378957 5186.3961990
-6831.7562802 -4232.7441036
-5263.9371939 -6290.9699579
6809.7973141 -5695.0411435
-4235.8444343 6758.0363504
-4669.7317500 -6861.8220339
7953.9013717 1595.8816698
-1330.0818526 -8241.9373788
-1802.4169576 7481.5120759
-6485.9222795 4063.5505232
-7577.5312269 -2637.6470164
-4227.0522685 -7033.9949877
-1409.9268149 -8174.3979724
3616.3648139 -7203.6900295
1003.4541744 8398.8953192
-5522.2337919 6249.7538124
7651.6313845 3316.6395866
-6383.5897180 5740.3133048
-1225.1258737 -8324.8812566
6964.0910173 -4130.7852312
-783.3345533 8271.6885933
-3038.8259193 7731.3097936
-6735.1373212 -3879.3810345
-3504.2610730 -7028.2476863
-37.7476397 -7983.3659616
-4979.9459133 -6425.7953287
662.1571791 -8057.5588809
2201.0780937 7647.1121860
734.6286857 -8678.4331513
7540.4023287 -3815.9123672
8096.6250490 -2218.1010985
7150.5598054 2700.9188692
3343.5930529 6931.5127367
-7575.6542444 3382.0424699
1949.8478360 8374.0408264
-491.2349303 8544.0375631
-8234.4173696 -1245.0925084
8110.0214739 -2211.4872193
1715.3269969 7942.7332283
-7893.7179906 1451.2282158
1906.9352821 -7541.3409672
6107.3872013 5066.7549795
142.5392658 8199.7971267
6260.7105046 5290.3071694
-1149.6072747 8073.2790691
-2031.6992164 7898.7536039
5027.8336450 -6452.6080896
7636.9067419 459.9272235
-1752.5254324 7608.6302424
8194.0583507 91.3370228
7407.7124523 3041.1084355
-7006.8114920 -4486.4120815
-6786.5388126 4309.3948014
-7244.3048669 3415.9881801
-7935.6985754 -135.6691374
4533.1430978 6570.1363355
-2597.5825753 7941.0066002
-2043.8985096 -8552.9923980
5909.0187708 -6240.6066044
7422.6050583 -4480.4529293
-6740.0589198 4884.5575920
-7575.9080665 -2134.3837900
-1725.4903462 -7778.6030582
8810.8812152 451.9045965
5928.8222672 5872.4346076
-7703.8337082 -3427.4299854
-2547.7205938 -8395.5519603
-4271.8904594 -6688.4103049
7326.0677430 -4158.9574546
5194.7864513 7361.2921873
-8345.4840144 -1958.2788937
7459.5926135 1319.6673503
7059.4286560 2750.0037879
8441.2484526 1051.0100089
-6192.5746719 4275.0539570
-1550.5351657 -8395.6277963
-7318.9095799 4288.6141439
-8385.5428187 2109.9043823
4225.9673330 -7356.4344549
6739.8271360 4571.2151905
-8168.0707487 -1949.8882160
-6761.7663915 -5031.0259390
6459.0188442 5008.9184516
-2549.1672915 7540.4129835
-8059.7452425 -435.9716455
-8683.5731979 -136.0352959
-8636.7963966 -665.4899877
7930.1915647 2129.4923314
-6249.7326195 5127.4560149
-6402.1342785 4921.4219838
5688.0201248 6177.6611166
-6913.3463814 4989.6093739
-7675.2016489 3607.0283932
7829.3432562 40.9617565
-8513.8526887 60.9027301
-8074.3857905 -2963.5908731
62.4629661 7815.3454188
-8814.9554139 -953.8633661
7707.9049792 -3144.4663963
4812.2579704 6340.4907573
3007.9886141 8433.1962098
-7880.1413335 2320.3406910
3810.1355854 -7322.5281417
7780.1354839 -679.8225776
-4476.6999895 7473.2069411
-8761.9664825 665.9866509
END
