100
1334.54261 33.42983 148.56863
5799.0 20.0 47910.0
1065.0 51.6147 12.7965
6066.0 50.0 95691.0
1.01983 99.72603 99999.62913
9991.94119 1.27732 99918.33679
9994.35058 1.29106 99975.03133
713.54717 65.13002 307.65419
1218.61224 78.80458 845.45717
9991.65069 1.34325 99985.60939
2027.0 88.0 22606.0
8212.00000 63.00000 8648.00000
9992.05255 1.02560 99912.34723
9997.88615 1.31149 99900.12250
510.67 65.4400 301.0
9991.91802 1.39630 99967.94559
9996.59599 1.28235 99988.38031
9990.50933 1.32657 99996.94565
817.0 27.56 1171.8204
9993.75547 1.26207 99936.05554
9993.76410 1.34339 99988.01788
9995.49605 1.18642 99927.37832
9992.56830 1.00094 99957.05011
9998.57256 1.42935 99939.54511
730.30271 64.54217 1132.87606
970.12575 37.36569 200.03823
9994.83823 1.15521 99928.79368
9998.36233 1.46459 99948.48050
9991.74376 1.40067 99951.97228
582.33588 57.68546 128.90595
8330.00000 2.00000 16660.00000
741.33818 38.08703 921.49059
480.6 100.0000 312.4
739.159 4.8 7.95
9996.33107 1.25553 99904.80821
9990.04316 1.33517 99911.49867
2086.0 13.0 38873.0
490.56424 35.88721 1117.68886
5027.0 35.0 91807.0
9993.76369 1.49185 99990.53480
9996.98851 1.29640 99955.27543
9995.65263 1.28203 99987.62982
5113.0 39.0 130.0
9991.48833 1.09223 99992.65543
9992.47576 1.01370 99918.36574
908.7186 68.0 1167.4
4.12534 77.20629 680.19059
421.31450 74.28210 970.10982
54.09859 38.03453 1021.95331
630.20260 29.86812 1008.58719
7093.00000 2.00000 14186.00000
717.043 56.67807 785.0
4985.0 44.0 3123.0
9993.44603 1.41597 99966.35177
809.0 51.8 102.09
9996.74073 1.33333 99918.29709
9993.11617 1.26045 99989.34687
328.00000 2.00000 656.00000
1409.29 68.0765 225.50020
9998.44752 1.07180 99910.99402
7807.00000 22.00000 8033.00000
5471.0 17.0 80936.0
1277.9 69.98250 430.71944
513.67167 96.12315 345.32181
1.02713 99.94122 99999.35692
1.05492 99.77362 99999.47145
9992.41712 1.38243 99920.77014
9997.50967 1.31181 99972.20799
4278.00000 2.00000 8556.00000
9993.57737 1.35328 99911.70788
16.41752 83.22414 52.29400
1103.52 46.895 421.870
1.01593 83.26710 924.48733
1287.0 42.19496 959.0614
9996.49900 1.39520 99965.53248
9998.65500 1.33677 99916.05742
269.94101 79.12022 444.18315
6593.0 89.0 22330.0
600.57740 86.00927 745.49048
73.0 8.38964 970.0
7866.0 5.0 56478.0
215.2331 4.768 478.0
1.07389 99.32932 99999.16983
9990.22540 1.13970 99910.44042
9995.93748 1.03374 99923.08669
1406.85322 61.13292 156.33401
9992.77206 1.24516 99968.91881
8635.0 54.0 56187.0
116.965 39.0 569.78
1121.055 64.6 1154.2
8177.00000 84.00000 9042.00000
890.9 73.0 100000.0000
3536.0 24.0 82081.0
656.99432 1.97375 707.05619
266.88766 75.17621 89.75308
582.01364 53.94177 372.25980
8874.00000 75.00000 9855.00000
3361.0 63.0 78308.0
619.08099 50.445 656.1
10000.0 8.655 463.29149
