100
427.60591 2.56095 1065.58237
478.0 3.51 14.086
118.7 3.838 1361.04474
42.0 2.0 107.0
1.05235 3.67072 1999.08649
491.59223 1.00483 1921.43128
493.43754 1.03300 1907.08568
13.0 2.15607 1352.9615
494.84730 1.11566 1997.29483
494.91107 1.33054 1989.48691
264.56236 1.90969 53.13139
48.79 1.89 1380.80088
143.24876 1.40631 118.30637
195.00000 2.00000 390.00000
494.78421 1.03711 1974.27661
214.35483 3.77424 128.86506
118.66965 2.96641 187.87314
498.59389 1.40452 1988.85996
493.50912 1.39244 1981.92399
403.0 2.0 342.561
229.12921 2.26032 1371.60559
87.54034 3.74171 1420.14454
137.0 4.0 210.0
492.60886 1.41450 1957.64950
494.56538 1.36861 1925.29177
461.0 1.0 1276.0
498.40860 1.24880 1940.24240
259.09685 3.48232 1185.91679
491.70046 1.33594 1970.22398
2.35150 3.07617 645.58181
232.27749 3.42346 1736.55422
388.00000 1.00000 431.00000
497.90028 1.24005 1966.09365
491.30343 1.29712 1951.13682
494.14273 1.44337 1908.47410
494.60419 1.26364 1975.28199
496.54139 1.23780 1999.46265
492.66984 1.29314 1975.88349
371.0 1.0 862.0
493.67737 1.29851 1939.74685
2.00000 2.00000 4.00000
1.0000 3.5 1845.5211
388.33055 2.24194 52.45872
1.01549 3.74194 1999.79425
491.98984 1.19017 1926.57924
405.0 1.0 391.0
137.09764 3.05172 1952.53208
292.0 2.0 999.0
120.42551 2.99656 1655.63477
496.86004 1.33770 1916.13755
493.00000 4.00000 493.00000
102.9586 2.91 616.06
498.72829 1.26033 1906.12975
311.13258 2.00917 1352.10730
3.0 4.0 1446.0
495.65342 1.13712 1985.09841
303.165 1.0 217.555
138.92 1.00 1690.0
362.0 3.0 1387.0
356.00000 2.00000 712.00000
493.59639 1.05094 1955.57905
97.08639 1.02373 406.67743
105.0 1.0 26.0
490.96447 1.16987 1983.00064
1.08394 3.80960 1999.98568
493.67273 1.00508 1963.40661
229.0 2.27125 1034.0
491.33919 1.10778 1964.37372
490.02936 1.37332 1921.33479
494.29015 1.19709 1933.96002
107.07 1.82 228.4
498.61158 1.48145 1959.58367
394.0 2.0250 1565.9
498.30304 1.33109 1978.24366
264.00000 4.00000 271.00000
500.00000 2.62 290.2462
43.0 1.0 1801.0
1.17617 3.28477 2.18774
127.0 2.0 809.0
322.45178 3.16388 121.12286
491.90092 1.41557 1924.79327
122.63018 3.30095 507.99286
378.5 3.9 1240.0
250.0 2.0 502.0
77.2 4.00 978.4908
495.73899 1.22935 1912.45893
237.36122 1.053 86.0
480.84 2.3280 1335.1707
1.08449 3.57331 1999.39606
491.80443 1.24880 1980.58152
108.0 4.0 1108.0
492.95630 1.35727 1979.87880
286.4 2.456 2000.000
491.55255 1.19864 1930.06074
315.11639 2.130 1.0
313.00000 1.00000 355.00000
142.99948 2.10984 1425.53535
301.89490 2.16996 1108.64731
464.75911 3.06855 753.66893
416.00000 2.00000 832.00000
