1000
178 719
97 395
21 197
150 607
71 756
156 630
178 718
163 658
85 895
30 891
152 305
115 231
112 225
155 311
219 439
1 1000
60 375
60 374
60 376
60 485
379 760
349 699
349 922
135 825
135 824
135 826
135 989
249 499
249 947
91 561
91 560
91 562
91 594
78 318
78 317
78 319
78 475
31 438
31 437
31 439
31 472
19 910
474 949
474 980
25 366
25 365
25 367
25 403
44 824
44 823
44 825
44 890
215 431
215 799
96 193
96 331
79 835
79 834
79 836
79 970
316 633
316 934
31 63
31 118
162 325
162 420
196 393
196 480
285 571
285 869
254 509
254 698
285 571
285 849
319 639
319 888
119 239
119 397
41 776
41 775
41 777
41 795
232 465
232 838
196 790
196 789
196 791
196 813
324 649
324 901
97 597
97 596
97 598
97 739
33 747
33 746
33 748
33 784
362 725
362 903
136 550
136 549
136 551
136 627
215 431
215 625
148 598
148 597
148 599
148 792
404 809
404 865
377 755
377 808
81 676
81 675
81 677
81 740
198 397
198 520
30 511
30 510
30 512
30 531
217 435
217 725
177 714
177 713
177 715
177 873
15 636
15 635
15 637
15 661
139 562
139 561
139 563
139 783
163 658
163 657
163 659
163 806
186 373
186 447
56 738
56 737
56 739
56 843
102 414
102 413
102 415
102 524
279 559
279 976
345 691
345 845
450 901
450 944
170 341
170 669
154 939
154 938
154 940
154 964
311 623
311 778
466 933
466 967
34 567
34 566
34 568
34 642
73 453
73 452
73 454
73 509
66 556
66 555
66 557
66 643
408 817
408 999
395 791
395 866
170 341
170 589
23 342
23 341
23 343
23 382
180 361
180 712
244 489
244 556
262 525
262 805
18 225
18 224
18 226
18 236
67 417
67 416
67 418
67 540
242 485
242 840
453 907
453 991
184 742
184 741
184 743
184 750
312 625
312 826
149 602
149 601
149 603
149 639
345 691
345 949
325 651
325 979
116 470
116 469
116 471
116 538
24 102
24 101
24 103
24 140
225 451
225 500
271 543
271 911
289 579
289 682
77 644
77 643
77 645
77 800
122 245
122 332
251 503
251 530
433 867
433 996
135 546
135 545
135 547
135 706
111 223
111 262
10 231
10 230
10 232
10 236
100 201
100 374
117 474
117 473
117 475
117 655
209 419
209 603
201 403
201 621
104 639
104 638
104 640
104 838
167 335
167 639
10 585
10 584
10 586
10 620
15 490
15 489
15 491
15 515
210 421
210 475
133 267
133 397
238 477
238 898
364 729
364 909
83 513
83 512
83 514
83 661
247 495
247 563
292 585
292 762
203 407
203 468
450 901
119 482
119 481
119 483
119 593
141 507
205 524
6 930
6 932
6 944
212 853
212 855
212 943
45 839
45 841
45 863
241 792
259 578
81 323
339 804
157 633
157 635
157 764
16 440
16 442
16 495
200 805
200 807
200 909
272 893
208 837
208 839
208 963
56 874
56 876
56 901
59 634
59 636
59 723
68 422
68 424
68 441
106 650
106 652
106 685
279 820
359 862
221 889
221 891
221 980
80 667
80 669
80 706
1 350
1 352
1 368
348 889
44 379
44 381
44 432
215 773
79 488
79 490
79 599
6 764
6 766
6 800
81 329
81 331
81 418
50 665
50 667
50 672
34 218
34 220
34 240
7 798
7 800
7 829
164 661
164 663
164 989
192 631
215 681
62 523
62 525
62 535
137 374
171 489
79 834
79 836
79 856
11 80
11 82
11 87
428 869
119 263
374 805
256 899
226 909
226 911
226 997
263 896
181 729
181 731
181 800
42 678
42 680
42 767
393 979
199 734
118 722
118 724
118 728
125 283
360 874
348 947
276 570
81 329
81 331
81 426
36 800
36 802
36 848
404 942
244 792
139 561
139 563
139 745
316 802
100 377
300 797
34 663
34 665
34 757
282 901
292 1000
206 480
336 715
144 581
144 583
144 817
22 896
22 898
22 992
200 519
241 653
137 441
73 297
73 299
73 372
283 774
105 329
178 629
104 284
125 764
125 766
125 871
372 855
145 354
221 889
221 891
221 914
407 839
267 653
144 581
144 583
144 597
259 773
98 602
98 604
98 719
250 921
181 632
401 850
4 773
4 775
4 790
316 973
97 393
97 395
97 462
126 509
126 511
126 630
198 674
116 710
116 712
116 881
339 966
36 497
36 499
36 508
87 723
87 725
87 745
126 509
126 511
126 706
181 449
328 761
131 800
131 802
131 871
12 209
12 211
12 223
280 915
82 864
82 866
82 873
179 721
179 723
179 795
34 384
34 386
34 452
62 386
62 388
62 523
238 924
345 843
125 432
127 776
127 778
127 896
173 658
280 978
27 468
27 470
27 528
89 361
89 363
89 462
176 709
176 711
176 724
197 793
197 795
197 835
277 842
51 291
100 736
35 876
345 779
299 822
43 469
231 730
113 989
216 528
345 747
49 360
28 294
176 794
234 767
383 892
236 867
197 758
375 810
283 743
134 629
185 948
350 761
314 957
257 770
207 784
49 387
309 908
245 686
272 843
196 544
85 356
369 967
2 305
403 933
85 566
139 356
331 951
48 307
23 511
242 670
365 976
253 697
485 994
199 704
98 712
21 198
105 270
57 577
103 998
95 921
226 546
43 278
153 767
210 621
150 984
386 773
17 493
311 738
9 542
110 357
55 247
222 850
87 463
38 687
55 591
119 356
17 85
122 344
76 213
45 553
237 590
145 978
64 826
282 997
150 998
209 958
361 928
48 300
293 729
152 517
236 713
387 802
231 551
222 635
15 193
137 500
223 819
64 817
81 598
195 517
347 782
86 852
156 856
54 566
271 770
158 834
126 354
309 679
144 679
194 909
308 710
4 523
2 728
337 788
71 327
352 798
215 629
10 39
107 529
19 433
207 974
133 958
410 971
45 254
104 696
144 362
9 207
414 935
159 953
297 808
304 848
125 597
332 762
413 998
60 414
3 780
22 887
150 884
129 532
173 436
51 405
119 375
190 925
181 804
1 338
269 751
93 584
2 733
15 810
324 856
297 987
211 851
89 398
159 399
173 579
279 834
10 463
282 673
384 895
66 208
275 943
442 938
147 956
67 167
182 805
75 587
52 336
186 475
172 468
188 492
44 540
433 938
147 582
43 638
200 935
58 917
221 882
317 889
98 318
164 353
187 627
271 641
125 483
94 640
211 941
31 713
138 699
61 915
130 559
305 909
19 431
155 717
172 777
99 937
107 265
246 983
302 942
221 664
303 976
55 667
8 709
295 625
213 579
156 388
171 600
209 501
111 497
235 990
148 412
392 904
113 340
277 823
349 902
10 601
5 255
87 588
89 936
210 885
121 909
81 762
221 754
136 346
20 881
88 511
208 680
318 863
130 592
31 508
114 826
297 810
264 716
12 171
318 791
70 974
94 988
113 442
298 646
157 363
297 924
424 943
215 943
274 845
31 423
459 980
80 178
327 929
137 969
56 616
30 267
346 911
172 934
222 481
162 602
123 626
226 720
18 793
62 228
445 926
127 478
204 655
237 636
86 757
9 589
43 836
133 920
322 821
55 115
290 763
177 642
182 374
296 865
390 844
266 869
85 425
27 416
287 800
339 681
214 553
183 658
40 469
163 985
28 70
36 369
5 554
72 191
289 994
373 750
212 572
48 558
117 499
150 646
85 937
181 701
335 958
144 500
343 925
163 464
354 965
453 968
50 231
177 651
220 691
88 240
86 575
212 747
322 689
287 649
324 947
347 740
344 900
212 771
1 579
444 966
269 750
46 406
14 243
122 504
42 173
250 786
218 932
119 422
22 511
232 504
258 658
86 983
161 423
50 215
31 115
139 898
45 165
291 784
202 660
272 917
205 979
158 753
238 976
62 928
215 945
160 458
119 543
135 571
297 633
88 280
78 853
9 180
297 984
170 838
117 291
56 651
161 325
252 613
57 713
94 496
376 760
25 242
262 882
346 966
381 775
156 544
192 610
71 337
109 570
58 448
188 529
261 661
263 832
11 488
346 896
28 209
123 695
194 678
197 942
38 390
12 537
85 408
138 726
139 556
295 754
369 747
203 589
33 372
178 964
141 480
28 997
190 382
63 964
197 792
121 815
59 256
206 440
136 434
59 273
233 536
77 310
44 635
156 872
37 217
399 860
16 399
241 612
176 385
208 916
357 791
37 370
33 523
29 176
275 776
345 753
19 164
184 499
56 884
34 746
456 966
15 780
140 430
134 808
227 819
257 585
168 687
54 123
171 870
243 881
187 654
137 460
94 898
427 959
2 595
416 884
319 975
72 762
42 593
278 697
108 691
445 986
4 211
59 824
104 289
259 684
82 501
85 484
4 807
31 669
290 698
87 344
121 444
35 625
179 966
181 649
176 721
165 470
108 518
29 145
1 598
76 872
100 894
4 636
21 527
234 716
231 596
328 734
187 730
240 814
111 919
154 717
235 691
61 388
120 872
291 597
11 781
134 906
316 879
