52776558133248
64
16
805306368
287667426198290432
34634616274944
576390383559245824
1148417904979476480
536870912
0
8727373545472
1152851135862669312
532575944704
541165879296
32212254720
133143986176
0
864691128455135232
962072674304
548682072064
32
66571993088
51539607552
1150669704793161728
33776997205278720
1152851135862669312
120259084288
26388279066624
54043195528445952
554153860399104
0
575334852396580864
1099511627776
142989288169013248
35993612646875136
1152886320234758144
7168
25769803776
34634616274944
1152780767118491648
0
9007199254740992
274877906432
17175674880
68719345664
1099509530624
17592186036224
0
1125899839733760
0
562949953413120
274877906944
274861129728
1688849860263936
36028797018963967
8589934588
70368744161280
2130303778816
274877906928
576460752303423488
211106232532992
864691128455135232
0
8589934592
536870912
17592186044416
0
0
2199023255536
0
70368743129088
1152921504606846975
0
0
2147483647
576460750155939840
0
12884901888
0
0
0
8388600
0
2234207627640832
0
0
0
0
0
261120
144115188075855872
36028797017915392
2097088
8589934591
4398029733888
2251799813685248
0
54043195528445952
1688849860263936
17179869184
8589934591
576460752303423488
0
962072674304
0
0
1152358554653425664
8589934592
0
17557826306048
288230376151695360
576460752303423488
17042430230528
576460752303423488
4503599627370496
0
16775168
0
0
0
1099511627775
864691128455135232
0
1152921504338411520
1649267441664
34359738367
18014398509219840
0
67108863
0
0
126100789566373888
274877906943
288195191779622912
1116892707587883008
17592186044416
17592186044416
0
0
0
432345564227567616
4095
0
0
0
0
0
280375465082880
0
0
0
0
246290604621824
9007199254609920
0
1125762467889152
0
51539607552
2147483648
0
0
0
274877906940
1069547520
0
1099511627776
140737421246464
3377699720527872
0
2147483647
144115188075855872
211106232532992
0
0
0
1688849860263936
0
4503599623176192
0
1152921504606715904
0
287667426198290432
1152921504606846975
25769803776
0
0
0
0
70368744046592
4398046511096
3298534883328
18014398509481984
2199023124480
0
0
277076930199552
0
17179738112
4294967264
0
0
576460752303423488
1125899906842624
0
1152921504606846968
70368475742208
1152921504573292544
0
2147483648
270215977642229760
0
0
1152921504606846975
0
3221225472
0
1143914305352105984
2251799813684224
0
140737488354816
68719476735
4503591037435904
481036337152
4096
0
412316860416
0
0
137438953468
8387584
0
281474976710656
8796093022207
0
8791798054912
17592169267200
0
140737488355327
140737354137600
0
288160007407534080
1152921229728940032
0
0
18014398509416448
0
2147482624
0
0
0
0
1073741823
8589934336
0
1125899906842623
1152921504606846975
576460752303423488
0
68719476736
1152921504606846975
0
0
70368743915520
0
0
9007199254740992
1152903912420802560
0
805306368
0
1134907106097364992
140735340871680
1152921504606846975
1099511627776
288230376151711736
1152921504539738112
1080863910568919040
137438951424
0
0
2097144
0
2147483136
0
3298534883328
0
274877904896
2147352576
0
2199023255551
576460752303423488
0
805306368
17179869152
0
4503599627370480
576460752303423488
864691128455135232
2199023255548
0
0
72057594037927936
6442450944
0
144115188075855616
211106232532992
277076930199552
0
18014364149743616
2147481600
17179869184
68719443968
18014398509481984
1152921503533105152
0
0
0
0
0
8589934592
0
36028795945222144
0
288230376151580672
844424930131968
0
65535
0
4398046511104
0
1152921503533105152
0
70368744177664
0
0
274877906944
0
0
105553116266496
0
0
4503599627370496
0
0
576460743713488896
549755813888
281337537757184
8053063680
72057585447993344
2199023255548
576460752303423488
0
402653184
128849018880
9007199254740992
70368609959936
1080863910568919040
576460752303423488
1125625028935680
0
18014398509481984
105553116266496
1108307720798208
0
0
8589934592
562947805937664
25769803776
16646144
0
123145302310912
0
864691128455135232
0
274877906943
288230376151695360
1152921504604749824
0
1152919305583591424
17592186044288
18014397972611072
0
0
0
0
864691128455135232
34359738368
0
1090715534753792
562949953421312
17179869184
0
0
0
8727373545472
9007199254740992
17112760320
1152921504606846464
0
144115050636902400
0
0
1152921504590069760
1069547520
0
0
2199023255548
805306368
35184372088832
0
35184372088800
0
18014398492704768
2199023255552
35184372056064
0
1008806316530991104
17592186044288
0
0
0
2251799813685248
0
864691128455135232
985162418487296
576460752303423488
61572651155456
0
0
0
12884901888
288230376151711744
0
0
536870912
4398046380032
0
2147483648
288230376151711616
576460752303423488
274877906944
0
0
0
54043195528445952
70368744177152
36028797018963968
0
144115188067467264
54043195528445952
2199023255550
0
1073676288
0
2199023255552
36028797018947584
0
0
268304384
8796084633600
0
0
103079215104
140737454800896
0
0
0
0
1879048192
0
18014398509481984
1008806316530991104
864691128455135232
17179865088
0
0
0
18014389919547392
0
8191
0
15032385536
0
0
1152921504602652672
18014398509481983
8589934592
4398046511104
0
2145386496
0
136339441844224
54043195528445952
0
8589869056
288230376151711744
33554431
0
17592186044408
1152921367167893504
