2887991010
2997097883
2992974029
2947715103
2997097883
2995501987
2846877926
2894135246
2992974029
2985151722
2989262477
2840707409
2995505920
2850678721
2997097883
2991826833
2992974029
2961937926
2987159811
2995660690
2995660690
2995505920
2964810578
2995404855
2897303948
2440018511
2994093858
2970758701
2970758701
0
2954665571
2990128707
2889975810
2995501987
2662808989
2962325902
2213276108
2970758701
2986550685
2995501987
2964810578
2995660690
2940410330
2741905807
2990128707
2995505920
2990128707
2994093858
2981812155
2976212661
2964810578
2973390194
2995660690
2995501987
2995501987
2981812155
2990128707
2995505920
2994093858
2502323758
2973390194
2995660690
2995505920
2990128707
1265147270
2946982584
2327300902
2952686675
2987159811
2995505920
2932800950
2995660690
2981812155
2994093858
2971653100
2988981511
2946982584
2988981511
2987159811
2970758701
2988981511
2994093858
2995501987
2990128707
2961937926
2995505920
2995660690
2989262477
2994093858
2986550685
2946982584
2994093858
2995505920
2995505920
2876309952
2994093858
2946982584
2995501987
2995501987
2994093858
2942706262
2995505920
2988981511
2995660690
2995501987
2989262477
2995501987
2995501987
2990128707
2994093858
2995660690
2977928057
2966251675
2988981511
2987159811
2986550685
2980088501
2967508980
2995505920
2994093858
2987159811
2988981511
2986550685
2990128707
2994093858
2994093858
2932800950
2995505920
2986550685
2995505920
2987159811
2993808959
2990128707
2746671377
2988981511
2986550685
2986550685
2986550685
2986550685
2993808959
2993808959
2972109343
2995221021
2892990469
2995221021
2967585586
2988822808
2864415019
2995221021
2972109343
2986550685
2970758701
2993812892
2969755388
2961937926
2993812892
2988822808
2971653100
2993812892
2833040074
2899134648
2985138623
2981812155
2889975810
2985466783
2985138623
2985466783
2981812155
2961937926
2946141257
2963336262
2876309952
2993808959
2864527065
2950934345
2981812155
2972109343
2786523909
2985466783
2986643536
2891159712
2981812155
2989970004
2993808959
2990966690
2984032643
2771639175
2988822808
2989970004
2681852187
2976766041
2939049747
2957037462
2985138623
2795242709
2985138623
2985138623
2989970004
2993808959
2922818593
2974085169
2913557916
2946982584
2984187413
2887991010
2974519633
2974085169
2992374819
2918870911
2956637955
2992374819
2984187413
2958040388
2976766041
2985466783
2985138623
2976515995
2985138623
2985138623
2956637955
2956637955
2974085169
2786523909
2960881206
2972109343
2993808959
2956637955
2309507575
2954933083
2990966690
2992374819
2914070768
2976515995
2993808959
2989696842
2963336262
2950154642
2984187413
2989970004
2993808959
2891611236
2670360283
2916014557
2963336262
2945012364
2974519633
2989970004
2976515995
2976515995
2820616951
2989970004
2985466783
2993808959
2963336262
2985466783
2993808959
2985466783
2976515995
2975098417
2972109343
2976515995
2956637955
2960881206
2960881206
2920173717
2976515995
2803673338
2992374819
2974085169
2972109343
2974519633
2985466783
2946982584
2966251675
2976515995
2985466783
2990966690
2963336262
2976515995
2985466783
2972109343
2950154642
2946982584
2988822808
2989970004
2989970004
2962325902
2956637955
2985138623
2950154642
2956637955
2992374819
2921880918
2992374819
2947715103
2985138623
2958040388
2985138623
2911061166
2993808959
2985138623
2975098417
2985138623
2956637955
2966251675
2801898862
2993808959
2981347376
2916516976
2989970004
2966251675
2957631485
2993808959
2993808959
1728490491
2976515995
2954933083
2985466783
2875405261
2992374819
2989970004
967276782
2989970004
2985138623
2787912418
2939049747
2963336262
2993808959
2989970004
2985138623
2934199286
2993808959
2701733602
2974085169
2992374819
2993808959
2945012364
2988822808
2812291594
2947715103
2906061707
2988822808
2950934345
2988822808
2975098417
2985138623
2894308002
2940410330
2945012364
2985138623
2972109343
2976515995
2954933083
0
2961937926
2985138623
2931993430
2961937926
2913557916
2993808959
2989970004
2989970004
2962325902
2957631485
2976515995
2823663751
2988822808
2989970004
2989970004
2922818593
2953502525
2661285989
2989970004
2985138623
2946982584
2985466783
2976515995
2988822808
0
2974085169
2985138623
2953502525
2962325902
2786523909
2992927935
2864302039
2992927935
2055604411
2988096554
2992927935
2992927935
2994336064
2975098417
2989243750
2989243750
2916014557
2992927935
2940410330
2968400110
2989243750
2984187413
2940410330
2891611236
2985138623
2994336064
2992927935
2846113991
2944286110
2985138623
2947715103
2994336064
2906061707
2936796700
2960881206
2992927935
2992927935
2975046738
2985138623
2992927935
2974085169
2994336064
2994336064
2973793379
2992927935
2961937926
2984187413
2906061707
2994789156
2953502525
2994336064
2992927935
2992374819
2976039787
2953502525
2947715103
2976039787
2994336064
2928895580
2994336064
2992927935
2994336064
2985138623
2958201812
2992927935
2984032643
2932252065
2976515995
2994336064
2976515995
2985138623
2994336064
2922818593
1172199596
2984187413
2989243750
2821281034
2985138623
2981193991
2992927935
2988655143
2994336064
2962716029
2988096554
2985138623
2929873586
2992927935
2988655143
2989243750
2989243750
2989243750
2987401784
2992927935
2992927935
2975098417
2958201812
2966251675
2992374819
2992927935
2994336064
2989243750
2992927935
2992927935
2974085169
2921687884
2985138623
2988655143
2950824860
2988096554
2808474836
2899422092
2976039787
2674714270
2992927935
2994336064
2994336064
2950824860
2985138623
2974085169
2992927935
2985138623
2950762505
2988096554
2953502525
2960998029
2992927935
2966251675
2865158764
2960881206
2787137829
2989243750
2950762505
2992927935
2992927935
2927490019
2960881206
2976515995
2975098417
2786523909
2973793379
2994336064
2753009036
2960881206
2989243750
2994336064
2985138623
2823738525
2992374819
2992927935
2994336064
