100

1
3

4
1 2 1 2

1
4

5
4 5 5 5 5

2
9 9

3
6 5 4

4
1 4 2 7

6
6 6 6 6 9 9

4
3 1 1 4

6
3 6 6 6 9 9

5
5 4 3 2 1

3
9 8 3

2
5 5

4
3 2 7 6

2
4 8

3
3 2 1

1
4

4
1 4 7 3

5
4 5 4 5 5

3
6 2 4

6
3 3 5 5 9 9

3
8 8 8

3
6 3 3

3
8 6 1

5
9 9 9 9 9

6
9 9 9 9 9 9

5
1 5 5 4 2

5
6 5 6 4 5

3
3 8 8

2
8 4

2
2 1

1
5

2
9 9

2
7 7

1
7

3
9 9 9

5
1 3 2 4 2

2
8 8

1
6

2
9 6

3
5 3 6

4
1 1 5 4

3
8 7 8

3
7 6 2

5
5 4 5 3 3

6
5 5 5 5 9 9

4
9 4 5 1

4
3 9 8 5

3
7 1 8

3
9 5 2

5
5 3 3 5 2

6
5 5 5 9 9 9

2
4 9

4
5 6 3 3

6
1 1 5 5 9 9

3
3 4 6

1
8

6
7 7 7 7 7 9

3
8 5 2

4
4 3 2 1

4
8 8 8 8

1
9

3
9 1 6

3
5 3 4

3
8 1 5

5
3 5 2 3 2

4
1 7 1 1

3
7 5 3

3
9 1 4

4
5 1 8 3

4
5 2 8 4

4
5 1 7 1

4
2 3 1 3

5
7 1 2 3 4

3
1 7 3

3
7 7 2

3
1 3 2

3
4 5 7

5
1 1 1 5 2

6
2 9 9 9 3 3

5
2 5 4 2 3

5
5 8 7 3 4

2
9 7

5
1 5 4 5 4

4
2 4 8 9

4
4 9 3 4

6
6 5 4 3 2 1

2
9 8

6
5 6 9 6 9 6

3
7 6 2

2
6 6

4
5 8 6 7

5
8 8 8 8 8

4
1 7 4 3

3
9 5 1
4
3 4 5 6
1
1
4
9 9 9 9
4
4 1 6 9
4
9 3 2 8
