10
3 5
1 0
0 0
0 1
1 1
5 5
1.0 1
1.0 0.0
1 2
1 0
4 0
1 0
1 3
1 0
1 0
5 0
1 11
-7.8 -5.8
-7.0 -5.0
-8.0 -5.0
-9.0 -5.0
-7.8 -4.2
-1.9 -1.5
-2.0 -0.5
-3.5 -0.5
-2.8 -2.0
-3.8 -1.1
-3.3 -1.6
2 14
4.9934 5.6314
8.8379 1.6270
0.6976 2.9985
8.1264 9.0729
0.3855 5.2898
8.3015 0.2849
8.1783 7.9928
6.8661 5.3382
3.8225 4.4695
2.7846 0.1032
5.5 3.5
2.5 3.0
2.25 5.0
1.0 4.0
0.023 22
0.100 0.186
0.106 0.117
0.129 0.057
0.133 0.149
0.111 0.250
0.124 0.247
0.160 0.298
0.219 0.272
0.182 0.198
0.210 0.146
0.181 0.136
0.198 0.091
0.179 0.084
0.170 0.088
0.173 0.080
0.168 0.072
0.190 0.069
0.213 0.009
0.247 0.048
0.256 0.105
0.254 0.205
0.291 0.316
100 11
780 -580
700 -500
800 -500
900 -500
780 -420
190 -50
200 -50
350 -50
280 -200
380 -110
330 -160
0.01 11
-0.078 0.058
-0.070 0.050
-0.080 0.050
1.090 0.050
-0.078 0.042
-0.019 0.015
-0.020 0.005
-0.035 0.005
-0.028 0.020
-0.038 0.011
-0.033 0.016
