100
4 2
5 2
6 2
1000 1000
1000 1
1000000000000000000 576460752303423487
1000000000000000000 2
2 1
1000000000000000000 499999999999999999
500000000000000000 249999999999999998
999999999999999999 499999999999999999
999999999999999999 2
1000000000000000000 288230376151711744
500000000000000000 1
318846085227211895 246024534436814056
811267375096836037 733877488695012433
905053989251430366 768658849199663385
776523731866859598 688482955749255208
1000000000000000000 334218664498660777
502037728234099840 458621200741595367
1000000000000000000 423539247696576512
1000000000000000000 423539247696576513
639001959860763942 555187086382810305
708793108673057279 631716941641866786
1000000000000000000 285102729229039189
584238456610510185 548816103789191507
1000000000000000000 576460752303423488
630373617405777677 526748977983272040
500000000000000000 288230376151711744
737225747332162576 731832915957023336
3 2
1000000000000000000 127
762107811221030019 660583229515385172
500000000000000000 249999999999999999
500000000000000000 500000000000000000
959984033316753784 881800095682813742
3 1
500000000000000000 127
728169581509411441 597866431290884370
877657007085616287 847277217564385215
500000000000000000 2
999999999999999999 999999999999999998
1000000000000000000 999999999999999999
999999999999999999 423539247696576511
905988268064073197 744946915441242380
500000000000000000 128
999999999999999999 999999999999999999
999999999999999999 520457573713833016
500000000000000000 499999999999999999
739025236896564324 643762595623487694
5 1
500000000000000000 144115188075855871
999999999999999999 499999999999999997
500000000000000000 146655105403798918
715268258496942653 658862871851204804
905388515026608457 815057637898474697
990576114417730104 778419036475177178
1000000000000000000 499999999999999998
1000000000000000000 1000000000000000000
1000000000000000000 1
999999999999999999 423539247696576512
762525134226068862 713968594619019623
378332014600475102 303278869791136960
667476699542929552 637275925727446182
893795228698022746 689631249564589645
999999999999999999 576460752303423488
951371648258278653 836702264033932685
586842612808515464 540348872220072721
999999999999999999 499999999999999998
999999999999999999 410956508962076161
500000000000000000 268424076847389563
953263444505448948 950249174239658248
850518114795541368 699410879263188030
500000000000000000 211769623848288256
500000000000000000 143851166623739725
642915987325901445 531574921026303162
500000000000000000 288230376151711743
1000000000000000000 440867708844922877
999999999999999999 284874722528750991
318138116539324075 266738558832390168
999999999999999999 288230376151711743
321903344570255341 287393739059784232
999999999999999999 576460752303423487
1000000000000000000 288230376151711743
500000000000000000 144115188075855872
509549224024565872 449498930822770449
999999999999999999 288230376151711744
999999999999999999 128
500000000000000000 250000000000000000
1 1
671008514124790963 655079512781046719
999999999999999999 1
2 2
4 1
999999999999999999 127
353159818092598937 272032207860584621
500000000000000000 211769623848288257
475752427754589678 356889840138831255
1000000000000000000 128
1000000000000000000 500000000000000000
