100
4 2
5 2
6 2
1000 1000
1000 1
628610 622898
500000 241473
826964 681373
500000 237857
925054 819923
831826 694686
500000 500000
500000 128
1000000 475713
500000 499999
999999 524288
1000000 524288
2 1
410134 409550
601245 596521
899988 871850
1000000 475712
679132 519375
347148 315312
544050 433263
655071 579126
500000 131071
999999 999998
2 2
999999 524287
1000000 524287
480148 458060
500000 193361
1000000 999999
500000 237856
500000 131072
999999 2
1000000 499999
948614 724115
999999 475541
594646 555873
667347 608599
937760 716215
3 2
999999 499998
999999 499997
396180 318123
500000 1
500000 2
999999 499999
662829 534448
1000000 262143
366607 351237
999999 509958
1000000 128
901487 763650
500000 262143
999999 475711
875686 658523
999999 127
887979 666561
1000000 1000000
686757 563475
484482 389456
500000 262144
1000000 499998
999999 475712
999999 128
500000 127
999999 999999
689767 598281
364859 285809
999999 1
1000000 502868
804294 728977
840261 689307
822881 756481
1000000 2
789864 620580
1000000 127
999999 262144
807814 644025
500000 250000
500000 249999
500000 249998
4 1
999999 262143
5 1
512368 446329
3 1
1000000 262144
1000000 1
1000000 500000
1000000 457702
752186 743259
1 1
827242 624981
495283 478280
853895 776710
836213 677649
