100
4 2
5 2
6 2
1000 1000
1000 1
2 2
1000 512
1000 469
500 103
500 244
1000 999
3 2
733 708
999 499
470 370
306 238
266 232
349 330
969 811
430 381
722 579
500 500
999 256
999 127
388 366
999 999
500 255
500 249
1000 127
3 1
999 255
4 1
1000 256
600 535
1000 2
999 498
2 1
999 512
294 282
460 440
1000 500
460 412
251 236
657 634
999 511
1 1
1000 499
802 631
408 361
500 1
1000 488
999 998
1000 128
859 812
717 572
500 116
999 497
5 1
289 238
356 307
540 508
500 250
871 798
500 247
999 2
999 505
650 508
546 437
894 835
999 487
504 491
500 245
500 127
500 499
1000 255
961 732
1000 511
1000 502
500 256
410 355
391 350
755 671
973 956
611 581
500 196
903 839
1000 489
500 117
999 488
992 821
999 128
291 246
726 710
1000 498
500 248
500 128
999 1
256 212
500 2
418 393
