1000
577006791947779410 359416692188351721
37200794235010051 10506221611058582
334824724549167320 270569923083802438
443635317331776148 7115314519564920
775422040480279449 99465507878721390
504504064263669287 462723218093483713
510942875414458836 378854494139151335
324745483838182873 12565404767181984
703387474910584091 636350811254438062
15796113853353331 10126721629085215
328451335138149956 8310574483375615
955079406183515637 793342914454835104
740103009342231109 280334007717572091
905388747193831650 738196783879308388
426100070888298971 144288783386999663
261049867304784443 155071273073864408
600924393587988459 582074766343803377
732830328053361739 356328690777229710
545291762129038907 384590844389230955
781055864473387780 35987247238607555
990765271833742716 65122936546336440
568779411109623071 490213716653396226
893789450120281907 550919462420208905
601737961087659062 52740988263754366
337066551442961397 31979580908739577
740376916591569721 104884882632318986
898860202204764712 685213522303989579
50257992909156333 49847540694494533
227583514184312746 142285231494590782
603989663476771718 198462654913889003
388428680384065704 131909021582970642
687184559264975024 514973933800749597
273290538659802269 10684703027277292
505906760983331750 331919224419787907
548432111829895923 323462485173203667
807817071862113702 785857642654993549
371863560482907257 235281017719408274
199948958991797301 191963118302697290
89134323978233018 18764133493323290
724427934598140041 480615924790722747
267293389953062911 30472997737766259
651414131918424343 82103019371188968
788787457839692041 654229872494968166
743654948930018631 435194840532783693
184302455902443631 145240168448603812
727040455672546632 21795292499677618
793183108815074904 375906315549604276
594813965004488500 215676458691519071
11359550169803385 6192068313740628
74209722772702441 37627558343690848
725505124774569258 405272076370412185
4739111663495868 2626654113680107
689199053531163850 456828513459738279
570714739468966812 353773333215249241
273669266008440571 17560327423731422
26222426471854123 3339380019700583
440260128355399364 316623260479907583
520785252293546637 286450318381030844
228385537401050629 54297671762293148
242253255677188752 49326296088482465
303013289404122822 162162782775213981
282476590775666788 189309508377403574
465989353755595706 55634268266592500
399527266456256611 279676139769146943
973335412664053511 111219092789176952
711729604092318900 541120231488162338
392397551035393808 142193439120694095
673207765878545335 118631428475203153
790752139526973902 643115364081738529
828591673584457147 232373264269878397
617555776104743529 495653269266344944
574153963535421338 109183735265039488
428658603350578075 368571638696946141
96654515527008449 88170196348988297
835565338717500304 668428254038492789
990415953277272574 289311204559101421
627100269752912500 575755152265118912
752742903139208989 49002292512803765
32467244848876436 30814677291163095
799660975768660701 120182815830719092
400508188743108884 302222946069975875
907281439932170679 565238404765240057
271018128506549375 265377066087973937
972084826242927497 404752805636850559
729576928770978365 473786333084518995
23232766987393410 5240882191449964
34576862396884247 3151319350281663
872006441185134428 118298131398851786
282993306652397236 55195309479693099
404454616782090989 342510770045104898
206797748749373218 73779275125872488
333511498762714912 329036427029768337
118991178208641749 19722466646871437
671610853862129650 212573628376593840
56332746016649150 31368138313840932
459015586921615080 75259856666008133
795789878164796056 234226843797620184
201185391176950035 44893556660431374
493400823683765929 177694695263008532
312873759091576466 5413174923156750
982474844503167665 978053869094862768
198614094973075395 177476838509704728
857498332500047840 811771492051716865
876636394410322752 629808096252978209
493988860614313135 266751881329300185
196529791989710666 153549222331986763
303572618752967116 261092876349180942
945311084140875452 824773862123421603
693336236578760367 182702735967048418
949433439528292143 156219120317024870
132227180552437724 119400449822459803
179736218039354276 46242874044983945
329778415349582010 115147411033269586
772324044725085700 98452687759777376
668218148154650895 665870712678098373
115136352186866059 37640845143515713
816810220199150299 324379210067941263
285962244650537874 131714280712003012
692096105679558205 89415884963048985
804560326627778270 497100421342938892
829202798403814789 64857513396820870
136758345179157480 51349570252054794
634163968188082595 280230574611185907
699724105011177687 263780395643922185
100275367158842890 93776971188219807
863951798888068528 836752172026470934
919870905208897323 326332019609308280
855080522645481923 592210944833588063
849151503115641777 683213132379586872
751484601049614879 747480799738336622
837617069203984865 172599000578986641
301888237939937549 283929460393063140
140022567823035473 70304948896519412
345087844562772862 300547588822190703
395882274225087444 140249676200908097
208433371172798727 58311814459297043
747147556852822068 213148147061592444
147050999855880703 56103905034754141
701031483633715557 99435817553253781
70846625002411951 9675024417411932
415115241852746098 93945945859397033
932510032660008201 573403275409484218
296843298592096403 45299559605356269
199254614884960538 186539542050020982
582468639515319993 326299083136112696
526591513206842612 68433678589805411
814611319475495699 290814512941986218
408152371635163252 87932043898207304
111392068471983631 93783285705227617
235237269844622367 163535561029063063
802080069235680467 579178722876274874
917936835493074776 621961501206246168
787324935434715274 366016754592359671
236708117295664816 220053526354533491
910934670967209084 593848099134831796
469771288848620037 265566071586634497
695401978176517617 17423563178900341
562621698571384881 12141752528588039
555455521637047278 300721800858146528
759749631911308224 33820822375583993
710526160774049443 335915648468996990
662218518393240646 201043892458374224
414965952104828438 3939217088348948
779784548283578595 693669532556619618
941799717679293407 526228505259663418
979830878773245174 313138525191527187
336190215977042753 70855886058272760
78534022127172750 50675388408135462
702678461749459233 524383438770572208
526775788405064679 83363321711630685
421049037820562398 114954400003255429
426359594969258496 365350685838390771
834635091911834437 62444827357925250
316047019281803308 40994750895431521
526507973352074175 481668028234583325
890118970448673079 590679247450773053
544637207693042276 487424436789277647
802864010100619232 103037124327427742
627829365734183404 597927378440825368
503742029816735890 357352873521311480
309245699914256770 307488714138051396
928971834681547936 45008050450584446
756793223429037911 603856171527073649
122537549404881513 61460110296393750
295237617862628623 21512602951329257
396608336029707725 227419032276198417
471259877123105082 460001080211435329
387533857321374987 104559337192654162
375575144050367015 253523409993219694
399226640606781105 96433237534391376
859025831836355027 397054211107351463
643715706064775031 540160855387674939
151937124825921017 87772068734106468
357969982369059764 120188172901839595
302661013224968438 138846570826697291
283855682742174347 162271455318424881
64081609915437220 51824724664365316
64416702601745315 61966636327082596
478626249766814413 423352386605355663
799769224472172929 663154060479205819
289079163147780107 153620881810797791
454415607959610763 301619281518196058
724875543908344324 282311752431244155
736952483423015425 176808602418325016
296578177524860950 282080996425776141
707002453519502849 168323802365719537
267030639982837946 111649712232251382
952771997674410968 260854064010860883
195040534938452019 117678923318136833
768616184571698394 20472254188347298
905856217637762879 647360727532257999
790285400034838778 540575378581924402
198382953371801815 109029757964507243
639772369511317743 69328801327919864
849191748702385420 114013620905708918
295150413094106430 265501481669099374
292771974145066632 54903272584841638
101728555288180259 46491389560552465
643766751137561974 209904219333442627
831406912966687028 45785341246612387
708333664774306533 261270403597306479
741030610677849524 468982786354557596
32296076297839038 10717953642940972
705070707714733419 127878588806051065
307678331449684086 189697500145263628
823159652959410424 341049410373147980
13019195687915492 11520033071996728
188436106924962695 27823171381033797
498777567991819303 442556224938569621
653908324687331348 281446126867259275
608141484480652952 143330032015556091
94607543803496201 78752157993512437
709541018789381327 112801883668141686
994313389762429967 355918910679552856
776486965601631849 16279837767845696
341697222245901215 117151655267348008
204123665542931154 164329158029456531
721689523616564767 148719399324347649
108234040388692286 35012503764764256
509171113612625690 157061871899827232
104304814763550045 37710979586289944
935091539206106276 547096975940825019
360997352133560934 61122968712918070
901631351628571046 3823254555752207
69080742086533619 63073772050565339
655496301680460458 381822757643723484
170845066679832471 39041425355392873
588411843553153217 511688528358823643
69437687694646870 26809805343800950
41406497841832993 21810010360806709
193695284893518467 113039761576089133
315578557719951231 181798475676803309
59157342224776055 31375117166178215
231314384566776724 189042022327176662
942516886148531175 283931743258769191
511327361354317201 101659790973209661
117849229478748330 64863141147714323
571278187657403042 381391765623196691
944942577070479685 66754162102494916
357389817891565749 249234500659264879
463177043058966924 322569694121170095
267104140862379789 35568870740623632
889032155449973530 421058193568192438
824814422205447232 740640269358508330
662713748597895257 484066534590959382
395133034215442072 276092819422985690
839491542014512762 748130056641871100
638496963506027753 465805977645137624
971515504882803680 86441724464622228
939326751770986079 159976437427813675
568199828224208470 267139640202149417
326203375186266609 35515913106693014
19092597011251431 10194815831354254
513954178729516251 229391843365170441
144577958994060898 10047886474180853
658785880069558655 172928350639497096
746652745667222531 165103191582578085
518491488393966864 244646985592578051
6020162466853659 2063862495941519
694881465938077493 655455836269191449
744481196927712577 360275686378935183
317460015917781615 251911750135921578
207187916340708054 61236496496587137
612350141163240852 359878103939454112
591857096295729149 488767093822497632
443840165033391053 119697857257662538
483244968225008309 470675563591632728
685443574379551565 140581212673834792
95128839799372992 74618449436497469
866282804415633029 583103985801850551
641792461632577654 298181220206185055
30303602249184574 5695473011308359
866003358406141496 336578913188377610
773017241330451440 340441461430113715
897508852385138594 633834721207786175
504855395218381734 438563396650408774
359994068049525757 285986102352062253
745774676205482621 654867895706098513
288479499029815372 219320054541569144
676097357616284031 145699946613603690
216750734240107998 173658267552579030
49083871933204191 3507289718180831
136060433075388333 113081273545540212
934884593954878237 357155343518816181
15950594470311672 3870929014554990
792023559445812070 164538332115928220
225531254407909643 71113085370519194
996074157078947158 249638914779204763
748279010928888609 370054948889329080
276305935541950861 144501807804379150
747365241726565439 429166481521127031
63913877405403675 53067931393965932
228753759322171863 184328102250381054
236572357870097629 51574170225795166
854537462043295677 250128204320245450
486655662300159908 183140039735487837
524186458408004819 321967954796136844
691316960514504584 675876422441321681
965655031128134722 62457402379915414
998346297117366787 629991704742942171
808326428566066479 232045713060008763
127910773912944708 56005967528404131
274435346255131727 84399539046343732
84440162910770684 1984387652988792
917492456411459044 726321418680854410
988393276486405251 93973673768339435
596294832339027342 528109271338128887
638339116509838610 300102493045487298
821717501866729193 748401512294945546
599028105427697917 247165191479176190
566390406870730289 449558537214235109
389141684890557335 197501703138113835
648861737609083209 325576761573577486
627117773394945862 412153151328465788
776346146609194422 723034162029854774
378213487126013125 57531097190376550
955471505702974996 50135737460719617
595423020975487537 310013695303589156
707652770644473705 488647511315027734
241408384161869005 84505706908090937
659372494037539494 366508860484366670
676845276235696163 530900698242179097
666503982731773378 180682633584226773
397957194455769533 314498913320369340
937705608936377574 663044064068383144
690416466356212950 687564018334770450
332397367584119793 54517324105602915
726787128358804812 716000886619817828
912702130059322190 764045747850083935
524182878498794900 91252575389667301
220702033071312548 111878851248677949
841836228334081793 384599056039257337
191727924202389437 141804100418009422
933159568797000001 458774603776987608
471037767326702542 30113124675850754
713347165320581354 115117260001571580
983283866355038276 452322301216693928
490115586020920921 86391438281190997
780278128209122769 531442659532297640
323677689190609250 86215679845407977
913364161979936619 419533798452285908
994838077000889508 915440666503290876
885147127822531987 566650815988479972
321507023883975762 104375015816521289
924273427451673630 897849355688144850
542223656023182945 100352421195543010
353898390342291031 279540037582603228
183313773233160023 181293072374522108
666894565697208155 51005281410589984
774399337923319318 141766312969376830
972475615499269822 848499114137228817
613635449778561413 97379640273761619
190962017917573592 107084881033925917
17368025567137622 12637089830343616
833170555986271453 371938974729373091
914693963358842327 619149790562157335
733935150091347568 611165393276202887
461631157456026954 296206699161521035
900783470661715446 434549350828505341
725731303816211947 550935526120444516
374505960475558837 212649966676544707
818759154284360890 675441569950723324
300156826005676704 104584887173098850
450140421633622597 346772632126289475
34556978741429915 31232819357995863
301462341631263374 80270563112724940
373195785098309070 219304466902888527
125532999287192258 53890860493741352
148841212425426054 111127770908779046
719685973800884532 181974535862891133
663172221523735513 20955679484659418
596029706218078403 468557746174464060
806921737724242314 680023659143980632
937190242671998327 137040072774741738
387406539853981989 387052008577290392
312812164427198438 268216624600338838
635637507159569590 72996742056301527
716289307662541930 698389544578879095
785343135803477665 272325087734014761
157224634095066162 70757813410974498
128522484412670169 96886330861519081
975845215908781979 90185489923735906
399237705449641073 353813293103723409
439228946174806623 164216927736762763
477080916348470461 153791537922137303
174218026911131881 6971968367808775
508906111153315027 167111706862093630
973045475441444873 492612844614111717
475840605395901410 381114526762976423
977161299719085799 878213418523967018
369501598094468441 305094040832690477
479049701777514107 142824980071909190
198325534463923292 30110890294665846
800924441331146166 213225916746683648
147180620943595639 143275563055140124
945728535650538127 46135098444365638
796561026501195047 636798257508821401
140770950705873106 102956277087198160
506410452963876511 308045060752828104
976782128534925663 766945125645252469
427918881758812850 180224934036524712
349188592619042367 19478636595762143
524748353213408690 104571562437916277
689490716952148421 275736220315345305
566986775330172491 528527350207007044
268403247082337415 249985313054949372
567381387307206888 368734295756723031
136940166995314464 2941112647863351
973543761786511702 598912179387566881
470195633983163316 393286177706013911
437931889265238497 17286627449986225
759537555139344696 722172320618178115
355005255443366467 11625417770371263
713501086688851293 75403090002952462
5699469812308161 5063095755523795
443724312221752413 376764114104445267
16079638761640415 11427223469481595
359103587867291008 129596294475927260
535702772461344585 314458248887455560
955754742858096595 302422684265547113
567411672683135103 461024785084322047
128749196578740203 86081664304678610
336037995135468235 306486847301063113
468651980886653214 51498487280955413
718984799195005066 182084463872390834
986493835396485175 986170234921012183
904172830867021099 654441791542281811
147146823650955972 63444403104370646
273942673392086833 267395043466828622
570196185723352081 495333883719052605
168065039813320226 146676646089303252
430431962070682835 31027746775294808
373100031395864307 343990515678874108
128706898611773293 59456869595193555
240166716630029087 110058619279308742
95406834534151128 57442520546408855
219646697329593081 82570139016725167
785944645685511445 653200650919421587
252134899455969333 32518535390130219
306032393485554100 175580357046299452
975316298649813233 134679291194789615
225694650177358927 194751627938641397
753728423604507358 472504559896441662
568863327363827792 529127018980233779
479627231763684073 281072427174576869
30590483438781607 13083701434811008
909506565479320744 218661597024445890
439311695325339073 51898134294556587
547705542184511496 458867473507199340
140981868026360043 30400496950535340
724825978412900914 441150727137403949
858158668136429296 255463330856797853
541854488149995751 385225242691784819
573351219346422284 174643124291543436
628098352713031193 534346913882331620
665891513435251620 594628994058542162
687455260814190655 87083081149391272
474039878440823823 42077260946303015
574440850840024752 512213714029832054
312856989682507124 306316484137770972
987744946079885028 438680687635279099
247117451352823362 125937781862897301
614977737960852065 524656759223766745
70123370062784834 9187403712299783
236953619637574018 85472094181103432
606281927392511840 347705029552802860
100747041620789931 56097443940907487
378930844937872259 300939449900803034
449258957564444178 367807198841619091
156721158850876882 67145227679597703
758832966066346611 460730847336647884
940008962762074858 298442931337638002
848085568389980685 617940228281601258
898824105577724432 271064745353652819
59798528448289766 50239698151946338
827064181412630415 416679257742765324
730675717254707923 535984653136123177
477346412368114538 109876487396898567
511679359708573028 180453728893475877
35475373739272217 29615087998693312
922527176624939195 574770220070462682
443417790112828240 423163206825295950
943993314434962760 28709136058846516
349634550210324329 19421007593763451
399796067557423189 376098130919734886
5432216117146051 4760160357490914
804040448214695148 86760038096891571
302125415972377936 79998287127324540
257270683347579688 62655567305635667
610477416312221782 301660230944377586
186063153742220305 37888656809848164
479224097104742542 398304722777156368
20762819098197740 12535277373863828
167420298631553967 35845273942562086
702833029073258767 219535000200092711
505421940821611339 152710198112003626
777170125238903583 242290286881436210
550860854401488088 188735590067782794
480145447963692861 183355014137657210
177627148305791836 75915376327626755
799320477770899374 492892925608684664
668492574525150067 630539883285383665
894324436090483519 555742124798151023
31990113303568311 24328987162347115
307332587790391146 77062321678953267
616740492174822616 454802362570670889
660362920598436033 171975684081021267
403109207472536173 189959960433711972
773655007084040456 279023606403608654
588743594067715079 76578328082769764
140853487452413771 131732741310251693
636387501549697187 556284488711131824
506438233109712238 414396900367561297
416498547983715741 222741486902835269
213949416451896031 45182886606208389
922544149201046676 508206483060972460
916503724432429006 797951813266211891
386003091473860738 354214932274767295
821675685041668065 768448064653233858
683701736411918025 434713458621219320
833664029192871332 831066564839163819
392008665975699025 65376631291783181
597988594347296998 234938438867061622
41038456136111179 36972249067372394
300388810014566066 224967491544306506
669156310917834036 555896408408798593
413335359942951596 83667089824470692
235260565301445160 188587118785428632
219174172878178918 29979424051436628
793246811675922411 179671467461922168
198661478827429576 188602946629007169
637926210801053182 324721746670611517
149016586271045290 127320424691784728
274768435377197904 166337335503958435
874326173356761875 472428435243695697
352684337749530332 40583359196625080
274206305014856481 238590434831623167
978641665194418674 575360342672013092
600359985866211859 366435164561523733
736677990482250693 477846632893419108
923187209372430332 516425969225887553
506520114905729905 503017387553055585
988704659030331921 473202474072905613
638738802068195592 180019755698796011
40010997256859279 20424628081396257
321201417772035573 36888622901516058
780153913936597818 434915765916664061
245056338230641971 207749510257692719
139199629385316370 93097006329062984
708629525465421363 455182216361461278
629574657043634741 531612060947374884
225999655089051715 58989942138808578
640581977682364778 313641185487530074
869666549269604963 84625439620791774
524280701252691320 409617284517356821
247793932385268851 192050344190123826
713298966479231265 351126917913958952
945243621915337385 562426684100748245
757155226067830732 181789058376397456
763482465029743359 621423776527478690
795878844389165005 651928064263561471
163930835251506186 17912968114539002
543752676297752941 241751023819275397
207974711410192752 63553643304791473
325490479461909585 98738576735294832
486363303932787699 212472298384608303
954731685665159650 451568249392510000
409914005865899548 210626963408800300
641878134154675723 267391164015032458
638067122107394927 99507798251539152
592876211079920211 415503250363435796
701052071356520457 279359388367128232
768796730367337971 136185557179227031
297409832922535721 208663531720302036
779861491641687820 566935293451694304
880648751033590005 215610593608449949
398534516657654136 242763689592942540
717340436897606407 215012115627585889
909784751153157203 114184429670956594
74835443050525111 26033474056863169
807082035137717441 732879917574422760
390866184561744927 350556253667164655
228973497722964186 119515512591459623
47639213894089291 6795234087651208
275437808996646335 197744697628180564
44304922523317448 4422150710944965
240798407315712625 208677305631983585
292791306292539811 120665099478787724
216829701710808614 41046896994324183
438260506889933097 300940521090731681
743894925337070461 16052048885797112
730958163500769536 243561797722724657
807872647188044918 11419430875685592
20512444670671800 12416746164970581
757249623989377966 335480970925372857
56122002460192082 47216439591683641
63890834698969692 21796595008718200
636958475995207529 130703578808408819
263306926150720040 77849521247064760
331236165669254098 191849089153855395
454229925976942996 57607408637349846
957884322682057074 927159013818793775
800535033943190336 357654126125580400
333524577874715059 253560329372414709
876791010609551470 409122009511930845
680085572098233876 530061616918491232
451984767003170339 40518027686577440
626188935319020055 254061755934723078
216205866303187750 182296547332459984
379537454863791132 110567955915626904
104464185763060400 103813301821772575
288025506317767450 101964831058165835
190316824010509534 42476485679396989
877998682327914191 169023887735539742
38840811088315777 23985919282529018
428274048224660657 354896205522949031
367670897517417526 70576786854170277
59168561594962683 48654659633184656
458905455498066406 445082762314862192
470544430946468526 227526241338846730
476710573573371661 112244022080044589
468951207373059469 450107357336945296
244252672840488934 144901718835583550
87117956875767645 61530460453769020
97486475870844440 45152266611708798
358902529864150854 342457529456224233
366634239959310768 245195287149217121
576255684995728084 395344828123483425
673086971096039456 87844268891746735
194844235786226635 174158950933917170
247664996464904668 12830270202751870
694745909393892202 415533406689698847
914437737772470954 558636323096653430
456564412461303908 421300217512658728
244503744666765917 239004799106933698
451230527444830480 321507316376920202
355667802494177561 262274720189261356
997324712915551957 374706760487635133
611578569175712124 215087684095967561
322138011566192212 146135927000348907
501244194501736127 16166823403840231
474556397680938278 74447496604331052
907595213236122216 752785340211660927
271379840939928994 21341649222128407
819701274782857210 789684608749282867
173332798806920393 13459227263823312
967525849052259251 613704414185452775
963052995096390045 694998420731245430
312807562124832281 218504934108502648
884093705495226790 118173045616517666
179999080186222552 58322716653070757
654846241027939518 556463352187030323
598395699770760352 454214106129959662
567599179284218900 553516038032076226
853639823431725979 152715856012320429
498772065009012444 148466164825937493
543397723097547318 368510115485966102
674894770490124903 289383157298865671
264543428347419118 64285770943994609
490120149093852492 83723748153385866
462028950080291949 368920352658347179
253731151619608833 213120593503215707
871337116452409977 137824402903926692
348485227070962838 253212708717062244
540087173233469632 377343268886592045
74485761841695536 28036120361211342
994454409178082436 963378512837024920
537498394880497388 379811955942118971
725342007112832927 181573900267133565
857756005884322987 53783860791833105
942568403268060681 394079735301085045
301780645056901415 222988164278914209
55159949292897772 42162862080536651
908955889271129615 641719868707904163
875604764051162955 572591399308485946
721949183587139653 392940012972412224
559157793688291260 27995315733031172
479848360544697042 476171221986766041
172258651138172411 172008447983931442
693597522378612277 392908508879011023
534165218760536547 336204052207968492
702321401132008508 115266756876864688
985077821224591987 303500381958352679
841874949579692963 65172885600108410
538247578344695165 393970342065743964
633655855841226115 234819271603801148
705616429707972339 76568412511079960
827768017789720362 226471603424842795
849710267403899567 85940252012480729
541568591125268387 168038713919075497
590406824534938355 133287728741290809
538260241726799632 215423362394369488
25799154900376500 23258432433601582
883121795514740328 827547152008603515
877439548906087089 292732271784349927
658676314340372065 549624198282638632
984883248302289789 437400877535852071
299350681480888778 5401022663937198
881031839877388897 166504093113317998
443613093989838537 121460123178573249
884848302129321833 110238306602653291
911568069530678696 271919881348339794
248959279589970754 202342444258787156
318540030812276832 152386971779192829
932686967192222660 308804492856982447
732822225631441413 313503008438674171
125049656909612174 38405908588789036
12281969622180664 1774945244187036
888663566491729621 611004303363409139
132225430139522587 47767240102094806
164398878065326690 45548654630756268
261961719269893067 45372325638323372
782279186478527690 227242614818619874
385845898237462452 331205424876735549
882021052772215780 391678849722448586
158972322187069841 21842646533540889
285103754982433312 25103291120210259
669727368113658444 458532038324664035
149756680701490498 118102407248791929
771949506417652806 120203968164253951
122030294813994134 44546289064278110
703303047242205828 77829560019203121
720040593220238300 244576091130949969
402921562106348861 39352575763170504
992299084440360813 6741349239921892
621077254469348188 364340606478534263
524059504818854329 100184972182013437
184828901071965375 152420431021814135
304057551328998779 78752309683764995
732365310529358657 696069637769423681
259581586625537313 108105189189622015
893808774499989735 382056226669427401
289278638927321957 279880742878184370
953663811718943605 325685955940223856
883195390573968628 826758976766008754
535110560548154977 445860522723020146
259325344439868890 256265227469110637
200224459918971215 11027898111660853
636151912115180348 222580556342758334
268605659630359434 7602845935803745
284652239373504685 175857297092637342
84253995478139420 31571594078363698
296794166525803941 131160714934176903
740639810565736263 521408843327012199
508237826491703770 197377430825671417
444733243087947816 371598930704577501
503566777636055006 143731828797392065
439062755366432729 3684950537991300
52454178418407994 33203151860259412
394930260326768039 360592828343697307
489077547054348960 60730003247867923
833897561754609230 515843268880361545
931974095836432390 299447254820576222
58258820299038260 53243697917117953
635266288681458392 373359293384139762
672493902506268529 644259798203516891
826868935352725829 154685876452573675
489092176976920697 37183408444659670
429025899926935688 141274822980169514
380215822742108978 275646438148871905
11388356889989069 9150020063322401
1321279336582099 201923435507426
208585640276004341 179109874138525287
115794749700018507 93218838343529115
328224174972018324 121674492012023433
387995933957332971 24650630034052317
508218298531930208 311689186478459338
253083215152512747 59972836039889201
430616615176545024 175014578175496636
322073248637551122 85538690070913001
199095654815817505 50338287258584800
168920539702099732 27943810000330548
912034385633232293 67949682036688277
818160285776734848 691483358320546567
479453196383839909 194284445294329825
897511759398557610 157941083905251038
364418325914459605 50071439830760922
707318634158041919 164748706068315910
113030485737709911 82702970744343414
786181425108690721 382220841864396975
700430636848391481 525439896169347043
776236127821185168 194617615770933193
733301246715026954 274979077816493270
732177212084557133 503750849270630027
146877382951810995 146251347718740454
25838557809023135 8583624011322841
647363994703137460 441049204977891953
2597262564326001 1249766091304832
85146816656790316 36927069367794087
912141507972564195 226538976732644306
144594639100726816 114583282491016366
792604999497151800 732410435975288702
405068812155515183 18066882558623773
15168608539418845 277008959640927
657761086003204076 26708689436125998
239339585992345624 205321670346360775
474544211963725120 181530905726668017
705025645127079201 4233995275642616
798446677573875246 781620573866128197
800458232508867517 20518846033199852
334390909018826822 176574582310040422
629741813678752188 528162441414613821
128427681675458823 52721208643114527
582337316551955569 33596998230189283
747071766962524713 419806569499369364
842325693785514097 287990012319507541
978523638455867668 472305884774977318
106960246690165602 71388442441104675
506302999005183957 50205745498279996
415381151473325024 149780204132186171
253643478277754877 120724820446889878
76946811597668923 18975411141467456
8376234114171695 6389024892285802
379160538840107174 374147789267214456
714626320341683554 383638895152141655
135734344846819455 16417261473117866
309715921250726587 293920523691897136
270522503247962836 207639103357587995
446325817084758564 87155421536441706
472036125412537044 310597077455225553
853639011485401781 712635257396573247
188609050050130584 39673590492075355
505433183249972466 15424836822130477
898194423829772516 114997725923799725
315035055919708565 67574121832609195
178094535662734438 14441598316466004
341762078579697127 120672319287378035
225021748199221270 128018853724692761
866098798519118046 602950757121979739
510937862285085590 173265762812596634
605482904290315905 6731365214379682
705684286839717494 697760386999164606
514579285387790417 188986192979610539
351692446784997569 154744245865577450
246370075422820690 184545305784722489
959800485688510981 29173480730603316
883199092061334869 185692648556556584
998594034499132055 700831520369514663
299520396305778601 249627801927525394
163161055509163565 4789618146751475
760428523989689118 644370926922289024
794400365736443755 225940098640163279
121592520982998236 18422247695407594
197530056574115421 85102174058331834
873028403530748053 7534236796237476
891536376313527808 577264460418832547
214186172485225712 29215046333507294
528315565187044935 102375127134270546
459880986584985353 452549839991512033
233170333087750216 150178446193750110
320017579392340843 215688851909910314
733647690548106454 264251594489230057
513734689465572905 437938136738154736
882543765931921747 207609440318755447
686920593377191438 298641568101050396
168831672144362555 90275240612265131
835693369975202943 394900593599430316
960540361556782088 224979859396574157
553062849348488412 6059537762228858
393340922463254164 194827966322607174
667693772511276035 37033832082137977
908500749706449423 333869908416359726
363619717371328450 261451535019647740
631831586340903859 536537535829967497
945363394637058066 263513737098552084
632313122778516746 440583523003371800
461422643754319632 249138162046689194
433578335129643179 210872222082772722
901274817105482851 621642025811977766
952191389581782872 938770611820046834
395393234592358996 153044478991585776
78068077537392413 29937049094665535
768438198755622876 466430426419504102
535344979516667138 12669740140657285
91415615650499399 4851576828089644
202479858415264252 156647005673460364
267650114760936840 241567534725891325
819157083145094638 624796594140441607
720171052084594151 625990127228836793
997522991168164232 466397161154712618
370696208355719133 267587192798037342
585732776071912872 168699425246535061
773849583505514366 510390969405681495
413967857482269805 266049627233521251
663059993297799883 369272333061403213
751036618348787575 28966709904348606
949202648781369394 219766899014727502
483026190445643090 481561109601007799
105539317989419188 101321065691270591
69391460756983746 10064506328112021
209494998669797074 174594711073158832
701454696602234126 2627332714975247
214073499249343052 11370012944038376
921925142748838941 881698141531307677
843059693844470278 118513582157325526
402039975735780323 390636725141023652
916606731564983504 762203139073249596
921698454704290638 322899110065220949
721520511832048030 101080998493600549
161637272286705870 154076040229728781
709796750395970815 239635844532997925
909831503603127901 759778651528420068
916186435106045055 1996475376689870
596146671363563636 344352600893296876
446280853157488180 115441415596587805
396290372905921145 90233009427884200
604021602999769078 25532387396889585
671983279298041435 383694369448016016
228953112592018499 179887100147999574
377693289961519932 208156889387295489
257329346400351629 175596871800478587
621977949848877596 519917482920785883
935964055491682079 209462969067689640
23408521912877886 4876772350423079
210011820288398615 123671929577409772
703781467513738587 624169186499907837
1027191910694111 521981003702290
320927042280587425 162912706841242273
630003183311909006 259361274764598099
876711701580394633 75376293152288022
444049346520941170 413244050141723044
278775747931874963 90292605147872374
497478287241679092 468791794808446231
465691970593191256 303660764686349325
76417248767882257 1206255457672330
118392024501480378 38394754720794767
877046220826559269 772301116741783184
598907513211801028 499938155507781626
336720383700294467 184218195840872193
696932558066960014 8943115847207223
980592748355869101 473142889395602343
99936437670407164 64004199289985593
221967651528559462 49683972808194894
911862931875725424 861220249244615181
888234962410823537 345470918064811819
846921805242332981 690491841127863012
191049589607092405 135854802578299612
40682313413908320 36685123850199769
899524174257499033 621631372091639165
870285566413244761 110290360633551212
269698934532569539 15005544646028475
578394472169816748 240654826338308484
948641899009000307 748618539970798656
825770454349383135 97943135512286129
662924101711596521 487007416905950909
854067067577084619 563943071120592514
251026286981272767 202603940895231108
975509748913622285 964087207078508318
477855818849121505 251500271031958826
252356946714091097 169408590278724215
364052335109994913 312716582991903516
457527973357887500 269439672909741450
538095720200197708 198841639961968361
529793739585927847 306351602244212153
735520077612206981 452359402167082813
979472133000356212 165883168329384078
126201787089217298 97717093133535017
614391105839711526 85299260259083037
877569860164052107 868427002847516827
704527122040876597 291526529871610703
173335779684773244 16062983308827920
154004989488476229 66355709284348765
789622113921792557 103336404259645253
114714630195898404 67239147711458798
249602776860951732 164803110613818652
697736214922378520 470636271055898316
284227131784849392 106497801011792977
377753457721951148 173164056027681270
248695347346812551 221322913299977483
720780390153347143 499397031781485981
96214280823204570 46474010081299864
50876689426364989 15415877790981248
70479135266394839 49648126536861692
891127578952727698 767578794690891078
457219431846601301 160845623512721586
470710829319454600 40958473100064968
236951410584007958 112361028307069403
832689085210142867 254100251723031876
433364796797923072 384758612543806097
849293243723676401 335945299287958098
