1000
56 35 42
90 58 66
2 94 46
78 53 78
34 92 69
80 2 41
80 33 25
84 38 75
58 91 89
79 26 26
53 100 79
91 25 16
41 87 80
46 13 17
15 28 37
25 47 39
93 21 57
31 9 97
41 97 68
47 25 9
91 35 47
72 40 83
31 30 58
80 70 89
45 70 62
66 69 9
88 17 98
79 7 62
5 92 68
20 46 63
22 20 89
56 57 34
64 20 30
75 71 84
49 37 81
19 8 1
82 20 52
100 33 89
27 5 38
95 22 15
75 76 37
91 2 82
81 79 13
16 66 96
79 46 84
75 18 61
36 54 38
46 60 37
100 87 47
5 5 86
95 61 13
55 2 71
88 64 68
43 19 26
73 41 26
23 100 5
24 89 95
31 15 100
7 54 41
56 22 38
33 24 78
85 93 63
38 18 74
20 14 88
70 29 55
49 18 95
48 46 58
35 73 75
41 48 10
95 23 15
11 97 8
8 61 41
39 62 100
28 95 98
74 92 31
64 76 28
36 60 91
83 15 78
54 53 91
46 65 73
74 13 7
76 86 17
59 30 79
16 74 2
8 2 87
60 100 78
77 67 94
91 77 63
2 64 93
90 16 86
98 87 25
50 20 90
38 6 39
67 45 63
72 53 57
48 59 23
84 32 46
65 77 89
30 65 81
26 91 40
76 70 22
70 15 34
50 36 93
56 43 8
41 58 27
4 25 17
6 37 12
74 27 60
17 37 79
45 38 11
16 39 79
67 43 20
61 12 61
81 8 37
79 40 83
75 9 23
69 18 21
97 24 78
8 88 1
7 33 36
44 4 23
84 63 23
19 87 86
16 86 48
34 9 32
4 64 27
36 86 34
36 61 83
24 81 77
18 28 91
6 90 18
54 18 72
84 98 55
96 97 9
32 77 66
5 85 97
26 57 61
75 33 74
78 21 43
79 13 6
79 8 72
10 87 38
85 73 67
75 31 59
57 61 15
54 84 77
54 36 40
100 31 47
17 75 28
91 65 22
53 92 12
21 94 36
91 47 20
23 34 79
59 82 94
6 56 93
53 48 15
75 28 25
0 10 42
23 68 11
52 10 20
54 13 86
49 32 95
40 76 92
61 29 41
58 90 100
94 54 91
40 9 35
92 4 28
12 71 89
91 10 57
20 41 6
87 20 40
34 14 7
38 10 22
12 9 17
22 45 39
16 93 89
23 24 41
51 57 31
38 2 57
62 46 1
82 70 56
32 67 10
7 62 58
31 32 20
31 3 8
87 57 12
33 58 9
42 67 14
12 72 83
53 85 73
83 56 97
67 14 93
90 14 81
88 5 55
89 37 94
82 77 39
33 20 79
43 54 4
23 70 19
22 95 30
91 77 4
36 22 35
76 45 72
85 74 65
69 25 52
23 66 83
61 56 2
9 10 84
38 3 52
85 2 99
81 16 88
18 56 55
4 11 83
94 29 61
75 68 11
67 77 35
83 89 31
41 62 75
2 100 54
79 4 33
67 53 15
19 77 72
51 72 5
97 10 91
2 57 53
22 61 99
95 95 17
66 17 16
63 39 40
58 27 76
88 98 52
84 90 42
52 20 71
75 40 70
50 22 86
32 68 96
76 58 19
78 13 34
16 15 64
87 70 20
25 61 69
93 24 72
59 75 48
57 14 13
61 6 25
48 100 7
1 42 57
100 76 79
75 93 5
98 80 87
46 100 80
57 76 70
2 21 41
29 81 85
61 18 70
8 7 32
20 60 5
99 95 91
27 23 13
60 38 13
5 42 25
6 33 77
91 59 33
54 83 44
38 42 11
6 23 99
19 80 12
84 95 42
64 15 25
19 25 7
11 45 87
11 30 40
65 83 43
57 98 14
93 62 88
2 48 25
58 20 22
19 90 69
25 18 17
37 87 64
67 12 75
28 62 38
6 74 68
63 73 6
88 40 84
91 86 25
87 81 48
21 99 3
28 13 37
2 93 86
67 48 15
93 68 55
43 86 20
23 36 86
58 18 38
75 52 73
96 33 27
17 17 24
40 32 40
20 11 46
85 85 71
10 33 33
7 56 41
57 38 52
65 77 76
57 41 42
53 28 74
37 17 62
66 89 30
61 65 100
19 54 59
43 72 63
79 94 60
100 91 42
93 61 47
8 61 3
100 98 41
51 16 84
70 59 36
57 48 78
16 11 38
44 52 32
4 62 87
91 54 60
50 65 61
96 2 72
14 36 81
98 69 74
79 69 11
87 37 39
93 91 57
99 35 58
84 74 99
18 18 95
52 68 11
49 78 52
41 35 64
13 62 69
91 48 60
37 43 86
50 45 96
49 22 17
50 22 39
34 38 11
76 27 10
53 52 65
99 91 5
67 60 99
12 55 55
100 17 30
67 58 20
64 16 62
55 94 47
94 7 87
24 66 29
14 60 30
12 83 57
35 22 38
51 52 94
93 54 6
38 13 25
75 18 15
81 45 30
19 71 93
25 2 9
50 42 68
82 56 91
96 95 29
0 39 48
88 27 3
33 70 76
11 10 80
23 7 39
83 88 33
40 47 81
65 91 93
28 43 83
10 22 55
91 86 32
54 47 14
95 85 81
56 92 59
67 19 16
27 69 53
62 46 8
68 63 40
81 64 70
98 29 77
34 92 25
93 79 38
44 5 97
33 44 96
91 63 85
52 71 98
50 69 97
36 64 15
10 38 38
40 67 34
62 17 11
59 22 76
79 6 20
16 96 54
51 66 33
31 11 66
61 88 67
48 48 69
17 53 33
8 67 44
49 86 5
93 94 28
0 27 62
12 8 16
66 20 11
99 99 99
80 32 67
1 97 39
96 44 13
20 60 75
14 46 40
61 34 14
90 37 82
49 47 74
23 1 19
98 31 67
59 89 41
74 98 45
22 28 37
44 95 98
1 94 5
77 18 99
91 2 12
3 75 98
4 38 5
53 46 81
39 81 80
0 30 70
84 58 56
73 91 41
82 79 96
45 62 57
29 11 42
67 94 53
35 81 8
65 46 89
94 13 95
96 28 17
67 1 56
53 89 74
94 41 86
42 67 86
75 2 67
65 48 46
34 26 6
59 19 85
55 55 17
31 20 6
77 91 2
86 82 81
91 74 34
62 90 75
84 70 75
41 98 74
100 28 10
35 55 45
100 91 18
75 97 39
42 73 40
97 96 54
84 63 8
17 63 22
85 71 33
68 76 65
75 69 6
11 72 92
81 69 83
30 44 90
6 97 77
1 23 57
52 29 5
30 9 85
11 73 54
87 21 91
20 73 91
69 91 72
19 23 85
18 13 17
53 22 1
28 53 36
52 90 42
9 70 2
31 9 89
95 88 7
13 15 91
38 20 36
52 72 19
12 88 91
93 28 75
85 96 27
8 100 13
85 70 9
57 59 38
1 52 5
74 32 16
69 96 3
39 12 84
4 86 31
100 64 45
34 98 65
100 26 16
13 94 70
45 58 33
97 44 64
83 41 63
6 10 20
32 46 61
24 84 57
23 65 87
43 82 18
80 25 64
53 97 9
21 80 63
10 55 27
59 96 91
57 66 7
84 69 3
89 11 13
97 44 60
22 21 46
16 35 59
78 84 95
63 38 11
78 31 43
47 2 34
16 10 4
55 3 20
38 87 35
0 20 21
73 6 68
5 77 3
68 82 88
95 52 21
14 58 26
42 33 100
32 98 7
72 96 80
79 48 79
94 24 53
2 47 93
76 7 28
4 95 82
7 34 65
41 97 37
100 35 40
30 64 56
25 93 2
48 55 54
100 1 1
36 17 39
97 40 88
96 10 58
84 90 1
7 72 10
71 76 48
56 83 72
15 27 85
59 60 85
98 13 29
45 54 78
31 9 91
51 76 26
97 58 73
73 81 87
42 8 52
30 57 67
37 77 96
68 85 59
30 15 68
25 63 58
21 6 39
50 78 61
100 37 76
71 28 4
50 96 59
87 12 14
29 2 60
46 4 73
7 55 85
33 17 14
39 94 64
79 48 76
74 29 63
52 79 8
99 13 4
56 91 37
1 45 6
17 43 82
37 92 57
74 9 58
9 77 77
31 8 81
66 22 24
88 98 54
20 28 98
100 89 96
35 55 63
82 47 46
38 36 53
21 28 21
15 73 20
6 90 7
32 60 75
29 25 59
62 17 79
5 4 81
29 21 13
11 69 57
34 59 57
34 21 80
41 5 75
62 86 17
57 10 21
68 6 13
20 18 1
62 44 84
29 16 45
20 56 46
3 82 67
15 100 82
61 11 97
5 21 40
60 24 94
13 64 55
28 95 81
46 38 10
17 8 18
60 81 83
5 95 26
0 33 60
84 5 4
96 100 18
21 88 44
93 8 68
67 73 45
2 35 88
47 1 94
34 5 87
80 5 56
60 86 100
28 74 83
87 22 56
90 98 72
58 58 81
76 23 47
20 46 23
6 53 79
90 63 36
88 56 9
13 66 1
18 89 10
12 59 63
13 62 100
95 21 59
31 57 62
61 58 61
21 66 14
98 100 65
52 68 7
4 84 60
22 75 38
70 93 6
41 9 44
37 33 85
73 93 3
90 22 23
16 66 92
100 18 7
58 20 9
57 64 92
82 93 96
17 26 74
83 77 15
31 47 82
10 72 100
60 68 69
91 24 30
63 93 100
92 80 87
37 29 63
96 74 56
41 88 72
93 5 46
42 62 90
79 87 63
97 7 12
51 34 61
74 24 4
85 67 94
46 18 82
75 91 13
53 61 85
40 79 88
5 66 37
90 67 82
1 13 64
83 81 21
12 39 71
15 14 85
29 35 24
69 3 81
21 61 42
91 5 25
70 44 46
95 92 84
82 45 77
17 79 13
15 74 4
13 45 52
32 96 39
85 33 65
99 70 27
12 98 95
7 79 5
36 87 6
25 55 35
87 93 35
61 30 32
61 38 36
93 92 92
52 56 84
44 71 96
86 15 32
51 65 58
90 69 64
14 30 25
56 82 23
34 29 37
76 78 55
91 63 31
57 87 8
20 98 70
3 98 22
25 60 20
7 29 86
27 56 28
51 26 61
91 9 77
66 98 21
32 94 82
94 11 37
34 72 48
55 48 15
75 37 68
44 7 12
69 96 28
81 4 75
77 83 58
1 90 31
7 38 80
31 46 91
34 67 6
45 61 96
28 1 34
30 74 67
7 21 17
29 23 13
95 11 94
42 12 84
90 47 68
89 74 71
59 43 87
7 68 97
49 34 10
23 79 47
97 14 17
16 53 10
94 75 65
43 99 74
5 20 37
78 28 94
8 31 78
10 37 85
42 58 87
28 9 52
94 30 1
46 60 87
83 27 46
16 46 80
98 39 27
30 17 52
86 23 47
98 85 64
13 69 20
82 65 54
97 87 65
60 98 27
13 55 55
34 78 21
53 66 72
82 86 16
63 4 15
92 7 98
67 5 11
28 44 77
20 56 69
22 14 70
14 12 58
97 37 34
39 62 18
57 58 89
29 21 89
86 98 75
55 80 45
54 84 33
60 4 61
46 26 68
53 77 48
54 12 86
6 26 84
55 32 37
25 54 15
34 64 3
100 84 31
16 48 34
48 21 33
95 53 33
46 100 56
16 20 13
28 2 36
4 47 1
22 97 31
27 39 58
19 15 33
34 78 66
27 63 72
73 44 1
21 1 14
41 26 27
87 37 94
41 20 71
100 31 11
23 76 96
66 15 25
41 12 92
60 5 38
77 41 62
8 13 21
25 43 2
60 52 78
16 58 27
25 76 48
78 23 25
82 24 95
54 98 4
3 38 18
76 82 99
89 41 20
100 6 31
67 7 97
10 5 43
79 20 6
59 46 2
12 7 78
62 24 38
0 34 29
69 39 59
52 96 17
0 55 55
2 59 23
47 53 21
100 55 38
76 10 62
86 14 22
17 81 100
7 13 96
24 100 35
94 30 5
6 36 66
7 25 48
72 98 89
17 73 94
13 9 38
47 27 8
39 5 38
47 66 45
85 13 84
71 86 34
1 28 70
27 97 67
34 44 91
6 54 76
69 82 83
13 21 19
31 40 41
70 35 40
47 8 15
40 29 19
67 54 42
30 94 18
15 81 62
12 25 45
57 28 81
0 42 24
38 73 58
74 32 14
53 86 23
68 31 60
24 57 9
96 23 25
62 87 92
70 87 37
58 36 22
51 61 55
8 3 76
89 48 41
46 71 15
3 22 39
56 48 75
44 31 91
49 73 97
3 19 75
35 68 35
59 8 29
97 40 45
50 95 41
94 20 21
0 65 91
27 61 19
75 30 25
48 16 37
14 89 2
93 6 84
56 6 32
100 27 67
51 7 31
24 57 38
19 32 69
77 88 1
25 69 7
69 62 92
78 12 41
48 38 28
86 7 52
13 82 4
58 86 97
36 98 27
57 26 71
92 40 17
93 73 87
16 58 42
45 4 63
58 12 24
98 55 70
53 80 34
33 56 65
27 86 68
100 23 20
47 74 14
72 21 28
95 85 18
85 55 91
80 46 30
54 93 10
96 31 25
2 1 3
28 11 21
72 17 12
30 86 56
67 68 52
19 78 93
15 40 98
79 37 2
0 20 25
81 14 29
90 69 60
31 11 98
76 84 67
82 94 57
72 84 72
47 12 95
96 46 59
63 53 74
82 35 76
89 8 11
45 39 23
56 56 52
84 1 80
38 27 52
61 95 87
52 91 16
42 91 58
92 3 36
82 98 10
80 94 17
99 77 4
38 91 22
32 43 54
37 65 24
66 26 38
