D
1 0
1 1
1 11

D
1 0
1 1
1 2

D
1 1
1 2
1 3

D
1 2
1 3
1 4

D
1 3
1 4
1 5

D
1 4
1 5
1 6

D
1 5
1 6
1 7

D
1 6
1 7
1 8

D
1 7
1 8
1 9

D
1 10
1 8
1 9

D
1 10
1 11
1 9

D
1 0
1 10
1 11

D
2 1
2 11
3 0

D
2 1
2 2
3 0

D
2 1
2 2
2 3

D
2 2
2 3
2 4

D
2 3
2 4
2 5

D
2 4
2 5
2 6

D
2 5
2 6
2 7

D
2 6
2 7
2 8

D
2 7
2 8
2 9

D
2 10
2 8
2 9

D
2 10
2 11
2 9

D
2 10
2 11
3 0

D
3 11
4 0
4 1

D
3 2
4 0
4 1

D
3 2
3 3
4 1

D
3 2
3 3
3 4

D
3 3
3 4
3 5

D
3 4
3 5
3 6

D
3 5
3 6
3 7

D
3 6
3 7
3 8

D
3 7
3 8
3 9

D
3 10
3 8
3 9

D
3 10
3 11
3 9

D
3 10
3 11
4 0

D
4 0
4 11
5 1

D
4 0
5 1
5 2

D
4 3
5 1
5 2

D
4 3
4 4
5 2

D
4 3
4 4
4 5

D
4 4
4 5
4 6

D
4 5
4 6
4 7

D
4 6
4 7
4 8

D
4 7
4 8
4 9

D
4 10
4 8
4 9

D
4 10
4 11
4 9

D
4 0
4 10
4 11

D
5 0
5 1
5 11

D
5 0
5 1
6 2

D
5 1
6 2
6 3

D
5 4
6 2
6 3

D
5 4
5 5
6 3

D
5 4
5 5
5 6

D
5 5
5 6
5 7

D
5 6
5 7
5 8

D
5 7
5 8
5 9

D
5 10
5 8
5 9

D
5 10
5 11
5 9

D
5 0
5 10
5 11

D
6 0
6 1
6 11

D
6 0
6 1
6 2

D
6 1
6 2
7 3

D
6 2
7 3
7 4

D
6 5
7 3
7 4

D
6 5
6 6
7 4

D
6 5
6 6
6 7

D
6 6
6 7
6 8

D
6 7
6 8
6 9

D
6 10
6 8
6 9

D
6 10
6 11
6 9

D
6 0
6 10
6 11

D
7 0
7 1
7 11

D
7 0
7 1
7 2

D
7 1
7 2
7 3

D
7 2
7 3
8 4

D
7 3
8 4
8 5

D
7 6
8 4
8 5

D
7 6
7 7
8 5

D
7 6
7 7
7 8

D
7 7
7 8
7 9

D
7 10
7 8
7 9

D
7 10
7 11
7 9

D
7 0
7 10
7 11

D
8 0
8 1
8 11

D
8 0
8 1
8 2

D
8 1
8 2
8 3

D
8 2
8 3
8 4

D
8 3
8 4
9 5

D
8 4
9 5
9 6

D
8 7
9 5
9 6

D
8 7
8 8
9 6

D
8 7
8 8
8 9

D
8 10
8 8
8 9

D
8 10
8 11
8 9

D
8 0
8 10
8 11

D
9 0
9 1
9 11

D
9 0
9 1
9 2

D
9 1
9 2
9 3

D
9 2
9 3
9 4

D
9 3
9 4
9 5

D
9 4
9 5
10 6

D
9 5
10 6
10 7

D
9 8
10 6
10 7

D
9 8
9 9
10 7

D
9 10
9 8
9 9

D
9 10
9 11
9 9

D
9 0
9 10
9 11

D
10 0
10 1
10 11

D
10 0
10 1
10 2

D
10 1
10 2
10 3

D
10 2
10 3
10 4

D
10 3
10 4
10 5

D
10 4
10 5
10 6

D
10 5
10 6
11 7

D
10 6
11 7
11 8

D
10 9
11 7
11 8

D
10 10
10 9
11 8

D
10 10
10 11
10 9

D
10 0
10 10
10 11

D
11 0
11 1
11 11

D
11 0
11 1
11 2

D
11 1
11 2
11 3

D
11 2
11 3
11 4

D
11 3
11 4
11 5

D
11 4
11 5
11 6

D
11 5
11 6
11 7

D
11 6
11 7
12 8

D
11 7
12 8
12 9

D
11 10
12 8
12 9

D
11 10
11 11
12 9

D
11 0
11 10
11 11

D
12 0
12 1
12 11

D
12 0
12 1
12 2

D
12 1
12 2
12 3

D
12 2
12 3
12 4

D
12 3
12 4
12 5

D
12 4
12 5
12 6

D
12 5
12 6
12 7

D
12 6
12 7
12 8

D
12 7
12 8
13 9

D
12 8
13 10
13 9

D
12 11
13 10
13 9

D
12 0
12 11
13 10

D
13 0
13 1
14 11

D
13 0
13 1
13 2

D
13 1
13 2
13 3

D
13 2
13 3
13 4

D
13 3
13 4
13 5

D
13 4
13 5
13 6

D
13 5
13 6
13 7

D
13 6
13 7
13 8

D
13 7
13 8
13 9

D
13 10
13 8
13 9

D
13 10
13 9
14 11

D
13 0
13 10
14 11

11 11 12 1 1 1 1 1 1 1 1 1 1 2

14
