100
38 441
1 6
384 484
1 101
65 302
476 942
65 742
9 221
303 584
1 10
422 970
384 485
4 584
1 121
1 5
483 584
801 928
1 9
8 742
123 789
1 1000
223 432
512 684
21 742
7 109
4 397
62 927
169 693
22 649
36 816
3 121
122 1000
9 302
4 109
120 122
7 9
38 165
510 670
8 9
1 4
3 10
21 302
4 122
121 584
3 104
121 484
1 2
4 104
818 958
1 122
1 302
358 533
9 65
3 5
21 122
4 4
180 247
4 10
95 549
3 109
713 827
120 484
122 483
384 742
3 65
1 221
9 109
508 726
484 584
77 368
9 122
484 742
68 488
479 535
7 221
100 1000
484 485
505 978
3 4
148 893
384 488
108 791
4 5
665 812
8 121
824 928
565 812
186 904
68 746
1 485
10 120
3 6
380 883
21 484
1 109
1 65
1 1
21 221
120 221
7 485
