1
2
3
4
5
6
7
8
9
10
11
12
13
14
15
16
17
18
19
20
21
22
23
24
25
26
27
28
29
30
31
32
33
34
35
36
37
38
39
40
41
42
43
44
45
46
47
48
49
50
51
52
53
54
55
56
57
58
59
60
61
62
63
64
65
66
67
68
69
70
71
72
73
74
75
76
77
78
79
80
81
82
83
84
85
86
87
88
89
90
91
92
93
94
95
96
97
98
99
100
10000000
9999999
9999998
9999997
9999996
9999995
9999994
9999993
9999992
9999991
9999990
9999989
9999988
9999987
9999986
9999985
9999984
9999983
9999982
9999981
9999980
9999979
9999978
9999977
9999976
9999975
9999974
9999973
9999972
9999971
9999970
9999969
9999968
9999967
9999966
9999965
9999964
9999963
9999962
9999961
9999960
9999959
9999958
9999957
9999956
9999955
9999954
9999953
9999952
9999951
9999950
9999949
9999948
9999947
9999946
9999945
9999944
9999943
9999942
9999941
9999940
9999939
9999938
9999937
9999936
9999935
9999934
9999933
9999932
9999931
9999930
9999929
9999928
9999927
9999926
9999925
9999924
9999923
9999922
9999921
9999920
9999919
9999918
9999917
9999916
9999915
9999914
9999913
9999912
9999911
9999910
9999909
9999908
9999907
9999906
9999905
9999904
9999903
9999902
9999901
4289384
6930887
1692778
4636916
7747794
4238336
9885387
9760493
6516650
9641422
5202363
490028
3368691
2520060
4897764
7513927
5180541
383427
4089173
3455737
5005212
1595369
4702568
6956430
6465783
1021531
8722863
3665124
5174068
8703136
1513930
1979803
5634023
5723059
9133070
5898168
9961394
9018457
8175012
6478043
1176230
3377374
9484422
4544920
8413785
6898538
4575199
3594325
9798316
8664371
9566414
4803527
2776092
4268981
1759957
9241874
7806863
2999171
2906997
5497282
1702306
4420926
7477085
7336328
2660337
9126506
5750847
2621730
661314
3925858
1616125
4353896
9819583
1100546
8898815
8233368
515435
5990365
4344044
313751
7171088
6426809
5117277
9947179
695789
9393585
1705404
8502652
2392755
4612400
3999933
4095061
1549677
3993369
3947740
4210013
5636227
9698587
9348095
6297540
0
