100
6 2 0 2 0 2 0
3 1 0 2 0 0 0
6 2 0 1 1 2 0
4 0 0 2 0 0 2
5 2 0 2 1 0 0
6 0 1 2 0 2 1
16 3 3 3 2 3 2
12 3 1 3 1 3 1
731 11 10 346 8 13 343
685 248 78 19 245 79 16
6 2 0 3 1 0 0
965 118 284 81 115 286 81
5 1 0 2 0 0 2
999 500 0 249 0 250 0
544 211 0 169 0 164 0
985 292 163 38 291 163 38
5 1 1 1 0 2 0
5 1 1 0 1 2 0
172 4 63 19 2 66 18
6 1 0 2 0 2 1
998 167 166 167 166 166 166
7 2 0 2 1 2 0
999 167 166 167 166 167 166
9 3 1 2 0 2 1
7 3 0 2 1 0 1
498 4 112 134 4 112 132
8 2 1 2 1 1 1
583 17 148 127 15 151 125
202 48 0 16 0 138 0
7 2 2 0 1 2 0
999 500 0 0 0 499 0
4 1 0 3 0 0 0
741 127 0 582 0 32 0
999 499 0 250 0 250 0
13 3 1 3 1 3 2
7 3 0 2 0 2 0
528 4 260 1 2 260 1
461 149 0 26 0 286 0
575 32 53 204 29 56 201
288 27 7 111 25 10 108
323 58 31 72 57 33 72
193 23 28 48 20 29 45
1000 250 0 500 0 250 0
3 0 0 3 0 0 0
493 202 0 170 0 121 0
5 0 2 0 0 3 0
3 1 0 1 0 1 0
160 20 12 49 18 15 46
4 2 0 1 0 1 0
1000 499 0 0 0 501 0
4 3 0 0 1 0 0
7 0 1 2 1 2 1
4 2 1 0 1 0 0
474 65 6 167 62 9 165
3 1 0 0 2 0 0
5 0 0 3 0 2 0
467 150 55 30 147 57 28
959 311 167 2 311 168 0
999 1 249 250 0 250 249
5 1 0 3 0 1 0
4 1 0 2 0 0 1
999 0 0 500 0 0 499
1000 500 0 500 0 0 0
8 2 0 2 1 2 1
18 9 0 0 7 2 0
997 249 0 249 248 3 248
999 332 1 332 1 332 1
512 81 9 168 78 10 166
999 1 0 499 0 499 0
7 1 0 2 0 3 1
408 171 24 8 171 26 8
1000 250 0 250 249 2 249
4 1 0 1 0 2 0
999 0 0 499 0 0 500
8 1 1 2 1 2 1
7 2 1 1 1 2 0
7 2 1 0 1 2 1
6 3 0 0 0 3 0
998 250 249 0 249 250 0
611 225 60 22 222 60 22
14 3 2 3 1 3 2
249 29 63 34 26 65 32
4 1 0 2 0 1 0
8 2 1 1 1 2 1
4 2 0 0 0 2 0
3 0 0 2 0 0 1
851 55 305 68 52 306 65
763 379 0 106 0 278 0
394 8 83 107 5 85 106
319 101 47 12 100 47 12
6 1 0 3 0 2 0
7 2 1 2 1 0 1
1000 499 0 1 0 500 0
15 3 2 3 2 3 2
1000 334 0 333 0 333 0
999 333 0 333 0 333 0
478 80 12 148 79 13 146
996 250 0 250 248 0 248
1000 500 0 0 500 0 0
628 3 24 286 2 27 286
