99
6 2 0 2 0 2 0
3 1 0 2 0 0 0
323 85 0 132 0 106 0
1000 499 0 0 0 501 0
370 181 0 33 0 156 0
798 203 0 341 0 254 0
71 30 0 12 0 29 0
1000 500 0 500 0 0 0
853 341 0 391 0 121 0
133 60 0 40 0 33 0
4 1 0 2 0 1 0
86 35 0 23 0 28 0
4 2 0 1 0 1 0
41 20 0 8 0 13 0
336 78 0 119 0 139 0
452 138 0 130 0 184 0
730 345 0 244 0 141 0
480 174 0 164 0 142 0
157 48 0 60 0 49 0
6 1 0 3 0 2 0
709 65 0 343 0 301 0
792 413 0 196 0 183 0
522 82 0 71 0 369 0
123 41 0 51 0 31 0
7 3 0 2 0 2 0
4 1 0 1 0 2 0
999 333 0 333 0 333 0
5 2 0 2 0 1 0
6 3 0 0 0 3 0
3 1 0 1 0 1 0
980 379 0 321 0 280 0
402 130 0 131 0 141 0
4 1 0 3 0 0 0
175 73 0 64 0 38 0
4 2 0 2 0 0 0
999 500 0 0 0 499 0
195 95 0 56 0 44 0
155 34 0 76 0 45 0
5 1 0 3 0 1 0
854 186 0 369 0 299 0
5 0 0 3 0 2 0
480 229 0 211 0 40 0
269 105 0 88 0 76 0
723 161 0 514 0 48 0
6 3 0 2 0 1 0
949 269 0 282 0 398 0
1000 499 0 1 0 500 0
1000 250 0 500 0 250 0
778 332 0 92 0 354 0
550 205 0 221 0 124 0
116 47 0 49 0 20 0
612 92 0 488 0 32 0
999 1 0 499 0 499 0
999 499 0 250 0 250 0
787 449 0 271 0 67 0
4 2 0 0 0 2 0
50 25 0 14 0 11 0
1000 334 0 333 0 333 0
493 202 0 170 0 121 0
920 155 0 393 0 372 0
45 31 0 4 0 10 0
317 130 0 145 0 42 0
22 10 0 3 0 9 0
118 37 0 27 0 54 0
108 42 0 51 0 15 0
980 449 0 153 0 378 0
3 0 0 3 0 0 0
78 25 0 16 0 37 0
749 160 0 349 0 240 0
999 500 0 249 0 250 0
960 84 0 809 0 67 0
135 22 0 50 0 63 0
811 489 0 242 0 80 0
433 187 0 144 0 102 0
219 100 0 74 0 45 0
887 339 0 391 0 157 0
612 221 0 85 0 306 0
276 11 0 203 0 62 0
186 59 0 38 0 89 0
800 387 0 41 0 372 0
617 250 0 79 0 288 0
715 205 0 321 0 189 0
144 17 0 59 0 68 0
476 48 0 222 0 206 0
77 32 0 14 0 31 0
542 71 0 223 0 248 0
607 155 0 189 0 263 0
26 12 0 13 0 1 0
772 364 0 245 0 163 0
517 121 0 258 0 138 0
226 108 0 35 0 83 0
520 36 0 243 0 241 0
3 2 0 0 0 1 0
183 85 0 62 0 36 0
963 471 0 170 0 322 0
256 116 0 82 0 58 0
964 462 0 105 0 397 0
934 174 0 675 0 85 0
45 7 0 21 0 17 0
