10
3 46
576
8 66 707
2 68 697
16 30 535
3 62 229
15 58 399
5 51 411
12 68 540
16 3 632
4 53 320
15 60 793
18 61 274
3 63 375
6 10 637
16 48 644
8 5 183
19 39 356
21 9 786
1 15 583
10 54 380
15 35 48
12 73 763
11 45 33
20 75 672
12 6 621
7 23 780
7 69 743
17 60 165
12 46 310
2 77 781
19 38 341
17 18 112
5 71 530
17 38 741
16 62 182
11 31 258
9 9 283
6 10 547
1 8 712
15 56 235
20 8 755
13 77 647
16 10 12
13 35 625
3 76 675
20 13 290
18 25 709
15 15 176
18 11 360
19 58 689
8 17 238
4 73 353
12 41 378
14 47 322
5 50 474
10 69 647
4 53 790
3 76 533
10 9 605
10 32 18
7 36 158
21 19 223
11 24 670
13 12 101
11 12 661
15 58 591
11 25 690
4 66 216
20 23 608
2 40 87
8 40 236
10 67 637
20 74 322
8 11 765
4 44 238
10 61 143
6 35 169
5 63 369
6 63 534
21 43 398
5 37 788
19 62 1
16 76 258
17 56 304
18 50 453
21 30 609
1 8 771
19 71 428
10 58 691
9 17 202
21 28 262
11 20 330
15 74 417
21 9 783
2 32 254
18 5 497
12 54 631
8 54 484
18 42 757
4 32 16
8 43 128
13 32 153
21 69 101
12 38 751
20 46 266
7 19 671
3 23 769
2 13 126
11 28 229
11 38 53
7 4 125
3 77 266
15 52 157
5 58 786
1 49 35
8 35 69
1 19 290
16 74 463
21 28 202
1 52 246
7 40 204
7 44 668
19 4 451
7 61 258
5 56 733
11 36 161
2 78 427
9 51 496
3 35 768
4 19 190
21 4 220
7 69 523
18 27 537
12 35 12
10 9 763
9 45 706
16 51 96
19 37 364
15 9 601
17 27 86
2 67 499
1 57 623
13 31 234
9 14 320
1 66 54
2 36 756
10 43 455
11 70 159
17 40 403
14 61 499
21 17 516
12 66 390
2 53 424
17 33 746
1 12 592
8 11 201
7 44 696
11 49 641
18 3 726
2 73 740
15 2 398
14 4 500
5 73 566
2 57 25
20 39 485
6 17 156
13 23 267
2 53 597
4 15 399
5 25 73
18 35 334
14 75 235
11 19 564
19 33 696
20 49 208
4 29 364
21 15 350
19 5 532
13 70 612
5 51 581
11 71 717
13 76 504
9 3 453
21 79 403
16 23 113
11 70 112
13 68 306
5 48 548
11 31 78
18 11 727
11 2 622
15 28 460
12 10 593
4 12 790
9 30 348
3 8 470
20 50 641
19 24 624
2 52 72
14 11 69
10 58 785
19 24 501
11 34 445
19 45 245
10 10 778
4 79 457
16 23 636
21 18 138
11 29 28
7 48 101
5 68 252
7 76 302
4 29 454
5 44 66
12 32 747
14 9 84
12 78 114
7 36 303
1 29 604
12 74 14
16 15 480
5 53 376
13 46 155
4 36 365
12 43 657
14 50 687
16 79 773
10 24 515
9 30 460
18 75 451
4 16 225
8 33 464
6 11 462
21 61 693
4 5 534
3 44 326
21 48 722
8 66 344
17 36 423
8 11 455
1 3 518
7 60 672
8 58 531
2 64 601
10 18 583
17 74 636
15 37 401
17 21 469
2 10 241
10 76 640
5 38 76
5 22 221
7 54 639
12 15 161
16 13 697
8 13 670
10 41 190
13 68 468
10 11 308
15 71 572
20 67 317
11 79 768
19 10 430
7 9 533
21 22 529
19 21 680
1 44 141
7 24 211
3 77 231
7 62 412
8 61 111
10 59 702
16 66 687
11 23 528
13 48 551
7 25 690
5 9 393
21 54 215
19 46 676
5 1 453
16 47 90
19 41 703
7 12 700
7 78 207
8 55 163
8 73 704
2 64 333
18 19 720
7 28 612
5 25 469
16 68 79
9 23 174
7 14 432
19 15 290
7 17 687
6 45 793
18 68 38
2 59 203
21 56 763
5 76 622
5 50 468
9 73 546
19 55 733
4 4 340
15 34 458
19 61 178
16 67 254
3 54 624
1 7 205
18 62 707
2 41 223
3 58 242
4 10 20
16 49 525
3 6 164
4 3 211
18 45 23
16 12 104
13 16 125
15 71 457
7 39 517
8 46 44
18 1 634
1 7 480
2 66 781
11 9 733
5 64 459
21 17 726
7 65 583
14 76 57
4 43 786
7 50 383
1 29 484
15 68 346
7 40 3
3 19 669
14 32 230
12 70 235
3 48 259
2 41 705
8 69 752
13 72 94
5 23 402
14 37 511
14 60 178
1 28 568
12 14 337
4 76 94
3 48 241
5 8 499
17 22 50
18 43 36
8 24 526
18 26 102
9 45 495
21 47 573
13 23 1
11 67 449
7 38 628
6 77 25
18 18 168
13 52 759
18 45 770
7 47 660
12 10 539
4 64 213
4 2 425
19 40 11
15 64 419
7 20 477
21 17 250
21 43 771
18 21 90
4 59 57
14 45 187
2 2 757
10 8 416
11 15 771
12 23 763
6 24 27
13 34 224
1 50 727
21 78 775
14 48 418
10 31 703
19 68 496
1 6 425
13 78 213
2 75 495
14 78 719
15 1 715
16 42 61
11 78 60
19 24 318
9 41 319
19 26 297
16 35 286
17 47 214
5 61 184
3 70 304
13 62 488
19 8 215
13 61 476
8 47 711
4 44 35
5 45 458
15 47 718
17 12 380
14 27 621
18 51 399
16 36 137
7 23 463
5 34 704
5 41 744
6 11 598
20 12 432
8 66 244
4 47 221
1 50 719
5 58 752
6 29 120
13 13 657
4 42 359
13 12 324
4 15 761
14 37 323
16 34 33
9 10 113
17 22 11
10 2 163
5 70 346
16 44 294
5 45 168
3 43 279
11 32 642
18 28 268
15 25 693
13 47 332
13 31 163
20 78 784
7 53 401
3 7 113
15 53 637
16 4 274
4 10 332
14 63 260
21 76 232
17 60 317
19 32 430
19 33 462
21 49 730
7 75 80
10 4 259
10 44 715
5 41 101
9 43 596
19 22 695
17 52 415
10 42 106
2 43 439
5 72 539
21 53 152
14 13 361
17 35 696
2 25 781
6 35 161
20 16 159
18 74 538
7 65 26
18 26 464
19 11 311
15 72 745
18 78 738
6 9 504
13 46 116
6 14 763
18 54 68
2 17 430
11 39 772
3 47 224
20 75 413
13 49 576
14 34 125
1 30 487
4 4 738
2 58 175
4 77 470
14 40 589
1 7 632
21 62 561
9 19 25
2 61 574
20 10 204
20 44 346
16 76 368
18 75 351
12 43 224
7 44 558
20 77 478
20 25 600
6 2 522
2 7 50
10 23 481
8 58 690
15 28 436
17 6 762
21 67 532
20 12 729
5 27 528
11 33 446
8 30 243
10 13 74
10 38 47
9 21 304
8 70 420
11 7 12
14 47 38
2 59 12
15 33 542
14 56 578
15 11 41
13 40 92
3 70 149
15 51 354
3 12 724
9 21 381
5 3 447
17 45 578
10 55 555
12 49 494
9 56 754
13 47 564
15 75 573
17 53 758
7 43 396
17 45 17
5 7 295
5 20 438
15 50 618
1 9 30
9 70 498
17 38 654
13 23 371
7 77 476
14 58 766
17 8 316
8 60 398
21 51 96
2 75 747
1 71 500
5 41 381
20 29 397
10 11 201
7 75 795
17 65 248
3 56 389
13 59 551
15 44 150
8 60 305
6 59 434
11 13 370
19 13 142
8 6 232
9 22 269
20 44 14
6 76 317
13 20 142
5 22 2
15 75 692
18 52 272
21 11 435
21 32 506
6 13 692
12 78 170
1 35 618
14 21 606
10 74 269
17 9
542
20 60 421
18 15 597
9 75 10
2 32 717
15 78 271
13 73 284
17 10 577
5 34 770
19 75 522
10 8 200
10 48 176
6 43 485
12 16 7
9 64 144
11 46 758
14 38 363
21 13 105
20 22 542
4 14 724
8 46 513
18 78 224
6 4 67
14 44 157
5 77 754
9 67 246
16 23 290
20 41 176
1 18 631
14 50 545
21 12 111
9 74 787
3 57 595
10 32 168
15 75 180
8 7 300
2 3 156
20 36 429
21 65 800
10 7 267
2 67 34
13 71 427
7 77 756
6 53 779
5 4 410
16 26 43
17 69 277
6 43 585
9 68 607
2 71 96
21 57 520
5 17 268
6 30 767
14 20 408
2 68 453
3 16 794
17 57 665
11 21 369
5 55 285
18 36 776
6 48 199
8 44 409
19 76 413
16 51 437
1 26 409
6 17 367
14 75 654
5 17 788
18 45 753
21 47 391
11 49 2
19 68 356
8 9 700
10 51 10
10 14 590
21 65 676
14 35 748
16 7 333
15 40 479
10 70 230
12 5 224
8 31 719
1 43 616
6 67 641
11 55 97
3 77 540
6 8 230
9 65 676
13 35 585
11 30 449
1 50 112
19 71 747
9 34 37
15 2 215
4 9 15
10 73 337
11 4 25
12 35 269
10 38 749
5 78 283
2 40 311
20 57 418
4 56 278
1 76 320
7 3 519
12 72 91
12 51 91
13 68 149
3 22 261
3 12 239
19 70 402
7 7 459
8 21 189
1 46 93
9 55 480
3 50 566
15 35 601
18 66 273
2 70 661
3 63 278
10 8 21
10 2 195
9 8 184
14 52 736
21 48 186
21 25 283
5 32 193
5 22 354
2 38 570
16 15 209
3 72 628
1 52 793
14 18 702
2 70 52
21 35 364
3 66 532
14 68 464
6 28 479
18 51 171
18 43 29
17 29 636
10 68 762
15 26 130
19 1 698
4 53 345
10 35 582
18 1 666
20 44 325
6 13 319
5 39 517
7 35 301
8 14 362
5 5 304
14 54 87
10 39 238
8 51 415
7 17 307
7 28 447
14 41 581
10 66 505
7 36 388
16 42 526
10 20 232
3 64 385
8 43 718
6 59 674
9 65 422
5 21 331
21 74 387
6 76 283
9 71 218
4 17 508
16 62 777
13 46 61
13 33 184
10 77 292
2 18 138
5 24 597
12 32 705
13 27 95
7 35 549
11 56 92
3 71 711
17 35 675
3 40 96
7 14 9
18 41 292
17 4 645
12 69 135
14 28 637
8 21 246
19 31 218
1 34 494
16 45 173
5 3 348
12 23 225
18 78 472
1 43 387
3 51 766
2 12 39
10 32 65
6 9 461
11 53 561
4 23 310
11 6 65
5 13 646
6 42 516
14 35 243
9 12 417
3 40 648
18 72 450
1 2 496
1 58 285
12 54 768
14 22 549
5 75 355
5 59 672
19 63 523
9 19 373
10 22 400
16 45 596
14 27 384
7 16 499
2 35 146
4 7 635
17 7 730
20 29 779
20 38 51
9 44 621
3 65 702
12 70 680
5 72 631
4 24 672
12 70 432
1 7 515
6 65 704
20 46 795
11 17 460
17 72 468
5 61 172
16 69 204
2 73 252
9 49 109
15 19 789
6 41 606
8 12 795
5 25 358
12 55 499
2 65 603
12 56 428
21 42 622
5 28 298
18 1 200
20 33 255
8 76 442
21 39 657
8 15 251
1 65 594
15 29 695
19 6 426
14 58 282
12 40 617
18 69 239
15 19 764
19 46 504
21 38 314
18 70 63
19 77 306
4 8 700
6 1 9
9 42 468
4 33 367
5 69 47
21 64 185
20 14 521
7 24 442
20 61 587
2 38 549
2 78 620
21 61 690
11 5 261
3 8 726
20 56 671
21 75 119
1 11 251
6 57 359
13 41 472
21 52 263
16 62 513
11 34 569
8 13 592
8 2 571
21 41 140
4 13 412
8 51 176
4 22 606
15 71 555
16 78 463
7 22 657
19 75 338
5 15 648
10 70 249
3 8 222
21 41 71
12 7 99
16 63 793
11 31 745
16 50 517
2 17 762
9 31 240
16 7 715
12 1 746
18 58 533
9 76 572
19 14 310
13 46 595
18 59 440
7 50 513
12 59 21
3 42 627
14 45 477
4 27 168
13 79 181
1 26 369
17 3 319
11 21 800
13 43 323
15 43 284
10 7 277
15 51 685
3 71 219
21 7 237
20 36 451
15 64 274
3 76 69
19 75 493
7 68 725
10 51 340
8 45 698
17 69 790
13 52 403
17 34 708
2 68 517
21 1 27
5 3 301
7 52 493
2 29 453
15 62 29
16 66 587
18 8 558
12 32 616
4 26 484
14 76 294
9 14 734
15 50 290
1 77 132
2 70 734
17 43 740
7 18 276
9 54 363
19 48 595
2 72 385
8 51 17
3 8 586
12 52 371
7 72 128
19 69 186
18 41 666
3 62 677
20 9 257
2 25 616
1 57 362
8 78 717
19 23 75
8 31 428
8 53 138
9 54 326
7 61 725
5 21 97
7 65 242
12 38 338
4 14 76
8 9 796
18 61 482
6 55 104
3 54 468
6 65 402
16 40 445
17 54 29
7 33 132
19 35 759
18 70 195
14 18 215
8 27 767
8 63 155
5 61 65
11 50 8
9 31 658
13 76 126
4 2 767
9 22 580
6 55 203
20 70 683
21 36 275
18 44 386
15 11 197
15 72 647
14 74 288
13 15 349
3 31 198
14 17 751
14 24 645
20 27 659
21 14 153
2 32 665
13 11 303
14 72 529
20 19 531
1 46 785
14 50 82
16 45 633
12 3 86
2 10 680
6 77 486
5 74 386
2 24 89
7 31 691
10 28 547
9 67 37
10 77 586
16 45 581
19 4 358
9 3 99
21 50 206
17 50 567
15 20 689
11 21 196
15 5 371
7 14 84
21 30 46
3 50 69
6 56 4
4 40 201
11 40 732
13 28 761
10 39 571
2 40 465
7 42 770
2 66 422
21 4 24
11 30 543
10 4 749
10 21 762
9 25 98
15 41 293
8 22 229
9 17 147
17 15 89
3 25 621
4 16 47
17 6 706
6 36 586
14 27 742
13 10 647
14 63 761
20 6 278
2 34 396
1 9 596
20 58 547
11 51 116
9 69 793
5 59 705
5 77 677
19 51 629
10 74 638
14 63 568
4 62 221
4 79 335
10 74 343
12 6 15
14 79 442
3 47 500
18 45 578
14 53 313
16 19 539
2 42 502
9 40 358
5 16 304
1 65 19
11 75 589
18 79 198
18 66 366
21 24 218
4 21 642
2 29 158
11 22 745
1 27 668
2 69 308
21 54 565
6 56 463
11 75 115
9 44 422
21 25 251
9 42 52
7 33 745
1 76 126
13 27 780
13 14 523
12 24 36
17 43 369
8 33 271
1 72 26
5 79 483
6 16 419
11 40 736
3 29 235
20 50 665
9 46 217
15 74 222
20 11 106
7 60 97
4 16 719
8 11 231
7 56 99
20 36 704
6 32 761
5 60 530
11 8 229
21 41 626
14 62 514
1 74 306
9 45 171
5 75 605
16 75 77
14 3 452
1 53 288
9 41 127
2 73 76
6 53 710
11 34 609
2 34 475
10 31 302
15 73 550
6 17
224
6 14 410
16 1 547
21 21 697
1 79 672
8 3 789
13 31 757
11 66 790
10 6 152
9 69 552
15 14 503
17 27 348
14 55 486
11 36 612
16 59 146
11 53 752
18 29 353
10 28 306
17 59 536
10 28 409
18 61 296
21 38 777
14 34 441
14 3 598
3 75 599
5 22 192
12 5 670
19 4 575
16 3 479
1 69 760
15 70 22
12 2 749
18 21 271
6 47 565
1 16 475
17 24 218
18 70 408
15 40 488
4 54 245
3 49 692
6 4 442
10 13 168
18 35 253
18 6 747
16 26 104
7 34 375
1 4 503
9 42 164
1 70 593
12 23 316
16 14 581
8 49 324
6 22 564
15 55 217
7 28 502
10 41 21
6 31 705
3 65 381
6 21 34
20 36 35
1 5 734
2 24 48
1 44 240
5 71 111
6 54 628
5 48 406
5 29 384
18 18 379
10 30 724
9 62 426
17 25 234
18 23 760
15 61 703
3 68 22
11 68 157
12 52 212
21 21 796
11 34 724
2 62 387
13 27 322
7 75 23
13 37 749
4 63 654
5 40 200
18 79 534
10 8 193
18 50 626
17 46 404
12 25 356
3 4 510
17 62 124
10 29 196
9 18 316
8 6 77
21 30 577
6 36 548
6 43 404
15 38 401
4 71 29
19 56 554
3 35 188
2 78 345
16 75 143
5 1 407
21 73 798
1 70 655
6 59 758
11 26 503
5 5 111
11 19 361
7 29 52
13 70 298
6 22 722
10 25 537
7 24 193
12 42 465
8 30 198
5 11 800
19 27 465
14 67 94
21 59 448
1 50 603
20 27 2
5 36 655
3 28 797
6 7 580
8 66 800
12 61 199
20 71 436
21 18 463
11 42 480
12 32 463
3 32 40
14 42 640
7 7 245
17 9 442
15 4 555
20 3 82
9 20 724
8 64 414
21 15 74
11 42 707
8 53 225
1 27 544
5 38 437
15 25 517
16 26 226
13 17 355
18 21 339
12 77 141
16 46 676
5 31 591
10 70 407
4 74 403
16 63 125
6 77 442
17 46 687
15 13 705
14 18 471
17 35 439
21 62 472
20 13 500
17 16 224
6 39 204
14 40 128
13 33 710
10 77 657
20 45 736
18 73 87
19 59 179
20 10 75
6 28 248
1 64 721
8 66 61
21 15 164
15 47 592
5 14 325
14 49 556
20 63 3
15 26 402
4 38 709
5 58 647
20 11 348
3 9 336
11 25 488
1 74 544
3 11 16
19 65 605
4 28 40
9 69 703
18 23 657
14 14 211
10 8 525
10 15 435
9 63 184
10 76 705
11 70 714
2 79 682
10 44 468
16 22 717
12 66 627
18 24 747
11 13 549
18 3 207
9 8 628
1 56 475
10 63 611
2 30 595
10 71 733
10 65 689
9 69 416
19 47 778
4 54 658
4 49 498
11 6 276
16 36 374
15 10 561
14 71 501
10 51 683
1 25 562
4 75 790
5 59 381
13 60 299
7 71 356
21 78 635
4 9
893
18 57 30
1 7 494
2 54 708
3 20 731
13 53 121
4 5 429
11 69 124
10 19 713
9 49 754
6 38 584
4 52 559
9 54 291
10 73 586
16 45 8
2 1 196
10 27 795
17 56 490
20 77 256
10 61 694
1 12 207
5 40 553
19 69 348
18 10 436
15 24 332
11 12 68
21 41 177
1 14 589
17 40 91
19 79 767
6 18 90
14 59 736
17 75 425
17 69 22
4 76 1
16 59 714
19 57 264
7 58 590
4 2 355
9 30 5
20 8 329
2 23 21
13 21 767
11 13 457
9 21 111
5 75 27
20 66 732
8 11 537
1 12 616
1 54 419
1 13 188
14 18 532
16 32 33
2 4 527
19 2 216
19 30 696
4 5 473
15 42 574
14 38 569
19 38 176
9 54 592
8 2 130
9 1 242
11 20 416
20 39 763
16 78 413
7 20 162
3 59 502
10 43 157
9 73 588
18 13 357
5 49 488
10 49 96
9 33 193
15 42 519
2 63 222
11 64 449
15 41 528
17 63 240
7 69 616
8 42 654
18 65 154
8 7 206
6 30 717
6 49 416
11 15 154
13 69 263
8 48 499
21 53 321
11 6 14
17 68 453
9 76 442
2 41 795
12 62 503
2 21 273
6 26 493
15 35 240
19 51 106
4 50 553
17 35 285
17 60 611
5 3 723
15 2 349
20 25 203
20 32 644
9 64 211
21 54 93
14 30 443
10 40 313
5 62 514
21 24 479
13 62 42
10 46 375
20 4 384
3 4 170
14 14 46
3 62 46
6 19 681
13 61 795
2 66 699
3 76 217
12 33 157
9 26 261
2 36 535
17 15 635
12 15 356
21 77 154
18 54 112
17 58 725
4 29 19
18 28 6
13 52 142
8 24 655
7 70 161
11 46 86
3 46 672
10 32 126
21 30 457
6 72 424
4 65 294
14 68 514
3 53 203
6 9 155
10 10 506
7 36 376
8 63 230
13 1 198
16 66 343
15 62 466
21 31 469
17 46 221
6 54 407
12 42 218
17 63 76
13 44 209
21 4 184
8 39 423
8 49 194
15 8 697
2 17 118
9 10 154
2 49 404
21 11 331
6 72 727
6 78 158
2 53 513
20 72 587
15 4 699
2 17 784
17 2 422
1 10 203
9 51 32
1 11 641
19 41 315
7 77 373
14 60 674
17 73 519
21 78 226
6 16 238
3 69 228
10 33 384
4 21 683
12 67 721
14 31 86
15 36 91
11 12 155
20 37 257
8 20 762
8 62 367
2 29 568
4 50 71
20 21 277
15 73 678
8 66 709
6 38 157
7 16 87
21 30 290
8 41 490
10 20 516
5 1 642
4 76 306
21 69 278
2 66 468
16 27 483
9 24 252
8 78 529
3 60 615
8 28 552
2 16 65
15 45 176
3 22 717
16 3 754
1 72 32
21 74 593
17 19 157
19 15 89
10 48 783
8 65 767
13 46 181
15 59 702
10 72 147
9 13 229
6 33 702
14 52 729
8 67 33
18 27 641
2 6 766
11 52 654
9 79 257
11 19 563
10 57 143
18 49 692
12 45 717
4 61 377
15 40 75
13 64 407
16 24 253
8 50 800
19 72 487
17 46 36
21 34 171
4 28 127
15 22 86
14 47 181
17 73 235
16 59 789
6 38 341
11 62 272
3 5 346
12 15 770
5 33 728
21 16 650
19 75 340
2 39 652
14 77 707
17 30 44
10 37 608
2 78 270
9 44 54
3 22 514
17 32 605
6 34 124
8 62 238
21 10 117
17 28 341
6 56 194
7 23 33
16 37 628
12 29 58
6 31 293
18 17 586
7 7 49
5 28 206
2 52 313
4 49 659
1 22 313
5 38 788
2 76 446
3 4 344
17 4 409
15 5 167
18 74 482
11 1 662
7 41 755
13 54 664
10 25 473
8 57 778
11 49 221
10 19 265
12 23 74
15 45 235
15 38 457
14 11 779
21 16 380
20 18 100
20 39 400
13 50 282
14 19 749
7 5 535
14 27 7
15 75 432
9 55 447
12 60 126
14 6 264
1 8 504
5 14 398
18 11 744
13 25 15
10 39 555
7 27 388
14 76 340
19 19 230
20 79 275
6 73 623
16 79 726
7 36 5
7 78 517
21 43 635
2 64 108
15 10 273
16 41 366
4 45 717
3 46 659
3 1 51
16 40 62
13 64 486
17 19 200
18 2 267
17 15 601
2 52 355
1 71 154
10 5 59
20 20 581
8 70 76
19 59 554
8 51 688
3 50 161
9 35 416
17 79 596
18 6 119
14 28 88
21 63 31
17 42 162
3 24 127
17 32 796
15 70 152
20 61 684
11 59 245
12 55 20
17 43 289
1 42 520
11 11 438
8 26 401
8 64 440
14 59 785
1 73 94
11 62 741
14 57 506
13 78 777
11 62 545
8 32 228
10 70 526
21 46 476
16 70 639
19 27 770
16 73 86
13 25 214
2 13 12
10 65 644
14 62 436
18 7 332
2 31 637
17 35 482
19 32 781
15 11 167
10 62 748
8 76 541
12 50 584
12 2 87
8 73 753
15 3 726
7 64 310
16 42 408
1 49 86
8 64 337
6 67 314
14 75 704
17 14 453
5 71 226
3 10 187
12 54 449
21 76 575
13 51 152
12 65 444
20 18 110
13 65 250
6 49 538
18 60 66
4 55 379
14 54 655
1 57 611
13 1 444
16 13 451
12 33 480
3 3 124
11 62 171
17 38 477
15 74 561
21 44 11
14 78 469
19 18 646
15 59 772
3 19 7
9 31 502
13 64 382
1 77 39
15 23 277
9 60 678
21 44 342
21 71 206
19 3 684
1 52 719
6 52 309
5 31 284
14 20 215
7 29 625
14 30 427
7 57 779
18 56 350
18 5 670
21 25 23
18 59 3
12 70 629
15 43 684
6 64 104
1 48 140
13 14 352
9 64 105
3 77 447
13 72 757
20 77 173
11 42 117
16 34 251
17 22 75
3 60 652
3 72 50
14 70 401
7 28 736
3 4 551
9 59 449
5 10 321
18 14 554
20 31 752
1 23 252
4 22 184
21 31 377
7 62 209
9 51 600
18 38 683
3 3 403
5 15 489
7 62 42
1 31 590
16 67 379
5 11 63
5 17 617
14 66 745
9 51 288
10 26 402
10 16 296
19 5 482
15 3 9
3 23 275
4 73 536
18 25 14
1 74 449
2 62 250
14 55 277
13 38 596
9 47 491
1 17 419
14 27 446
15 16 328
18 23 649
11 39 203
20 24 304
3 71 367
9 74 349
19 23 453
10 21 658
21 10 198
12 70 55
5 52 606
3 41 375
11 20 612
9 16 782
11 69 269
14 52 169
5 53 216
2 49 448
4 41 122
3 11 26
14 63 318
19 43 306
6 13 563
10 14 69
12 39 671
10 5 796
1 64 688
6 27 72
8 57 640
13 15 426
17 61 61
12 27 788
13 55 411
1 3 662
21 28 360
7 43 54
21 8 563
1 79 147
21 66 163
12 10 90
4 71 662
4 47 443
7 61 380
21 1 114
4 26 219
17 65 480
18 1 193
5 17 528
13 35 204
20 49 398
13 73 645
21 65 554
5 45 321
14 27 73
10 62 673
11 75 270
14 24 563
15 35 335
13 59 702
2 59 291
20 67 551
8 17 223
21 27 89
9 46 215
19 71 351
14 33 323
11 67 642
13 66 703
21 13 399
18 13 462
13 38 112
13 5 378
7 56 720
3 12 686
20 60 313
12 76 642
10 65 685
15 58 233
13 23 47
12 76 390
11 11 366
17 76 605
17 31 124
17 12 153
3 6 368
4 45 422
13 10 435
3 68 194
10 76 81
19 63 777
9 58 170
20 39 20
5 66 183
15 48 78
9 43 596
6 68 125
15 51 372
14 23 592
20 73 100
14 60 739
2 29 503
10 6 54
18 39 742
13 47 267
15 50 125
17 36 788
12 16 640
20 30 181
18 11 581
18 46 468
5 48 327
14 31 168
16 22 796
14 10 354
2 46 358
11 15 50
7 77 641
1 41 192
7 2 546
11 64 513
7 76 786
19 38 67
18 69 114
13 29 372
17 37 662
18 76 4
14 62 531
16 45 317
18 30 718
6 36 795
11 35 192
8 55 633
15 5 101
10 77 256
10 70 210
6 20 451
11 37 440
3 13 764
10 65 224
10 59 676
6 18 185
9 68 221
16 19 327
5 65 131
6 69 128
17 32 91
15 30 596
9 75 362
4 34 35
6 55 582
1 35 783
21 78 297
7 12 79
3 73 295
13 12 533
5 32 507
14 44 285
16 5 370
4 47 337
4 49 724
1 29 290
2 30 139
17 44 12
3 59 102
8 48 134
19 58 144
4 78 203
19 68 115
12 64 790
7 15 677
21 34 680
16 57 358
20 48 777
8 54 106
7 12 36
20 53 197
5 31 285
15 76 172
19 44 503
3 77 94
9 7 743
3 4 220
19 4 249
13 37 652
2 16 457
8 31 290
15 76 307
18 20 750
21 31 737
9 67 519
9 5 519
12 13 707
9 7 27
13 30 383
9 77 740
21 59 177
17 36 179
8 79 315
18 8 460
9 35 125
2 41 717
21 54 268
13 14 118
7 42 746
14 56 223
10 66 131
15 71 23
13 16 426
5 73 726
17 61 55
20 12 617
4 8 491
21 53 381
18 52 166
16 43 397
4 33 791
19 8 480
1 45 179
5 75 707
20 15 29
20 34 782
12 76 236
2 1 459
19 19 20
8 78 118
14 18 671
6 40 742
11 68 505
20 72 796
3 48 118
10 56 6
5 49 157
19 49 496
10 15 795
10 3 364
17 30 223
6 24 732
2 53 228
11 20 455
12 28 781
17 15 678
8 47 480
20 50 446
2 73 621
12 52 632
20 53 766
5 17 143
1 64 516
7 17 372
18 35 7
12 58 30
17 45 506
20 47 29
2 5 125
10 23 213
19 4 32
13 2 741
10 42 263
7 35 765
6 30 709
5 77 462
10 23 29
20 72 74
1 62 311
6 17 277
14 6 93
10 59 711
13 77 162
14 55 513
3 34 568
20 26 285
15 48 296
1 20 737
14 32 301
19 46 627
1 69 613
19 60 98
8 61 481
21 42 693
18 3 163
18 43 641
17 70 481
11 25 767
12 67 330
16 54 89
19 49 584
15 61 180
14 58 705
11 51 549
10 23 469
7 14 88
3 35 551
4 55 475
7 4 745
5 27 641
5 54 780
20 39 791
7 38 220
8 53 546
19 74 384
21 3 498
17 55 722
2 16 120
20 19 100
3 61 394
2 43 663
13 58 424
7 16 63
2 18 615
3 52 732
8 67 259
17 42 795
12 37 223
13 35 277
19 12 761
19 51 533
5 14 684
5 49 247
10 23 748
10 34 316
7 3 156
15 56 591
10 37 775
6 24 143
21 3 490
14 70 528
8 38 26
7 55 693
18 40 90
5 4 139
15 69 405
16 61 592
17 68 427
2 40 552
20 71 626
16 5 742
2 9 687
18 73 706
9 41 550
8 26 321
1 56 534
18 60 748
3 52 728
18 17 98
3 53 174
3 13 444
2 30 170
11 66 598
13 24 215
1 14 387
21 60 683
21 25 165
16 13 256
20 21 531
20 79 638
13 2 98
3 54 386
9 38 652
14 74 165
10 50 761
1 15 144
3 22 68
8 12 31
11 18 277
13 51 481
12 78 708
13 71 589
3 51 140
2 30 707
6 36 5
20 47 598
19 54 402
6 75 785
15 32 324
5 9 200
1 8 71
10 79 592
18 9 353
3 65 686
14 10 65
7 64 214
21 41 494
11 28 707
16 77 97
6 55 460
9 4 550
5 35 50
6 15 585
1 76 387
6 48 392
10 78 751
8 27 8
13 39 297
10 5 55
4 73 689
19 55 169
3 3 722
13 1 333
10 23 788
21 76 132
6 58 459
14 15 554
9 66 136
17 28 29
1 39 505
2 39 574
19 34 120
17 12 745
8 31 790
3 39 100
19 41 285
6 73 722
5 60
556
7 11 31
20 31 748
3 4 569
9 59 718
19 56 664
5 57 25
19 28 263
19 70 173
19 69 150
21 71 216
7 58 393
15 49 401
15 71 286
8 17 654
16 52 26
17 22 629
14 26 196
1 4 375
1 56 621
7 15 314
1 68 796
14 54 176
5 44 595
16 47 562
19 60 367
16 45 87
13 76 441
7 1 429
8 15 321
11 78 144
14 12 786
13 41 63
9 5 613
2 40 703
16 34 54
3 1 75
3 11 546
13 71 339
17 38 500
21 45 95
1 76 659
4 38 190
8 69 7
7 67 796
18 24 666
16 64 650
17 29 443
20 45 699
3 13 383
7 27 535
9 78 163
1 26 691
5 39 396
20 44 130
11 41 449
2 72 111
17 74 621
11 23 283
3 63 508
2 21 409
16 66 573
10 2 480
15 40 577
12 28 471
20 36 561
8 7 755
6 25 647
20 51 272
8 54 183
19 59 284
12 63 70
15 79 755
9 44 327
4 63 69
12 2 776
18 26 201
20 30 354
5 27 338
15 75 623
9 78 325
3 61 522
3 50 196
12 30 789
17 63 388
9 51 205
16 55 599
2 9 18
4 20 393
5 8 798
1 26 88
14 73 84
10 7 533
11 29 576
19 37 783
17 56 601
8 37 256
19 49 215
9 37 53
9 74 129
12 34 791
12 72 293
9 16 385
3 59 245
17 6 787
18 75 202
15 63 629
18 79 68
2 1 155
6 41 78
15 51 774
3 20 266
10 9 362
2 75 37
9 72 521
19 15 218
15 20 339
9 70 179
4 48 605
20 59 165
11 64 267
4 37 550
7 10 384
17 24 185
16 24 738
15 6 387
16 69 83
5 33 789
3 39 573
12 33 237
7 63 483
20 10 211
9 44 176
14 15 61
18 53 332
17 29 384
3 57 528
17 66 771
6 7 621
7 65 171
14 21 580
7 17 426
15 70 771
14 55 648
14 54 608
8 41 744
9 50 797
10 10 576
1 2 100
19 37 394
2 24 664
5 32 260
19 27 78
8 5 247
12 72 340
2 40 296
4 8 162
7 68 122
11 55 243
3 39 269
4 76 97
7 62 425
12 53 690
13 21 795
10 6 65
3 52 550
1 4 640
19 23 199
8 6 613
1 12 794
2 6 703
21 9 201
12 63 474
2 1 350
5 35 526
1 38 732
19 75 319
14 28 390
1 53 144
3 37 623
15 4 215
11 62 293
17 75 267
10 53 799
18 78 4
2 51 201
9 68 54
14 16 206
5 12 289
18 16 583
8 67 69
21 28 455
5 12 171
14 16 281
6 51 95
15 19 309
5 32 767
20 10 761
8 16 101
3 30 402
7 78 300
7 24 328
13 65 623
7 13 447
12 44 17
9 42 275
1 51 177
8 71 449
1 25 146
8 64 509
21 29 534
1 52 206
17 60 117
4 7 492
11 7 762
7 22 700
11 29 40
17 27 397
6 42 42
14 9 235
11 36 50
9 63 442
15 35 384
17 41 509
10 37 667
7 59 171
8 65 626
11 42 729
2 70 382
5 4 598
9 37 99
6 23 646
20 23 673
18 47 607
16 40 597
16 18 119
2 72 308
1 79 362
17 67 160
20 61 449
2 29 120
10 18 424
18 53 728
20 41 239
5 65 421
13 19 88
19 79 497
19 32 470
14 69 162
20 56 641
2 10 516
16 74 592
5 15 453
19 69 461
3 10 671
16 34 584
10 2 660
15 18 142
16 44 782
7 63 637
19 62 619
5 75 325
13 53 342
1 43 665
8 64 663
2 54 582
5 41 534
1 20 199
7 63 288
14 53 508
8 2 445
13 17 291
7 29 230
19 62 657
7 31 635
15 23 7
11 28 446
1 23 361
19 2 374
4 48 424
21 41 391
3 40 592
14 3 543
7 58 50
9 78 442
10 68 538
8 22 75
5 49 141
11 5 378
8 39 466
13 2 637
8 14 423
17 3 769
7 76 133
1 1 259
18 33 416
9 34 438
17 71 317
3 71 745
6 78 432
21 61 124
5 20 61
2 11 764
11 33 606
7 79 254
20 64 697
3 25 57
6 24 638
16 17 418
20 45 580
21 15 763
7 72 85
5 47 370
4 68 403
20 1 564
13 46 251
15 2 65
17 19 51
14 6 257
4 3 732
8 37 85
18 21 575
2 5 382
15 70 593
19 38 766
20 16 561
13 9 183
19 26 727
1 20 461
21 41 389
21 31 699
21 33 504
16 10 600
21 75 414
4 6 228
10 58 281
12 67 209
20 77 591
5 6 283
17 38 498
14 39 732
2 37 642
6 50 158
6 65 60
10 74 176
6 28 332
2 20 435
12 44 744
18 5 714
10 36 101
8 60 8
1 44 751
9 17 624
10 31 513
13 19 64
14 45 479
4 19 698
12 7 655
18 63 712
3 10 602
7 60 443
11 61 460
2 63 203
4 13 41
21 33 790
13 2 305
20 21 176
10 59 269
14 32 217
4 38 187
14 79 232
16 28 92
11 18 241
18 36 253
20 75 30
5 1 526
10 16 368
4 68 191
19 4 253
20 41 707
8 45 670
13 67 229
1 67 293
20 31 556
2 6 30
17 11 701
4 13 326
12 74 474
3 19 283
21 48 7
3 15 58
6 59 411
4 71 798
1 63 453
16 12 279
5 67 686
7 29 92
18 16 356
11 79 593
20 27 756
19 39 374
19 27 243
6 67 483
11 79 418
17 32 89
16 68 144
4 38 4
3 63 742
2 19 434
15 3 13
15 6 136
16 57 732
6 21 774
15 44 303
16 43 662
18 32 501
7 73 91
1 72 237
10 67 301
15 32 632
8 68 241
10 22 686
7 49 570
14 37 376
3 9 420
12 69 648
4 39 144
13 19 623
5 23 187
17 35 674
9 32 110
13 13 453
9 36 788
13 13 528
9 15 400
10 78 687
13 70 194
21 24 14
14 70 301
4 50 462
11 25 509
4 58 647
10 25 237
9 4 716
21 38 703
20 30 390
5 24 728
11 17 22
12 72 426
13 57 245
8 11 107
18 74 205
19 18 733
17 33 723
5 53 285
13 28 640
17 70 44
5 10 635
18 72 595
4 74 601
21 45 107
12 59 640
13 25 588
20 73 396
6 15 37
7 26 613
1 13 783
13 77 546
18 32 166
20 45 689
6 77 692
7 59 658
4 3 704
20 16 201
7 35 180
1 42 789
8 52 407
12 42 190
2 39 701
12 78 270
13 5 29
10 77 306
2 62 461
13 76 415
9 10 313
1 58 91
17 76 390
17 50 242
13 47 638
14 15 24
15 69 726
11 17 788
1 23 438
15 59 260
14 22 781
17 23 641
11 31 379
13 53 285
21 28 407
15 52 331
1 28 718
7 17 352
12 66 400
20 26 93
8 24 235
8 64 76
16 1 315
4 3 205
9 70 446
20 8 116
17 56 457
1 39 589
5 21 374
13 59 477
17 3 518
2 79 781
10 59 496
7 46 24
1 45 235
17 35 427
10 12 211
18 15 670
13 78 331
10 28 479
16 37 492
18 32 345
5 47 594
1 61 133
15 25 269
21 71 355
3 70 668
12 70 459
16 72 761
1 22 434
6 15 422
21 41 766
19 75 158
13 48 146
17 66 17
19 33 653
13 60 253
19 30 476
16 68 743
10 25 248
14 3 230
7 39 653
1 53 331
11 19 98
9 36 423
6 18 42
18 20 119
11 69 21
11 34 362
11 71 402
9 1 406
14 58 686
18 17 197
16 77
186
5 51 390
7 67 567
3 24 600
11 44 90
10 22 540
9 28 268
6 24 697
16 43 714
20 5 186
9 24 725
18 63 720
21 47 412
3 18 668
12 58 696
5 28 250
15 57 322
15 73 706
17 1 363
1 6 479
6 43 594
11 9 507
18 34 489
19 64 760
2 10 425
18 14 387
2 47 142
1 48 672
16 62 366
18 37 641
8 54 747
1 15 368
19 58 616
5 34 84
3 52 10
12 47 168
1 53 59
10 13 541
18 73 455
12 43 148
10 58 49
20 2 329
21 69 563
19 61 373
2 10 155
15 61 660
9 53 303
13 36 632
16 75 725
3 19 116
5 68 55
12 27 455
10 74 387
13 7 182
1 17 650
7 65 105
1 68 273
13 48 159
17 9 79
1 71 141
10 37 354
4 23 141
19 76 464
15 40 708
19 40 566
2 36 565
14 78 736
8 73 233
14 1 73
7 34 391
17 26 520
12 40 285
11 9 47
4 62 250
8 32 551
18 66 155
3 3 286
7 74 224
20 67 621
13 46 651
8 38 470
19 16 443
17 73 25
11 29 192
21 36 184
9 52 123
17 4 393
17 61 571
15 61 567
11 63 4
9 4 664
20 44 495
5 66 595
17 13 183
20 20 325
8 74 125
14 76 605
1 79 457
19 63 276
8 7 514
16 66 725
21 73 546
7 36 289
3 35 746
3 18 236
18 65 253
18 35 661
4 29 790
1 3 40
12 40 270
4 48 210
21 55 562
13 16 4
14 44 207
8 17 542
19 8 663
12 6 238
9 74 721
17 8 483
19 42 327
10 37 53
21 46 530
20 23 740
17 19 481
2 68 237
2 49 741
12 65 378
4 78 800
11 31 684
4 38 492
9 13 391
1 29 707
7 66 24
5 28 348
18 48 43
7 35 543
19 9 361
7 68 548
6 44 88
6 71 257
14 52 579
18 28 687
20 57 219
16 36 350
9 61 216
20 16 688
14 26 519
2 62 119
8 73 351
7 58 665
17 2 412
2 66 100
17 69 735
16 2 224
1 70 127
19 50 526
19 66 508
19 19 188
7 73 87
15 20 655
4 45 316
5 50 5
17 64 15
15 7 299
10 10 531
15 24 628
15 62 458
5 12 555
10 55 148
19 28 268
17 5 620
10 42 149
1 10 511
15 6 690
1 28 103
8 75 569
19 53 268
19 25 557
20 21 222
9 26 764
16 60 66
15 14 41
12 67 252
15 48 706
1 54 264
17 32 779
11 3 232
7 45
511
13 78 592
8 8 529
15 70 439
5 44 566
12 39 434
20 7 623
21 75 87
16 15 185
14 63 462
3 69 20
14 36 661
10 64 70
8 19 157
3 45 152
19 7 751
20 74 374
19 47 735
14 6 439
21 6 203
1 48 411
17 21 798
5 46 115
8 27 749
21 38 147
20 4 557
3 38 466
18 38 39
6 12 790
21 35 485
21 25 313
10 65 430
12 11 358
5 27 319
19 50 119
11 48 74
6 12 645
3 72 758
12 69 195
7 46 598
14 31 62
2 2 786
21 24 35
18 18 799
19 14 45
16 4 65
1 59 236
18 45 72
19 69 173
15 75 726
11 52 117
17 27 249
1 43 562
12 72 93
8 79 193
14 23 555
3 16 538
8 61 662
20 63 260
13 67 38
19 75 767
3 10 691
20 53 229
6 3 125
16 73 71
1 7 686
14 29 201
10 46 576
1 66 48
12 46 735
12 13 220
19 48 297
2 73 486
2 36 172
16 79 756
17 64 468
16 31 668
6 46 352
9 19 57
2 2 259
11 18 283
4 53 86
20 63 628
4 35 223
9 14 424
8 15 645
19 1 86
10 63 448
12 64 316
21 44 390
3 49 629
18 68 553
10 45 259
13 4 361
9 28 780
18 56 307
4 21 704
17 15 579
3 74 651
21 30 590
6 72 422
2 13 1
13 36 152
21 28 656
21 43 51
21 62 116
10 65 54
16 29 465
10 54 483
7 72 631
21 68 283
5 53 270
16 29 89
1 5 766
21 47 177
9 11 502
5 67 585
4 31 727
11 10 235
3 72 512
8 26 345
9 68 211
4 2 375
17 17 196
12 10 202
20 23 296
11 57 539
19 45 767
6 39 44
21 4 422
3 16 604
17 75 263
1 4 154
3 21 297
1 64 575
11 18 430
3 42 535
15 72 577
16 37 249
12 11 752
2 52 685
6 37 306
10 28 82
1 39 465
17 76 518
19 4 481
8 61 52
18 65 693
20 53 365
16 51 506
16 38 537
21 11 350
9 50 54
12 21 312
20 18 682
6 28 38
1 54 489
21 8 121
16 46 627
5 22 474
20 26 606
5 76 188
20 55 144
7 12 81
16 53 300
6 34 670
20 18 110
9 40 238
10 30 610
5 51 366
16 18 287
7 78 273
12 7 191
14 25 256
4 1 190
5 10 142
1 24 27
9 46 427
17 5 297
9 5 153
20 78 488
11 49 48
20 57 683
5 26 432
13 49 91
4 52 48
13 17 234
10 9 505
16 36 84
4 24 369
20 68 5
18 3 383
14 26 785
19 73 774
5 49 595
11 73 249
13 20 709
20 26 769
18 33 597
20 71 74
21 48 213
20 58 741
15 73 378
18 77 146
18 46 752
21 10 121
7 47 735
7 13 52
4 15 714
1 40 293
7 69 138
14 71 376
1 17 405
8 54 150
19 22 669
7 36 573
18 9 646
1 77 569
18 38 211
8 5 667
12 73 274
21 59 761
19 61 244
1 27 358
18 58 280
5 49 455
1 20 380
12 15 706
20 51 257
12 72 798
6 36 523
3 71 39
4 49 131
15 5 326
18 41 215
12 57 258
7 17 728
7 44 718
15 1 568
5 46 451
3 25 113
9 60 676
10 27 505
8 23 794
17 48 304
2 48 729
17 10 6
3 24 499
4 59 773
5 24 499
4 35 161
8 6 462
1 36 52
3 62 476
13 3 655
16 56 405
11 72 104
19 61 217
5 27 55
19 17 31
1 46 420
15 30 800
21 19 652
20 74 538
4 17 388
11 62 57
21 61 185
9 43 347
1 4 330
7 2 435
19 66 333
6 77 517
15 42 232
18 62 121
9 16 773
1 11 418
12 75 417
8 57 422
18 71 427
12 45 386
14 35 346
16 54 184
9 69 538
7 6 4
12 53 539
18 48 174
1 63 727
15 38 163
6 32 581
9 77 66
15 55 238
17 47 28
8 30 210
18 65 221
11 1 745
10 29 243
19 9 118
12 71 674
5 56 748
12 8 657
21 26 362
2 9 750
21 22 584
15 31 99
19 34 625
1 3 7
11 79 748
6 3 424
11 52 329
16 61 16
5 65 46
7 37 655
20 31 235
9 44 443
2 10 725
9 35 131
12 65 608
14 40 18
10 7 263
13 49 696
16 74 206
8 25 136
15 7 744
10 28 129
21 6 329
13 68 432
6 58 431
15 33 536
20 36 672
7 32 690
14 55 623
12 11 380
19 43 553
10 51 12
13 33 183
8 11 526
11 21 634
9 39 651
10 15 570
1 53 558
13 14 631
8 26 318
16 21 109
5 64 142
9 79 242
18 72 65
7 43 324
18 12 91
5 38 305
19 66 182
8 68 784
3 57 325
19 23 559
1 29 5
10 15 5
3 8 164
4 43 571
2 72 568
11 67 495
13 59 574
9 21 90
12 43 210
20 14 45
16 4 128
11 47 704
14 63 255
8 57 696
20 22 400
1 59 66
8 44 360
18 73 143
4 8 511
11 50 166
11 20 112
15 71 489
13 33 357
12 47 162
20 26 566
16 33 362
20 62 305
1 17 675
21 57 483
10 52 652
9 8 740
2 56 66
14 10 360
21 47 727
3 37 337
16 25 475
14 27 633
2 26 717
13 16 163
13 61 526
19 65 154
10 45 413
13 36 297
14 18 699
9 23 160
7 15 374
16 44 743
14 68 746
2 69 741
18 32 487
3 68 199
7 10 338
8 25 24
16 66 391
5 4 270
7 8 574
6 28 19
14 19 569
11 76 75
19 20 442
12 14 298
18 32 428
2 8 636
20 36 310
17 32 450
18 50 283
3 60 476
12 43 591
7 13 636
12 56 537
10 54 693
19 20 799
20 6 695
7 64 505
2 14 760
7 59 244
4 70 177
15 4 164
13 17 249
2 77 735
20 16 618
18 76 756
17 76 461
17 10 351
15 70 273
12 38 73
9 43 101
10 25 718
21 59 338
9 44 794
14 31 429
7 78 161
5 7 554
16 41 28
9 66 16
6 39 170
18 50 595
9 79 362
2 32 576
2 64 199
16 6 669
20 62 460
21 15 44
5 33 789
13 78 110
10 58 627
9 66 553
15 74 330
11 74 22
18 58 795
9 32 797
3 74 477
4 57 590
7 56 405
20 55 92
2 24 50
7 17 411
19 31 114
16 68 306
11 79 158
9 26 154
5 67 484
3 62 774
5 14 21
6 64 454
4 44 212
14 44 369
15 55 265
7 45 669
11 6 399
10 18 740
14 69 735
10 36 119
8 37 164
14 77 73
9 7 568
1 52 426
17 10 759
12 58 600
4 59 793
12 6 447
2 35 706
8 51 583
12 43 56
19 31 81
10 11 598
7 73 276
5 52 28
14 6 567
4 15 252
15 52 749
8 1 227
14 39 460
15 79 225
14 54 332
12 64 165
5 67 549
13 52 358
12 62 629
20 59
886
7 22 51
20 59 329
11 56 786
11 66 635
13 30 255
15 69 474
20 50 145
19 32 685
2 23 612
19 16 408
15 27 543
10 57 599
16 39 17
3 1 97
10 58 43
14 48 525
8 44 10
13 13 570
4 15 553
17 69 775
16 69 222
9 64 541
12 70 54
6 64 28
19 22 472
20 54 442
20 49 583
4 13 421
3 26 2
5 67 753
20 19 449
4 21 142
15 59 626
3 57 314
10 3 48
4 27 303
9 60 285
7 39 2
11 79 375
7 16 138
8 2 119
5 40 478
15 6 25
8 39 365
11 43 297
17 62 625
12 9 800
21 63 257
14 29 662
12 6 620
14 22 786
15 54 146
14 53 133
10 12 500
20 58 255
21 51 336
15 24 375
1 23 800
4 69 472
10 24 209
3 68 168
19 25 732
16 12 791
2 12 149
14 27 482
3 79 775
9 3 320
11 53 735
12 36 557
20 38 298
13 68 17
3 73 48
13 78 86
9 45 315
8 39 713
12 65 3
15 16 504
4 11 388
6 52 149
7 61 732
12 32 445
4 75 370
12 41 673
17 22 47
1 3 283
10 44 551
16 11 110
15 30 589
6 28 190
13 56 624
20 77 77
1 21 234
5 36 580
21 9 24
3 28 428
5 79 786
8 69 292
17 55 54
7 31 299
2 21 385
18 41 454
15 75 165
13 18 379
2 58 182
20 61 558
11 60 240
2 56 355
18 51 798
10 17 440
14 25 494
10 41 195
19 76 268
10 23 155
1 47 648
2 61 787
1 33 781
8 14 634
20 61 370
20 46 257
19 11 645
14 57 485
19 57 167
8 32 173
12 71 641
9 58 127
14 9 747
3 39 631
6 9 512
10 17 209
21 11 359
19 70 181
9 6 24
15 78 206
12 28 267
16 19 442
10 39 562
10 22 642
21 70 22
9 54 114
15 69 507
8 68 705
20 45 784
8 5 672
18 66 85
14 15 286
8 14 139
15 31 155
19 40 340
8 52 214
17 24 634
8 63 321
4 29 687
5 65 423
8 14 385
2 77 445
8 61 648
4 9 232
9 6 140
18 24 533
8 24 483
20 39 182
3 55 723
20 13 438
12 30 385
9 15 403
4 3 126
2 62 130
11 8 436
6 27 19
10 6 748
16 29 568
2 13 453
11 2 282
12 48 401
2 36 271
11 32 25
13 19 95
15 52 154
20 71 363
4 8 509
3 44 596
12 49 551
11 21 505
13 65 179
2 75 188
21 47 101
21 3 60
9 64 157
4 46 453
4 51 332
14 18 5
16 26 18
5 34 312
8 5 293
4 33 403
18 15 602
11 20 59
15 49 122
16 50 422
17 68 532
4 17 240
19 21 164
15 12 376
1 55 473
18 40 588
4 62 702
14 2 275
8 66 691
14 69 9
17 32 70
4 65 551
4 47 335
9 76 117
6 3 117
13 38 354
10 50 165
5 49 328
20 7 281
14 8 594
13 43 730
15 6 416
8 20 800
2 8 735
12 18 497
17 79 248
10 73 796
8 56 386
16 63 763
17 75 299
9 15 507
12 34 511
10 7 561
21 67 113
3 42 637
17 74 595
10 31 324
18 39 178
7 56 617
2 31 236
1 66 106
9 2 359
7 18 559
3 74 787
3 23 729
7 34 355
16 75 574
20 24 311
15 27 460
3 53 105
11 54 298
14 11 91
16 48 435
19 28 275
11 8 404
19 49 359
6 56 287
6 60 710
18 72 524
7 63 430
8 43 652
15 40 259
12 74 133
21 70 782
1 79 133
4 15 106
12 73 451
13 44 502
17 76 91
10 35 166
10 74 733
9 36 346
10 48 149
8 77 779
16 78 736
7 22 69
10 69 386
4 34 221
14 75 261
3 50 419
21 39 49
14 6 690
21 63 235
2 60 761
4 17 700
2 11 188
14 78 214
15 56 685
8 65 595
1 73 429
10 29 416
13 1 340
6 29 685
15 16 441
8 44 734
20 25 680
6 77 34
18 17 157
17 47 244
2 1 532
10 2 684
3 16 417
21 45 49
4 20 55
16 13 204
2 28 651
7 22 172
5 24 43
19 35 66
13 3 75
3 15 777
9 24 228
1 78 638
9 5 469
15 67 644
11 60 144
2 69 22
10 10 507
14 2 232
1 15 691
5 37 652
15 70 544
18 11 323
16 8 797
19 59 458
8 3 46
6 63 417
18 72 678
11 25 698
4 29 192
14 18 647
8 11 666
4 5 482
9 2 763
4 38 85
16 46 284
11 70 448
10 26 174
14 38 646
1 14 347
16 55 484
4 30 453
13 35 673
8 10 226
19 28 719
21 7 55
16 41 288
14 11 38
9 12 350
9 75 198
10 35 751
18 66 505
9 63 348
9 15 527
17 3 374
7 18 146
16 66 692
6 27 522
6 53 647
5 31 162
18 43 548
13 30 498
9 26 578
13 67 371
11 16 284
8 22 722
17 17 740
17 15 3
18 64 692
12 71 720
6 9 693
8 40 81
9 30 49
18 24 546
17 30 86
11 34 140
5 11 470
4 75 760
19 71 588
10 71 258
19 78 555
6 77 28
1 4 478
20 78 280
1 7 151
4 13 754
4 12 213
18 56 154
16 69 296
13 60 471
1 2 704
16 70 343
6 68 86
13 71 616
9 49 611
12 36 204
10 45 464
8 4 581
17 44 46
8 44 688
12 77 372
16 30 641
20 42 227
19 61 183
12 16 169
11 10 744
8 76 730
13 43 577
7 58 662
3 11 653
20 8 134
4 59 556
6 37 45
6 55 257
15 74 539
3 12 477
2 43 421
4 30 666
18 25 682
9 48 788
9 51 800
10 58 406
17 8 747
2 39 767
6 19 210
12 14 12
2 74 544
9 67 392
4 69 57
11 67 600
20 1 565
20 49 420
21 28 51
13 1 573
20 25 352
1 17 483
2 33 568
18 37 193
11 67 359
14 79 734
9 14 667
3 19 441
11 59 468
11 78 94
16 46 104
12 33 108
2 24 568
17 26 754
20 78 371
11 74 43
16 29 579
3 43 97
9 68 161
10 46 343
20 25 240
20 31 693
1 69 76
9 13 735
21 23 381
19 6 193
11 42 143
9 7 300
9 21 59
7 73 448
17 9 292
14 48 15
21 61 569
20 52 787
18 72 646
9 64 534
18 79 622
17 76 217
19 40 728
20 51 576
8 45 272
11 29 551
6 4 364
17 70 225
9 45 44
19 26 600
17 53 575
12 48 352
3 68 509
8 16 347
18 60 157
15 30 499
8 69 200
17 58 653
13 1 379
15 70 67
2 66 767
5 79 38
11 1 574
2 35 123
18 64 650
19 52 792
8 75 321
12 70 309
17 76 625
18 21 83
13 27 200
4 32 319
14 23 80
3 23 326
2 45 62
10 7 481
4 56 590
19 77 459
7 51 190
10 28 63
19 61 685
5 39 203
18 71 429
16 67 211
1 39 743
7 11 44
9 13 64
18 74 144
1 53 476
15 22 316
14 47 274
9 74 699
16 15 799
8 43 546
1 22 102
8 40 259
9 17 686
1 2 360
18 52 297
12 23 485
19 77 193
7 48 318
3 1 554
20 7 70
3 25 573
8 30 654
16 53 84
14 74 708
17 7 471
8 19 287
20 40 31
4 69 66
1 37 246
7 52 778
18 59 437
7 76 220
5 27 275
6 75 28
16 73 680
2 42 641
14 43 514
17 29 307
9 39 93
12 16 185
11 27 307
5 55 236
7 3 792
6 28 358
11 31 720
7 14 411
12 8 559
4 18 100
8 26 519
15 40 515
12 27 371
16 73 526
19 5 196
18 76 790
8 11 430
6 62 13
14 75 368
11 2 437
2 64 101
9 13 716
14 64 401
13 50 399
1 79 30
15 65 356
6 39 146
5 33 319
12 22 582
3 61 418
13 15 572
9 56 613
2 27 138
6 62 564
19 16 108
19 58 723
2 24 325
9 65 94
17 6 533
8 67 253
7 41 616
19 19 173
19 2 769
5 17 322
20 17 362
18 79 691
7 66 334
18 66 679
18 29 573
5 67 416
15 49 194
19 72 627
17 68 395
3 47 298
7 3 374
13 6 225
17 38 578
17 79 647
18 75 131
11 29 646
19 77 732
3 79 199
10 22 747
3 49 54
18 45 730
7 62 378
15 78 303
6 42 752
21 74 241
20 75 757
17 47 640
17 23 327
10 30 134
10 50 580
10 41 685
10 58 97
3 7 473
14 23 527
10 44 361
20 42 118
15 51 82
8 54 648
19 61 294
15 18 16
17 61 251
11 17 236
4 24 250
18 50 527
21 15 717
2 15 120
13 78 281
11 7 582
14 58 166
13 71 666
12 32 321
8 29 628
3 54 133
10 68 401
9 15 273
3 48 400
15 77 392
5 10 246
10 47 140
15 16 204
7 44 86
1 22 348
14 8 784
6 67 773
4 12 635
8 73 350
12 15 316
13 48 634
3 51 168
7 55 492
4 29 7
5 32 172
4 3 461
17 6 145
21 71 269
15 38 314
7 74 637
3 30 328
21 34 347
10 68 796
21 58 456
16 9 786
12 46 700
9 66 615
8 7 411
19 51 561
21 5 630
18 72 760
14 26 587
8 60 193
7 38 473
15 52 328
3 56 496
4 59 355
20 66 354
6 9 578
14 26 31
6 39 562
10 71 14
13 18 46
9 44 559
6 28 553
18 60 165
13 74 294
8 25 96
2 12 777
19 50 405
21 37 320
14 58 47
11 75 440
10 16 438
9 49 277
15 46 298
16 11 2
4 48 372
1 30 342
10 68 374
19 17 534
15 64 469
3 42 19
19 54 341
9 72 72
11 42 328
16 9 145
20 71 720
18 22 266
12 40 691
20 56 393
16 6 19
8 46 458
6 15 767
9 14 705
7 32 621
16 44 798
21 79 67
9 37 20
14 66 401
6 50 198
1 23 717
11 9 797
12 63 252
4 34 167
1 69 168
13 77 91
12 9 103
1 34 290
8 40 291
7 38 314
5 46 783
5 68 756
19 43 222
2 47 538
10 25 119
8 42 258
13 53 66
16 52 467
3 68 371
3 58 124
11 2 408
11 59 521
20 55 674
7 7 60
8 70 73
7 18 30
12 14 483
17 73 453
19 76 379
7 64 587
1 4 151
8 68 289
1 70 398
19 48 651
9 53 576
13 29 427
8 4 608
15 27 357
6 42 159
2 34 276
13 3 262
15 43 290
8 23 8
12 42 511
4 46 603
19 67 718
4 43 740
16 27 777
9 60 182
2 4 72
3 42 69
12 43 193
6 63 695
21 78 736
10 3 283
17 19 455
16 12 766
19 56 517
17 4 406
16 57 256
6 11 221
20 74 636
6 34 295
8 31 604
17 23 266
10 73 521
19 2 134
15 4 68
18 20 114
9 64 334
19 56 784
6 5 31
4 5 374
12 7 329
5 28 774
7 45 505
16 48 443
17 60 19
14 71 382
21 71 360
6 52 302
7 25 259
5 62 434
15 1 409
7 59 130
7 45 432
12 54 227
15 9 750
14 59 538
6 72 35
19 30 639
6 62 244
10 1 43
19 69 117
11 5 538
6 64 57
10 54 277
15 25 38
4 2 613
6 60 363
14 26 271
3 6 727
19 66 117
8 27 710
1 22 406
15 54 620
12 35 667
10 50 247
13 26 89
18 44 27
5 69 563
21 22 700
8 46 354
16 21 718
18 6 192
7 37 786
20 5 388
1 19 540
7 24 415
8 56 541
21 71 628
9 35 428
15 5 510
7 76 302
5 23 443
19 21 343
6 75 624
21 12 475
21 62 422
16 64 269
18 33 409
2 12 226
10 65 282
10 17 591
10 61 330
14 78 783
9 2 38
13 79 82
16 25 408
3 46 708
9 65 495
4 10 485
3 22 551
9 3 649
2 68 576
8 79 727
13 42 35
14 42 524
7 73 515
21 3 436
21 45 553
12 76 751
9 29 309
11 71
224
7 7 216
18 71 547
3 14 797
8 31 223
21 78 298
14 75 610
19 66 208
18 37 639
13 73 103
6 52 289
16 64 615
13 70 515
17 5 383
19 2 512
4 78 616
9 49 738
1 10 173
6 42 312
1 1 524
14 7 104
6 14 47
7 71 194
20 45 339
3 28 318
20 70 514
9 40 388
16 73 477
8 26 641
19 45 39
14 14 755
18 77 649
8 23 275
11 29 282
14 6 618
11 65 529
11 1 624
6 36 494
21 33 752
10 26 389
17 74 424
5 77 475
21 47 415
13 78 59
19 9 108
19 32 597
14 42 481
17 63 21
10 49 718
7 78 118
9 21 685
10 22 1
19 13 675
18 44 655
19 49 159
16 13 588
18 3 38
2 62 155
4 19 540
13 17 730
4 58 511
9 52 128
3 36 759
3 76 129
2 27 170
13 11 781
14 2 510
20 19 611
21 42 438
13 44 529
12 51 594
8 16 54
18 65 13
20 16 635
15 21 546
2 20 604
19 10 345
18 74 367
1 30 179
7 66 584
20 61 170
17 6 524
5 8 375
3 10 794
15 39 66
5 22 463
7 51 88
17 31 81
4 43 36
6 61 433
16 55 617
10 41 99
14 38 585
17 60 386
7 6 676
6 74 59
9 75 734
16 74 437
3 67 100
11 29 368
17 51 331
5 43 526
20 32 559
8 79 582
18 44 601
21 57 146
15 18 756
18 10 290
20 46 386
15 22 715
14 9 512
17 28 773
8 6 659
15 51 224
4 47 259
4 29 326
5 66 91
4 79 18
8 5 767
10 58 257
16 79 318
7 43 610
15 23 632
14 64 309
6 50 581
20 52 241
9 48 710
1 37 315
3 28 780
2 31 284
18 20 560
7 51 103
20 40 303
16 72 770
12 15 272
2 15 673
6 76 698
10 55 429
1 49 411
9 6 166
7 52 282
7 5 588
5 3 106
4 20 109
20 9 223
9 43 124
15 46 667
18 15 325
13 19 705
4 40 461
18 4 55
4 7 374
4 7 365
19 7 403
2 41 113
9 60 526
9 43 436
5 25 267
13 53 129
1 4 481
7 29 539
3 1 542
18 68 553
8 15 414
4 14 77
19 71 33
14 66 602
17 48 104
15 20 336
2 76 197
20 26 101
18 34 12
11 46 49
8 79 522
7 40 603
6 62 692
18 23 349
1 72 61
9 51 594
8 20 182
21 47 382
20 50 560
5 13 53
11 71 634
1 27 536
8 35 480
11 11 578
6 37 339
3 19 787
11 72 351
2 64 189
17 6 658
21 28 91
1 44 757
4 68 718
16 28 662
19 16 103
9 57 746
2 51 480
6 58 494
11 66 452
11 11 277
21 19 382
9 66 320
14 18 127
18 33 359
8 24 769
5 10 484
8 27 272
20 17 42
17 31 62
7 21 451
7 64 602
8 61 45
10 66 104
15 63 178
14 4 239
1 62 169
8 47 290
11 5 628
18 59 17
2 45 633
4 45 447
12 68 186
18 17 470
19 33
744
14 13 110
1 23 753
6 9 215
10 1 68
8 11 576
8 26 524
11 17 668
13 53 47
14 54 128
19 27 361
10 16 446
13 32 223
11 72 705
11 66 245
6 31 248
13 49 397
21 67 557
13 76 439
7 71 204
15 54 386
20 12 397
5 6 155
14 44 725
1 62 82
9 35 32
15 79 141
4 21 324
18 68 76
20 45 49
9 29 125
15 59 83
12 56 180
16 30 488
17 27 62
15 52 553
2 69 22
19 73 635
18 30 384
17 67 291
19 18 269
1 37 389
6 19 355
15 13 603
5 24 311
16 10 21
11 13 240
15 31 127
8 33 618
20 23 57
13 48 117
19 12 157
10 73 310
11 68 332
3 74 205
12 64 227
19 51 691
4 76 546
19 16 763
5 10 408
18 47 312
15 29 536
19 55 651
18 57 446
6 3 714
3 76 314
19 22 677
8 5 9
13 12 706
16 53 620
18 64 223
7 21 178
6 77 481
21 67 609
9 32 482
7 44 200
11 63 1
16 39 696
3 72 422
20 16 243
19 77 47
18 15 333
3 50 409
4 20 641
11 15 571
17 32 767
20 26 453
7 72 185
8 1 268
20 25 321
20 7 506
7 38 397
13 55 362
1 2 445
10 58 695
13 66 276
18 13 705
20 40 437
14 10 768
20 37 528
14 47 136
11 73 529
1 34 608
13 25 760
10 15 201
13 66 730
14 46 586
12 39 710
20 51 491
4 51 29
13 54 316
4 3 100
11 66 356
18 72 154
16 62 67
16 71 642
8 30 769
12 11 606
4 18 99
15 27 381
13 55 69
11 39 172
16 44 401
10 44 367
19 57 173
8 57 733
16 27 44
12 31 219
18 63 450
1 21 694
13 35 297
3 33 38
7 6 488
13 30 393
3 33 344
6 33 545
7 58 203
21 7 671
6 8 571
9 36 445
4 37 252
18 4 445
12 1 350
5 24 76
21 12 12
2 76 538
14 21 72
11 57 781
18 54 200
7 18 338
1 20 678
8 63 346
14 44 193
11 18 737
18 57 792
1 27 721
20 62 207
20 35 321
13 33 532
16 22 697
17 77 292
15 72 460
20 74 687
21 22 389
11 30 484
11 44 476
14 46 67
6 49 378
13 10 309
9 41 769
15 63 294
15 57 115
13 70 533
14 56 108
19 9 305
21 32 651
9 71 582
18 54 450
14 12 478
9 45 498
9 5 362
18 44 606
6 12 512
9 35 422
8 41 99
3 38 116
3 76 192
8 5 595
15 51 773
13 29 797
13 49 289
9 5 142
16 45 135
13 28 115
13 60 117
10 64 501
5 35 493
4 22 746
17 21 797
12 25 178
6 28 302
5 10 427
18 16 395
3 7 12
5 21 725
5 76 520
18 22 146
21 55 325
6 37 665
7 77 761
10 31 629
18 65 394
16 35 124
10 1 618
8 22 375
1 9 749
14 16 697
1 22 239
12 53 236
7 36 799
7 18 135
16 16 666
2 73 448
20 23 77
4 44 46
10 23 132
17 26 104
18 68 222
17 33 335
7 74 449
16 73 298
1 48 231
6 51 789
21 26 623
20 14 739
19 34 440
9 16 339
19 29 173
9 55 55
7 4 15
4 20 186
11 65 27
9 76 166
3 29 422
16 76 730
10 3 76
5 41 149
18 19 509
20 68 339
1 15 68
5 5 256
7 12 353
3 75 134
7 35 57
12 62 450
15 32 94
20 39 228
1 22 320
7 37 411
18 15 275
12 51 208
4 37 677
7 68 101
15 28 752
20 51 123
5 35 476
10 26 416
1 27 162
2 34 623
21 64 159
4 14 199
7 76 778
8 73 412
11 25 490
16 8 731
12 53 775
3 27 612
11 52 303
9 16 94
16 47 641
8 65 777
20 49 10
11 22 564
17 18 603
21 17 794
7 69 14
9 15 442
19 23 147
6 8 382
11 54 750
20 42 251
2 17 285
11 31 306
19 1 553
1 10 784
13 17 700
10 49 466
7 3 329
3 31 506
19 59 551
17 3 482
6 69 13
20 24 126
14 61 600
20 29 390
7 46 274
20 5 265
6 17 795
11 4 75
14 62 45
19 45 598
20 17 142
12 46 87
4 46 351
10 72 637
13 26 339
16 9 651
19 31 510
9 66 440
16 61 568
21 40 338
11 32 271
16 27 577
20 62 464
16 72 710
9 65 760
16 22 138
20 27 158
5 8 776
1 64 259
4 15 153
7 3 188
2 61 6
13 29 644
4 45 177
11 15 73
21 52 40
16 60 59
11 15 769
17 3 163
17 79 717
7 31 183
11 59 761
16 77 280
15 35 265
13 7 523
7 64 606
13 71 748
13 40 641
10 20 139
14 35 163
13 62 589
1 34 101
13 46 379
9 62 743
11 21 622
12 51 674
16 74 406
4 12 641
20 38 516
12 11 768
1 55 713
8 21 792
2 33 744
15 67 430
8 45 548
4 48 66
18 14 624
10 42 89
10 10 21
6 15 528
13 56 688
3 69 85
12 52 461
21 52 181
2 55 393
6 40 429
11 7 176
4 34 800
16 54 269
14 29 734
9 67 449
20 73 695
15 11 776
15 2 682
12 43 211
7 37 620
16 55 552
12 66 218
3 77 786
7 36 293
13 5 767
10 61 161
11 62 578
19 54 392
21 11 275
12 15 358
17 55 19
21 48 586
19 22 420
14 9 443
20 19 527
2 73 390
6 14 299
6 44 524
16 77 5
8 25 740
3 65 289
11 58 566
11 10 577
12 24 520
12 58 773
19 40 788
6 25 51
4 76 434
9 5 245
9 71 326
2 13 628
9 21 777
1 49 798
21 45 587
17 21 243
7 53 492
8 67 426
2 51 785
11 8 739
11 23 247
17 4 568
1 23 310
17 70 15
7 54 182
11 19 299
16 8 681
12 71 80
15 77 752
4 59 574
3 34 479
9 63 175
19 15 84
6 50 610
2 7 86
9 57 534
21 51 691
4 32 453
11 40 41
14 65 69
8 45 219
2 65 543
9 21 515
20 65 86
3 4 157
8 42 190
6 55 506
10 61 599
11 68 427
11 74 547
14 18 541
2 56 409
17 50 758
7 23 647
20 33 685
8 24 519
12 79 62
2 73 577
19 58 466
2 11 654
2 70 558
3 1 664
19 55 638
19 47 587
11 76 417
18 69 683
13 76 703
13 22 764
15 28 461
16 5 187
7 28 423
2 13 467
15 58 14
1 17 451
8 5 441
1 56 336
2 21 423
7 26 604
21 24 736
14 45 556
4 22 448
8 3 726
11 30 798
14 35 658
6 70 759
20 49 294
9 57 608
13 59 593
2 23 210
16 19 380
13 59 496
19 8 632
7 56 87
6 44 523
10 30 265
12 6 313
1 51 396
7 78 333
6 54 788
11 45 213
16 47 548
11 73 145
13 49 458
4 51 268
10 33 567
13 35 575
18 14 708
8 72 267
8 77 206
16 59 12
19 72 292
5 54 779
15 25 164
13 36 764
8 43 17
17 30 507
5 11 368
8 34 420
9 63 93
2 69 335
3 58 350
6 19 561
4 11 325
8 67 53
20 26 556
12 70 112
11 39 389
1 50 460
6 48 698
7 51 573
14 60 241
7 19 72
19 73 733
18 72 521
4 28 576
18 71 117
18 55 137
2 13 330
3 53 614
7 8 244
18 65 679
19 25 180
21 2 205
17 55 32
14 7 246
2 36 654
3 17 124
17 78 273
7 5 623
1 18 271
11 4 750
13 18 754
16 68 214
1 75 634
20 58 548
3 38 298
6 59 104
20 40 391
1 20 437
3 24 433
15 74 501
15 49 6
1 6 676
20 4 249
13 30 60
14 39 800
6 13 62
8 73 86
3 7 524
12 44 787
14 26 542
9 30 129
16 2 767
16 13 769
15 8 312
14 15 237
3 79 466
20 41 60
13 29 730
16 5 497
4 17 342
2 36 798
19 65 506
3 4 68
19 6 719
5 49 495
19 71 760
21 64 71
3 76 286
6 5 376
11 9 91
11 79 622
7 37 286
3 16 717
4 20 201
15 45 445
15 14 590
4 14 127
11 42 535
7 44 219
4 28 332
9 19 287
6 19 185
7 63 146
11 12 699
14 68 363
21 42 375
11 38 722
5 8 728
18 77 505
8 5 243
1 16 183
4 5 701
4 28 167
4 23 702
18 25 365
4 58 131
9 75 114
8 63 444
18 15 755
8 46 722
18 60 203
5 13 336
9 51 603
11 20 287
4 66 794
7 24 332
19 70 797
21 78 33
18 51 351
3 37 726
12 51 592
1 26 709
20 44 108
4 76 488
16 58 486
6 67 75
13 67 647
13 25 139
9 40 159
4 13 19
9 46 193
21 48 740
18 7 117
5 5 328
14 66 317
16 30 237
16 3 159
7 55 294
16 57 624
1 9 549
12 11 699
20 40 50
6 60 14
8 25 470
3 13 150
10 25 667
9 64 127
15 76 202
4 13 710
2 53 555
8 13 770
3 27 540
2 69 119
8 71 519
2 65 226
17 37 489
20 64 594
21 48 599
5 40 287
19 19 647
19 24 747
15 21 386
5 72 80
17 68 693
16 52 446
14 66 339
21 45 680
8 37 202
13 52 405
11 47 638
17 57 714
21 78 148
18 31 346
20 51 505
5 41 32
4 16 537
11 50 23
20 23 6
20 75 794
4 62 765
19 67 395
5 21 716
20 61 756
5 45 200
19 58 574
5 12 620
18 41 476
3 54 247
9 31 240
12 42 1
2 29 9
20 65 244
7 34 354
14 9 206
9 77 342
17 73 392
3 35 485
18 18 315
4 22 739
14 12 225
14 74 319
18 26 275
6 8 105
1 70 570
6 62 87
5 7 731
19 76 619
5 37 739
4 40 774
1 54 465
20 30 404
20 36 194
7 31 422
18 27 705
18 42 345
21 65 372
9 4 660
15 35 218
2 4 57
1 33 732
16 42 333
6 7 760
14 7 361
11 13 95
14 56 148
10 79 99
9 48 762
4 49 175
