75
1 1 1 0
1 2 0 0
2 1 1 2
2 2 0 2
7 43 43 42
6 21 21 22
12 1365 1365 1366
3 0 0 8
2 2 1 1
7 10 103 15
4 4 3 9
8 85 86 85
1 0 0 2
2 0 3 1
6 22 21 21
9 171 170 171
12 1366 1365 1365
3 0 6 2
12 608 3389 99
7 42 43 43
8 8 211 37
3 0 7 1
7 40 9 79
1 0 1 1
5 11 11 10
3 4 2 2
7 16 62 50
7 18 96 14
2 3 1 0
11 704 626 718
10 341 342 341
7 43 42 43
5 11 10 11
3 8 0 0
3 3 3 2
12 1366 1366 1364
9 170 171 171
9 25 458 29
3 2 2 4
6 16 31 17
1 1 0 1
4 4 4 8
2 1 2 1
4 12 1 3
4 1 11 4
7 2 82 44
4 5 6 5
4 0 5 11
10 341 341 342
3 2 4 2
2 1 3 0
12 204 3780 112
11 682 683 683
8 85 85 86
9 171 171 170
4 6 5 5
12 0 4096 0
6 50 13 1
4 5 5 6
6 21 22 21
11 683 683 682
7 13 100 15
2 0 2 2
3 2 3 3
8 86 85 85
5 10 11 11
12 1364 1368 1364
6 41 17 6
3 3 2 3
11 683 682 683
2 0 4 0
10 342 341 341
12 1365 1366 1365
3 2 0 6
4 6 6 4
