100
2 2
0.50 0.50
4 2
0.00 0.00 1.00 1.00
3 2
0.50 0.75 1.00
16 14
0.52 0.56 0.46 0.56 0.63 0.49 0.40 0.62 0.67 0.47 0.52 0.36 0.59 0.60 0.45 0.45
2 2
1.00 1.00
16 2
0.14 0.80 0.08 0.52 0.46 0.77 0.67 0.01 0.77 0.49 0.17 0.18 0.10 0.55 0.41 0.16
16 8
0.53 0.46 0.53 0.43 0.53 0.45 0.54 0.47 0.45 0.48 0.47 0.55 0.53 0.52 0.55 0.49
16 2
0.49 0.51 0.49 0.49 0.50 0.50 0.49 0.51 0.50 0.50 0.51 0.50 0.51 0.50 0.49 0.50
16 8
0.53 0.55 0.48 0.45 0.55 0.43 0.49 0.47 0.53 0.47 0.53 0.46 0.45 0.52 0.53 0.53
12 4
0.50 0.57 0.02 0.99 0.49 0.06 0.60 0.09 0.29 0.93 0.65 0.80
16 10
0.04 0.60 0.06 0.03 0.62 0.09 0.05 0.09 0.08 0.07 0.08 0.06 0.63 0.07 0.08 0.60
16 14
0.01 0.63 0.38 0.83 0.73 0.31 0.49 0.04 0.90 0.89 0.79 0.78 0.40 0.22 0.08 0.67
16 6
0.88 0.45 0.71 0.56 0.37 0.41 0.86 0.45 0.36 0.09 0.59 0.08 0.95 0.18 0.68 0.07
16 14
1.00 0.98 1.00 0.99 1.00 1.00 0.99 0.98 1.00 1.00 1.00 0.98 0.99 1.00 1.00 1.00
16 8
0.84 0.01 0.95 0.02 0.55 0.02 0.69 0.70 0.83 0.00 0.02 0.76 0.00 0.02 0.02 0.98
16 2
0.00 0.02 0.02 0.01 0.02 0.02 0.00 0.01 0.01 0.01 0.00 0.02 0.01 0.00 0.01 0.01
16 10
0.63 0.65 0.63 0.67 0.61 0.68 0.03 0.61 0.00 0.65 0.65 0.64 0.08 0.65 0.62 0.00
2 2
0.00 0.50
12 10
0.25 0.55 0.32 0.33 0.55 0.50 0.50 0.27 0.15 0.55 0.97 0.80
16 8
0.10 0.65 0.02 0.66 0.69 0.61 0.67 0.65 0.02 0.67 0.60 0.07 0.61 0.66 0.67 0.69
8 4
1.00 1.00 1.00 1.00 1.00 1.00 1.00 1.00
16 10
0.79 0.19 0.75 0.68 0.67 0.52 0.07 0.45 0.25 0.21 0.03 0.44 0.35 0.27 0.36 0.65
16 8
0.64 0.73 0.43 0.69 0.44 0.39 0.47 0.51 0.67 0.52 0.32 0.68 0.63 0.71 0.43 0.79
16 8
1.00 0.99 1.00 0.25 0.30 0.26 0.34 0.31 0.18 0.98 0.19 1.00 0.98 0.00 0.99 0.98
3 2
0.50 0.50 0.50
16 6
0.50 0.49 0.51 0.51 0.50 0.49 0.49 0.50 0.50 0.50 0.50 0.51 0.51 0.51 0.51 0.51
16 10
0.49 0.51 0.50 0.51 0.50 0.51 0.50 0.49 0.50 0.50 0.51 0.51 0.50 0.51 0.49 0.49
8 2
1.00 1.00 1.00 1.00 0.00 0.00 1.00 1.00
8 2
0.00 0.00 1.00 0.00 1.00 0.00 1.00 1.00
16 6
0.62 0.03 0.10 0.05 0.04 0.08 0.70 0.02 0.04 0.61 0.01 0.66 0.06 0.01 0.06 0.04
8 4
0.00 1.00 1.00 1.00 1.00 0.00 0.00 1.00
16 6
0.38 0.57 0.63 0.68 0.68 0.49 0.63 0.61 0.68 0.38 0.32 0.61 0.40 0.30 0.67 0.67
16 2
0.36 0.35 0.33 0.49 0.55 0.66 0.54 0.69 0.60 0.41 0.50 0.59 0.46 0.70 0.44 0.43
16 8
0.91 0.95 0.02 0.04 0.96 0.00 0.10 0.91 0.92 0.01 0.06 0.05 0.98 0.10 0.98 0.95
4 2
0.98 0.01 0.99 0.01
16 10
0.61 0.29 0.51 0.42 0.63 0.61 0.59 0.72 0.15 0.64 0.41 0.58 0.60 0.40 0.59 0.21
8 4
1.00 1.00 0.00 1.00 1.00 1.00 1.00 1.00
16 8
0.10 0.68 0.10 0.08 0.03 0.08 0.67 0.02 0.07 0.02 0.09 0.69 0.03 0.63 0.04 0.04
4 2
0.00 0.00 0.02 0.00
4 4
0.50 0.50 0.50 0.50
16 2
0.66 0.02 0.63 0.64 0.60 0.66 0.68 0.67 0.03 0.61 0.09 0.00 0.62 0.69 0.61 0.70
16 8
1.00 0.90 0.03 0.05 0.10 0.00 0.96 0.98 0.97 0.92 0.91 0.01 0.05 0.95 0.08 0.03
16 10
0.02 0.01 0.01 0.01 0.00 0.02 0.02 0.02 0.00 0.00 0.02 0.02 0.00 0.02 0.00 0.02
8 2
1.00 1.00 0.00 0.00 0.00 1.00 1.00 1.00
16 6
0.00 0.00 0.01 0.00 0.02 0.01 0.01 0.01 0.00 0.00 0.02 0.01 0.00 0.02 0.01 0.02
8 2
1.00 1.00 1.00 1.00 1.00 1.00 0.00 1.00
2 2
0.45 0.05
16 4
0.04 0.68 0.08 0.09 0.70 0.09 0.66 0.61 0.08 0.01 0.10 0.08 0.08 0.04 0.09 0.06
3 2
0.00 0.00 1.00
16 8
0.07 0.26 0.06 0.42 0.09 0.08 0.10 0.63 0.04 0.07 0.46 0.15 0.09 0.00 1.00 0.53
4 2
0.00 0.00 0.00 0.00
3 2
0.01 0.02 0.04
4 2
0.00 1.00 1.00 1.00
16 8
0.98 0.67 0.91 0.98 0.99 0.98 1.00 0.95 0.58 0.58 1.00 0.93 0.99 0.58 0.99 0.77
16 8
0.04 0.05 0.93 0.02 0.03 0.99 0.06 0.94 0.92 0.07 0.02 0.01 0.98 0.95 1.00 0.93
8 6
1.00 1.00 0.00 1.00 0.00 1.00 1.00 1.00
16 12
0.01 0.10 0.08 0.00 0.02 0.64 0.03 0.70 0.10 0.61 0.04 0.02 0.09 0.02 0.01 0.61
8 2
1.00 1.00 1.00 1.00 1.00 1.00 1.00 1.00
16 8
0.01 0.01 0.00 0.01 0.28 0.37 0.02 0.00 0.06 0.00 0.27 0.02 0.00 0.46 0.34 0.49
16 8
0.02 0.00 0.01 0.02 0.00 0.01 0.12 0.08 0.36 0.13 0.48 0.19 0.01 0.00 0.16 0.26
16 8
0.29 0.27 1.00 0.36 1.00 0.99 1.00 0.98 0.06 0.00 1.00 0.25 0.17 1.00 0.99 0.06
16 8
0.67 0.69 0.73 0.32 0.51 0.63 0.52 0.64 0.43 0.71 0.44 0.68 0.43 0.47 0.78 0.39
16 10
0.47 0.47 0.47 0.48 0.49 0.47 0.47 0.50 0.51 0.48 0.47 0.47 0.51 0.50 0.47 0.48
8 6
1.00 0.00 1.00 0.00 0.00 1.00 0.00 1.00
3 2
0.10 0.80 0.50
16 10
0.47 0.50 0.47 0.47 0.48 0.48 0.47 0.51 0.51 0.48 0.47 0.47 0.47 0.48 0.47 0.50
16 12
0.70 0.69 0.63 0.69 0.62 0.67 0.61 0.07 0.66 0.03 0.06 0.64 0.02 0.69 0.63 0.68
16 10
0.38 0.33 0.49 0.58 0.58 0.46 0.66 0.47 0.68 0.56 0.45 0.45 0.57 0.57 0.61 0.44
16 10
0.62 0.40 0.29 0.63 0.64 0.42 0.41 0.61 0.59 0.51 0.60 0.58 0.21 0.15 0.59 0.72
16 6
0.98 1.00 0.99 0.99 0.98 0.99 1.00 0.99 1.00 0.99 0.99 1.00 0.99 1.00 1.00 0.99
16 8
0.01 0.29 0.05 0.64 0.02 0.82 0.02 0.58 0.06 0.00 0.06 0.96 0.70 0.73 0.01 0.10
2 2
0.00 0.00
3 2
0.50 0.40 0.60
4 4
0.01 0.01 0.99 0.98
4 2
0.02 0.00 0.00 1.00
16 8
0.71 0.65 0.40 0.29 0.64 0.56 0.67 0.46 0.63 0.65 0.29 0.54 0.42 0.62 0.72 0.63
16 10
0.98 0.99 0.98 0.99 0.99 1.00 0.98 0.99 1.00 0.98 0.98 0.99 0.98 0.99 0.99 0.99
16 8
1.00 0.92 0.99 0.98 0.98 1.00 0.99 0.86 0.55 0.99 0.61 0.66 0.89 1.00 0.84 0.99
16 14
0.00 0.00 0.02 0.00 0.01 0.02 0.02 0.00 0.00 0.00 0.00 0.01 0.01 0.02 0.00 0.00
16 8
0.59 0.00 0.01 0.91 0.00 0.87 0.01 0.00 0.01 0.01 0.65 0.72 0.02 0.74 0.51 0.85
12 2
0.50 0.81 0.69 0.43 0.25 0.14 0.56 0.28 0.74 0.34 0.80 0.47
16 2
0.05 0.09 0.62 0.06 0.63 0.67 0.10 0.03 0.05 0.04 0.08 0.01 0.10 0.08 0.07 0.63
16 4
0.69 0.64 0.65 0.63 0.63 0.69 0.01 0.63 0.03 0.02 0.07 0.64 0.68 0.60 0.65 0.70
8 4
0.00 1.00 1.00 0.00 1.00 1.00 1.00 1.00
16 14
0.01 0.03 0.10 0.03 0.05 0.00 0.64 0.63 0.06 0.08 0.06 0.05 0.05 0.64 0.69 0.08
8 4
1.00 0.00 0.00 1.00 1.00 1.00 0.00 0.00
2 2
0.00 1.00
16 6
0.60 0.05 0.61 0.63 0.60 0.60 0.00 0.70 0.68 0.69 0.64 0.03 0.01 0.69 0.64 0.70
16 8
0.02 0.27 0.57 0.09 0.58 0.10 0.05 0.08 0.10 0.65 0.80 0.22 0.07 0.74 0.02 0.95
8 6
1.00 1.00 1.00 1.00 1.00 1.00 1.00 1.00
8 6
1.00 1.00 0.00 0.00 1.00 0.00 1.00 1.00
3 2
0.30 0.50 0.80
16 2
0.98 1.00 0.98 0.98 1.00 1.00 1.00 1.00 0.99 0.99 0.98 0.99 0.98 0.98 1.00 0.99
16 14
0.49 0.50 0.50 0.49 0.51 0.51 0.49 0.49 0.49 0.51 0.51 0.51 0.51 0.51 0.49 0.51
8 6
1.00 1.00 1.00 1.00 1.00 1.00 1.00 0.00
16 14
0.05 0.00 0.67 0.06 0.70 0.70 0.64 0.67 0.05 0.68 0.62 0.70 0.60 0.63 0.70 0.70
4 2
0.00 1.00 0.00 0.00
16 8
0.63 0.29 0.65 0.56 0.40 0.46 0.43 0.72 0.65 0.71 0.64 0.62 0.29 0.54 0.63 0.67
4 4
1.00 1.00 0.00 0.00
4 2
1.00 0.98 1.00 0.00
