yocatgfzpq
1000
115331457 54
683586078 94
950397458 19
91010958 58
387374058 27
242424731 63
504552980 62
591616595 74
772479875 101
978324273 61
585246893 7
50722550 107
398450229 76
430871639 15
540771853 62
237811346 35
942151522 18
684455907 76
729679376 89
919059680 29
191575481 72
896510011 108
33176643 103
183910321 108
803756424 55
938179409 73
220886060 63
218834446 14
23961268 18
281180353 67
47137324 52
910449084 28
420518811 107
32946689 86
535946643 53
203921532 57
903749417 30
515441020 42
486015823 5
832111627 41
784399131 87
345492308 79
767796866 97
108027694 36
837037892 34
9929412 7
120799937 54
510096987 1
788701997 81
326634681 61
416854671 27
378882276 5
368582349 25
329155224 90
274395013 98
180437139 71
196924239 17
373140084 31
409354918 37
526540419 62
461533969 38
335971523 8
957173224 105
311400804 52
730020254 57
423042408 4
344680215 2
863089583 15
142260013 84
225280553 40
700920399 16
756777886 24
97838486 43
568166385 83
593428291 4
362050072 6
939688365 6
859993904 56
810554077 29
384700994 59
857825233 94
173060842 93
367361468 60
379212900 93
517987338 34
617783961 75
909812855 59
177895736 61
391130369 100
61680558 14
88306747 35
364126092 58
916140574 84
841887639 64
190056884 55
451287856 11
587065590 103
554327944 30
754860886 94
671912138 84
36255390 13
76822454 4
52631169 62
816112646 89
489174941 81
148547751 46
569940116 46
885837048 75
398536550 44
191988427 52
135273480 90
7611498 2
7180679 60
221858261 83
293997812 74
816972417 103
394256348 4
853277009 85
695228852 8
325184304 97
672331028 91
728194973 103
113328484 1
964951948 61
363973225 15
338165854 28
777186903 74
367302808 22
82771306 105
904938320 102
800823664 91
67987380 105
270058285 85
417175407 78
844388336 109
234300689 110
597695322 82
77165418 46
264798680 55
577758537 76
700136601 78
142616878 36
701397598 75
916661715 24
290517027 10
336819709 14
942598576 52
485794995 109
622357855 47
986675273 26
685949257 69
729425624 50
866058148 69
739700333 60
165847311 57
926773423 53
60251633 101
989449973 28
933922192 41
314355394 60
138286000 65
715039321 83
174930549 60
90169757 102
355500885 45
543000288 52
758085971 77
153538497 93
554160181 73
904695985 43
416480067 30
893375814 27
164330950 3
110019489 5
894405761 88
166262321 38
364427869 37
426060239 63
484053339 16
340803053 106
308875965 70
279622708 84
616345060 74
406248945 17
15212914 65
671409059 90
414446526 29
939677330 78
249315840 68
446774041 6
262682331 47
589507836 46
588030421 98
995402015 83
816016086 84
814863627 59
385959713 33
751879888 11
123691139 105
317731974 94
756379157 69
449515031 32
779484822 103
58735410 102
217367554 84
794348084 8
173407650 20
704169323 85
819556394 9
790968233 22
39171573 74
581907705 67
160822656 65
420994498 43
414787903 27
80539110 41
471577966 55
148428702 101
670153243 78
186579193 110
248988043 89
819992474 70
486768410 40
51682226 96
208637317 14
81718011 51
826512612 47
719146730 58
223358305 79
984572798 73
980307320 41
476305364 80
453332753 3
121973297 20
896548907 32
747870143 55
41909325 9
552411628 65
90579968 56
738386936 27
999006284 107
179274205 82
738388806 36
294228802 15
228892148 39
267714323 3
372621461 48
72413180 103
81413552 5
308509959 23
6627539 19
507060199 1
784869506 100
220880517 22
526226418 85
461543316 2
16722462 47
337037105 76
165695481 44
883873777 22
431794422 18
401636274 100
263268346 35
945729965 89
962552987 51
582265807 40
742564129 63
356192490 94
833521580 82
258910542 56
37936410 88
256948789 68
557037414 16
287857075 97
928236121 31
476174482 40
230669970 68
158688824 50
291433648 68
82719517 108
585336462 57
965295841 7
692463369 81
32964142 76
575976998 70
308866410 42
10735918 74
219012456 10
24093261 13
478472358 58
555791563 73
905531796 58
430379944 61
770255505 55
64103030 86
194916048 19
696112866 50
801110273 100
394894160 4
131046716 52
481364411 79
644893111 34
379410629 54
78129554 34
184003056 26
316637558 48
238013957 110
410127640 48
142777181 23
851039956 23
588859654 18
903507933 105
987413853 57
85717977 78
154073167 26
607466324 3
440043161 66
530497125 18
255707450 37
477541294 110
344178685 50
687580750 81
367571590 58
561365503 23
923629750 101
328255322 30
897548053 103
780439486 56
618232740 68
899519909 33
276195007 59
131751476 65
495026051 17
206342677 61
645477151 102
124734168 51
873934213 52
939987543 57
30378972 101
351956530 75
446380449 85
844110946 45
594241546 69
4739270 104
20221319 10
19929530 108
691294969 108
695474400 55
335585500 42
738750242 13
302057948 102
277520933 2
569010551 93
148562358 23
439045170 88
430315683 53
496671488 49
171706713 98
374641838 100
901626928 18
964325920 35
395622162 10
851338389 96
237211274 91
954781958 16
961324591 20
442680360 42
815501488 7
883076956 42
906838586 26
814868563 100
606656302 13
707345504 43
308968925 101
725192851 47
565436069 56
672398865 79
487733371 88
968047665 94
383088705 66
372638734 101
324437512 76
114502193 5
573321102 98
814161102 20
420753358 108
244191111 45
409150384 16
942152744 64
908177984 89
31291288 86
70648163 33
98350628 3
351268800 43
93686327 66
1001138 57
212941922 41
923272587 44
180210036 103
896795365 42
389429347 95
763971358 9
431665876 29
944980014 105
347731512 18
118477587 2
168415889 41
145876539 36
721282402 68
358763932 17
778931167 66
897082448 41
527438809 30
423786884 14
377746912 30
337826856 90
188703503 8
961192241 69
53339613 16
333555425 22
344199016 41
211562789 93
177547946 43
427782959 55
927510703 10
304110201 102
275641118 20
697910639 58
178168763 102
260870822 69
723949464 1
957591763 102
944581775 11
202739445 87
595512788 39
666635009 35
285701629 43
515212451 55
149355289 83
332731633 32
530972321 62
665838412 8
689159368 14
672198616 24
850606650 83
113610086 106
425838803 8
101067350 67
755641018 51
207733250 52
847299028 82
181867262 7
746426709 28
923947823 4
144708149 107
828984950 6
954358573 68
141541368 98
734792821 108
866906625 6
112200782 35
581296771 35
966515875 74
103568685 86
310660743 78
72998506 10
24294711 32
113358234 36
394153938 42
618252438 2
444417742 53
463317129 39
595729129 95
185610601 79
564629376 36
943431107 82
433206102 32
39277854 110
730454875 31
135257431 17
582574938 92
979100843 104
381535784 19
425315918 19
103140686 106
433507692 51
482572360 31
423316235 94
774085965 4
411080963 44
747034915 29
917245030 57
581842376 110
730025400 26
719011413 21
453745261 4
119264554 31
184316217 3
574255311 15
79301150 35
606104842 30
273242885 100
21824402 20
268355425 58
75641000 90
947111614 55
699294575 6
675772573 2
307598874 8
232800609 11
852276749 42
505708071 38
487664848 41
230278566 10
685518487 110
942785907 99
417342360 3
629001279 59
816202727 28
298864142 109
197130194 11
76894497 31
595228359 96
588905524 29
568264268 71
205517655 2
890361034 32
61682741 106
286682626 30
567166345 97
701972311 102
384704966 60
721188476 102
46019160 35
896578489 63
329028897 40
301018833 56
518324737 105
876026515 93
622549979 90
485965428 28
433263412 5
775257138 50
311843488 90
520076530 33
599660224 56
247567413 36
615026886 101
167330238 32
850592633 38
842446794 100
344612114 100
278460792 36
80601805 108
509551186 69
53816949 83
969558862 66
860291461 74
896828357 8
455272540 106
545560728 110
59350232 3
327590083 37
698972946 57
98710182 5
704749814 38
6856796 34
725347392 95
236343279 98
606225744 22
694853213 4
134259492 51
400298623 83
696048417 28
103068057 80
214878700 23
362964743 58
19946299 70
555976037 21
822007317 44
369736815 53
257363046 48
304996680 29
968893887 103
402704972 21
22046024 101
464684312 86
703249656 109
577604201 81
472664503 68
587610636 106
272150648 51
482757573 32
781787772 46
710263020 8
315647535 57
485611981 62
977424391 70
550306904 30
707052789 89
430073809 68
920241884 66
974776829 7
279870436 106
280209857 85
939985693 9
305999531 3
141341834 30
415769506 14
622734857 90
314547342 48
463996674 47
773160367 29
550587727 103
881193884 88
135239215 44
338220909 56
839204286 98
689496275 46
77330282 7
13867071 59
500924078 100
164371650 16
153055788 6
379936798 78
380448556 37
165609450 37
425228058 47
512096583 13
222494829 55
268458543 90
555480093 84
277764638 98
990642923 109
897806617 76
956285092 28
962720081 65
95034653 50
378571101 28
945786034 47
526160720 1
55555183 1
958979197 59
600240131 61
92992235 65
255312123 19
379252229 55
758019912 108
505453957 107
921203451 4
394063714 49
808767801 45
419365925 4
385364832 13
740630764 82
723582562 42
660289174 6
210234874 86
173195145 16
622173107 71
365168345 5
113242730 86
682248952 7
71667600 2
478188587 106
711451698 71
740193816 82
955220631 36
911265586 94
310944196 72
848263031 70
638287320 50
951701360 74
250375472 60
881145763 30
670429250 84
802169043 32
721755234 70
982093042 101
736767208 23
465738763 102
882304912 24
449498220 106
948072994 11
482852103 16
957793116 39
503895927 58
608383894 6
618055464 92
804858964 54
186044715 24
106602885 18
410060040 54
284880808 30
181914237 29
428448819 38
667601056 74
780502208 55
15701059 56
515767144 47
782984896 101
657158479 42
834421907 28
66670636 29
470975464 16
784112047 57
486332513 57
342415554 99
796836711 45
216928585 107
434223578 63
228975919 24
8011574 68
186818688 76
540828519 24
574220640 2
831725044 37
456782520 61
204902298 21
46802393 64
208903622 60
58065688 97
750488740 102
775785685 72
498897291 102
34765194 94
958885322 88
63778344 47
137225044 18
458396735 53
569506226 42
525777108 106
714870842 53
400961823 78
496852033 104
713392106 108
115775325 69
889794963 75
557378171 45
718656601 59
531333230 62
939377921 41
262633030 16
313222897 74
918673785 2
698863334 4
693448061 30
782402817 39
690385974 60
950201962 86
412785327 33
310769071 36
283268363 107
490411583 79
117290335 52
974659074 29
954722189 96
288706938 62
333297562 17
316254757 50
503799416 105
227489829 39
74576592 76
93355503 5
106177165 67
492774325 108
727997692 7
629513620 87
588350475 63
245939753 37
699442768 77
237903074 99
52289595 68
512537390 38
233289123 81
440123682 17
567220778 53
361426204 48
218509168 92
449264545 39
892698792 57
916780454 7
402781748 15
395116902 106
857771972 37
251483805 107
770759726 101
986442974 18
95040510 75
162446660 79
144991706 61
7705989 83
590522756 31
470655596 5
888243243 95
184649142 58
82028218 87
194622526 23
999381691 4
893754379 65
819213648 88
57811394 76
601526070 85
662138391 44
90203835 62
416154427 67
545741229 48
108999401 7
680263370 56
109166368 33
956185585 38
622047038 6
264309495 64
502871975 96
828295234 57
762844712 89
294169222 28
106939473 12
619002525 12
492616972 59
151301541 19
365188462 14
507036950 64
522845610 80
296409670 24
654405516 52
16799718 70
138136325 4
74636277 74
208586419 32
98932537 106
440098821 108
791209098 70
102186428 4
887676323 34
415750682 67
322928299 7
212189029 80
610799143 3
143835535 56
424722611 78
227786979 95
369722836 30
425908404 45
790349293 95
672716962 69
766069070 44
689476894 54
32140465 12
647720815 52
441777968 28
703022644 81
794296201 48
149072219 93
123433182 4
395231275 39
993355777 35
666171832 62
445203478 81
340721683 46
973119063 38
214908967 6
715978622 48
161114462 39
819423048 51
154525253 106
804626830 105
970911251 45
145983245 97
956995174 78
323864993 11
83021641 8
196264284 75
286160747 75
974033357 19
716436090 100
577770373 20
971587926 70
341652929 36
650162011 65
928545849 71
524423267 67
309972073 61
382488485 84
767481847 30
109846566 2
412886895 108
409481514 76
581048856 33
964718659 68
176562548 82
81506452 4
104637620 19
649440996 38
867225739 78
296081317 96
370825313 10
657293767 40
607377756 10
31518543 59
591190108 31
225846567 92
790820540 28
618776887 77
245248659 37
506978967 71
757704361 84
740737675 35
581497143 65
721356157 73
36335344 9
225615152 41
49226053 22
451982705 58
350442448 22
323283565 15
275602199 29
11294962 63
766335570 24
70499887 83
365753778 29
469070030 99
162042986 47
574602635 68
636659166 55
667968763 61
717256807 44
303057578 75
673093758 23
832870573 16
34327612 53
473594974 83
592450413 40
120458204 68
884074046 30
621095548 48
654877568 69
845387174 85
846903362 18
482943479 6
358340278 106
947880190 16
978910828 78
828959956 46
443850194 41
788204058 39
51780281 34
147987074 106
292806534 53
350436143 78
698915840 60
326252923 61
596253644 105
473443288 77
680122334 70
250978494 84
569131312 99
868024294 49
731296483 29
979647594 41
971323043 3
204469346 70
531886565 92
445219165 30
411465422 30
444104394 47
523714283 90
266888692 108
834943411 42
643168227 88
512911500 13
787051139 15
851063114 90
268641660 69
799965965 56
595870434 18
648508769 71
680935303 23
887457882 60
496535973 74
528294409 107
944733998 1
512465090 88
405852878 59
32193486 102
723628827 89
728463060 42
338007932 106
114662821 62
317096888 72
685837672 75
103271553 29
446930449 46
61832344 96
613959411 39
904599394 23
175308487 99
849598336 45
878276018 66
523000003 65
