100
6 2200122
1 01
6 3500071
0 1
6 2112101
5 833712
6 3070007
6 9300001
6 2623667
1 09
6 0206001
4 83031
0 1
6 6050001
6 0000001
4 79041
6 5186575
6 0000001
0 1
3 0007
6 0000001
3 1401
5 102122
0 2
6 0042001
0 1
0 1
6 0001001
2 301
6 7707774
6 1010002
4 00001
6 0000006
0 1
6 0030507
6 2050045
0 2
5 976452
5 360159
6 5702009
6 5822611
6 0400001
6 6000001
6 3279851
4 26001
6 9999999
3 0001
3 7281
6 4003091
5 000007
6 9000001
6 0222002
4 87306
4 11111
6 2201021
6 9692725
2 222
4 80001
4 00001
3 1111
4 00001
0 1
3 8519
4 11201
6 0000001
6 9495653
3 0801
6 7000001
6 1170001
6 1400041
6 7245327
6 2220201
5 110011
6 8004001
2 101
6 9003001
6 0120201
0 2
6 0003003
6 0020601
6 0870051
3 0001
6 8000301
6 0100008
6 8722967
6 0000051
0 1
6 2200111
6 7000098
6 1111111
0 1
2 367
6 2006008
6 5194589
6 2001101
1 59
6 2222111
1 21
6 0000007
6 0007007
