100
3 0221
6 0000001
6 5000526
0 1
6 0000005
6 0004001
6 4000001
6 3500001
1 97
5 021011
5 200091
5 642455
6 2350695
3 0041
6 6237827
6 0408001
3 0101
6 5396284
6 8000024
6 1022021
0 1
6 1023005
4 00001
6 4009501
6 4000501
6 5000001
5 905187
5 630001
2 071
6 2111221
3 0001
0 4
1 09
6 7000087
1 01
1 39
2 001
4 62071
6 9999999
1 01
3 1001
6 1111111
6 0000008
5 765708
0 1
4 08001
6 3107142
2 221
6 0907001
6 0000601
6 5098812
6 0700091
6 0001201
6 0000101
6 0000601
4 11111
6 2020501
5 110011
4 20301
1 01
4 29031
6 8000001
6 1205001
5 111111
6 1210112
6 0904001
3 0011
6 0253403
0 1
6 2020401
0 1
2 201
6 2101121
6 9066393
6 0800001
6 7000001
0 1
6 0450295
6 8193497
6 0900001
6 5003401
6 0008001
5 050011
1 06
3 3001
2 301
6 6799024
6 2210022
5 000301
1 21
6 0011022
0 1
6 0000001
4 39471
6 1022112
2 861
4 42215
6 0000001
4 80001
6 0020121
