10
11
41235 61618 75443 23527 72264 45297 17220 3810 70350 25213 72961 
40832 2163 11529 95864 55376 1380 91812 29681 91251 30840 75602 
97185 74496 87279 75034 69975 32375 7978 14324 60505 72875 61724 
5238 49923 73865 22101 46446 96199 41916 25439 97646 80771 66643 
19461 49324 29863 78414 80505 2264 1790 54875 16592 47368 46487 
58830 26193 2171 65734 99695 18148 81994 61353 25301 1516 95228 
4655 31425 35690 37249 18002 3666 35078 85333 77266 21470 68266 
42437 40885 85346 41557 18819 45328 80755 55449 14144 17251 92962 
35073 43385 52722 99246 17739 68381 19317 86673 49546 29309 84615 
22372 49176 60476 1182 21794 14665 91373 28843 79045 61562 10339 
56329 83431 80695 96717 69950 16176 73888 55382 5508 10832 21851 
1
71616 
2
72153 11873 
7302 97851 
10
91966 41701 98543 30309 69426 28583 28231 55203 21126 4475 
99199 52375 67030 55354 51089 63123 30507 37612 21018 4158 
39966 88433 58459 29458 71987 84272 74383 61190 83228 71823 
99796 99868 90451 43319 36091 78499 5738 94096 80376 63106 
78692 33177 52193 74545 76450 24530 6428 89315 83775 80351 
99390 43275 14136 92965 68435 37464 90864 93890 81316 20246 
66547 60733 99403 229 32194 25206 87606 82581 86853 71716 
53413 35290 55693 72001 89710 40458 43365 14325 96919 795 
99742 8763 16210 60866 93017 22842 16962 92799 35416 5860 
17103 14137 49615 21843 448 90386 44722 4800 55377 81193 
3
7531 98042 43224 
74828 54161 27952 
41966 98892 17431 
12
70453 22567 66461 13742 67116 94726 86620 24283 2792 90271 53289 27065 
60222 95361 15883 66145 71070 50409 15359 18522 1414 61290 3670 7077 
65118 37190 75841 22818 76822 91987 82489 84840 86030 42472 78187 42105 
770 69945 20620 94640 14411 72777 21144 64287 1211 60423 67914 77396 
54503 70546 35831 70096 61759 72517 62405 14370 62631 88962 31003 28312 
50753 37439 87732 41509 68631 91456 10147 5545 67993 99 4039 91863 
67179 88602 14127 64847 88691 37864 3543 4163 8248 48816 31579 46459 
89433 64381 29400 81567 41530 86673 46630 63920 54798 64463 69743 29729 
53259 64264 94623 83452 28208 57058 38172 28390 59222 30682 51049 76476 
47888 68740 1427 7671 73894 10681 52098 48102 71892 62464 84947 97483 
13011 7945 58990 58121 83726 826 46519 96091 27072 52816 83482 26185 
4026 57092 56758 28327 48306 22836 19551 39455 63328 3894 32973 14036 
1
80895 
10
43431 76194 63200 81997 39377 10599 85079 21505 77625 56893 
9014 65733 76434 61417 48379 39322 32887 5474 62477 49945 
70299 88625 18127 14339 9649 66807 80730 60989 72455 17965 
45353 23161 86101 12153 45111 63486 24104 3336 39135 37558 
29118 52034 97746 53954 92075 58670 65792 29727 67733 47016 
47415 51105 83493 97005 16100 42517 22417 95517 91133 96960 
3590 90404 34085 19210 15594 73776 64160 18652 25111 23094 
96201 30258 24225 43249 48115 55545 3959 11301 80248 21242 
9922 56880 69635 61577 17865 88525 82812 92555 55110 5761 
87918 7961 99694 86711 59449 75006 27738 54349 71879 43071 
7
94720 36989 86396 67000 68198 76035 75733 
42578 75051 66301 12547 88756 29538 43928 
56726 47184 39283 55959 68402 4665 10122 
56203 75929 27724 91012 47461 57741 60156 
44968 56627 69620 40957 62375 19553 58163 
24886 15066 33279 47244 7910 70575 85515 
68401 52022 42300 53573 2733 65901 57910 
11
10165 62174 91112 77324 81004 58887 55318 90492 70151 7766 72509 
35047 14832 95838 27449 70172 80360 98204 93652 78165 66939 3027 
91560 14177 65508 39208 48554 33800 7601 31832 1254 98722 78164 
35549 63775 3118 94075 62977 52833 18131 29071 20846 90809 52692 
20193 28916 17180 90099 98099 29180 90165 37539 15911 92711 56988 
52510 22188 84206 73308 67867 20913 72024 65880 76075 86969 10451 
2370 42761 20910 75012 76044 93707 66399 7003 54055 79738 11210 
45747 14951 1666 87808 63324 4323 23807 92799 56391 12032 7934 
38623 26555 74966 7068 12312 15658 26669 47759 33859 23366 4162 
85242 70270 43224 28514 24829 8933 85282 77914 4475 5905 80897 
58579 9392 86124 70592 98797 15285 65579 1051 66838 53873 84681 
