491
477
142
97
909
360
303
557
653
66
137
5
327
539
567
154
984
10
85
269
851
3
487
992
538
137
330
282
393
367
109
946
632
334
119
63
797
154
436
978
668
183
675
135
604
913
828
633
772
343
186
27
809
511
315
160
195
100
534
277
217
377
643
645
575
970
8
279
95
791
266
519
204
43
550
169
31
553
378
308
74
139
63
133
422
94
309
651
129
496
114
439
989
235
315
957
83
772
116
152
3
4
5
6
7
8
9
10
11
12
13
14
15
16
17
18
19
4
21
22
23
24
25
26
27
28
29
30
31
32
11
34
35
36
37
38
39
40
41
42
43
44
15
46
47
48
49
50
51
13
53
54
55
28
57
58
59
60
61
62
63
64
65
22
67
68
69
70
71
72
73
74
75
76
77
78
79
80
81
82
83
84
85
86
87
88
89
90
91
92
93
94
95
96
97
98
99
100
101
102
103
52
105
53
107
108
109
110
111
28
113
114
115
116
117
59
119
120
121
122
123
124
125
7
127
128
129
130
131
132
133
134
135
68
137
138
139
140
141
142
143
144
145
73
147
148
149
75
151
152
153
77
155
39
157
158
159
160
161
81
163
164
165
83
167
24
169
170
171
172
173
174
175
176
59
178
179
90
181
182
183
46
185
62
187
188
189
190
191
192
193
194
195
98
197
22
199
200
67
202
203
204
205
206
69
208
209
210
211
212
213
214
215
27
217
218
219
220
221
222
223
112
75
113
227
228
229
230
231
232
233
234
235
118
237
238
239
80
241
242
243
244
245
246
247
248
249
125
251
84
253
254
255
256
257
258
259
260
261
262
263
264
265
266
267
268
269
270
271
272
273
274
275
276
277
278
279
70
281
282
283
284
285
143
287
288
289
290
291
292
293
294
295
148
297
298
299
300
301
302
303
304
305
153
307
308
309
155
311
13
313
314
105
316
317
318
319
64
321
322
323
324
325
326
327
328
329
330
331
166
333
334
335
48
337
338
339
340
341
342
343
172
69
346
347
174
349
350
351
176
353
118
355
356
21
179
359
360
361
181
363
364
365
366
367
368
369
370
371
372
373
374
375
376
377
378
379
380
381
382
383
384
385
193
387
388
389
195
391
56
393
197
395
396
397
398
399
400
401
402
403
202
405
406
407
408
409
410
411
412
413
414
415
416
417
209
419
420
421
422
423
424
425
426
427
107
143
430
431
432
433
217
5
218
437
438
439
440
441
442
443
444
445
446
447
448
449
450
451
226
453
454
455
456
457
458
459
460
461
462
463
464
465
233
467
234
469
235
471
472
473
474
475
476
477
478
479
240
481
482
483
484
485
486
487
244
489
245
491
492
493
247
495
496
497
249
499
500
167
502
503
504
505
506
507
508
509
510
511
512
513
514
103
516
517
518
173
130
521
522
523
524
525
263
527
528
529
530
531
532
533
534
535
536
537
538
539
180
541
542
543
544
545
546
547
548
549
550
551
184
553
554
555
556
557
558
559
560
561
562
563
564
565
566
567
568
569
570
571
572
573
574
115
576
577
578
579
290
581
291
583
584
195
293
587
294
589
590
591
592
593
594
595
596
597
598
599
600
601
301
603
604
605
202
607
152
609
610
611
306
613
614
615
154
617
309
619
620
621
622
623
624
125
626
627
157
629
630
631
632
633
634
635
636
637
319
639
640
641
642
643
644
645
646
647
648
649
650
651
163
653
654
655
656
657
658
659
660
661
662
663
664
665
666
667
668
223
670
671
672
673
674
675
676
677
339
679
340
681
341
683
342
685
343
229
688
689
230
691
692
693
347
139
696
697
698
233
700
701
702
703
352
235
706
707
708
709
710
711
356
713
357
143
716
717
718
719
720
721
722
723
181
725
363
727
728
729
146
731
732
733
734
735
92
737
738
739
185
247
742
743
372
745
746
747
374
749
750
751
188
753
377
755
756
757
758
759
380
761
762
763
764
765
766
767
256
769
770
771
772
773
387
775
776
777
778
779
780
781
782
783
392
785
393
787
788
789
790
791
792
793
794
795
796
797
798
799
800
801
802
803
804
805
806
807
808
809
810
811
812
813
407
815
816
817
818
819
820
821
822
823
824
25
413
827
828
829
830
831
416
833
834
835
209
837
838
839
840
841
842
843
422
845
846
847
424
283
850
851
852
853
854
855
856
857
858
859
215
861
862
863
288
865
433
867
868
869
870
871
872
873
874
875
876
877
439
879
880
881
882
883
884
885
886
887
888
889
445
891
892
893
894
895
896
897
898
899
150
901
902
903
904
905
453
907
454
303
910
911
456
913
914
915
229
917
918
919
920
921
922
923
924
925
926
927
928
929
930
931
466
933
934
935
468
937
469
939
470
941
471
943
944
945
946
947
948
949
950
951
952
953
954
955
478
957
479
959
960
961
962
963
964
965
483
967
968
969
970
971
486
973
487
975
488
977
978
979
980
981
982
983
984
985
986
987
247
989
990
991
992
993
497
995
996
997
998
999
1000
