17

5 4
0 1
0 2
0 3
0 4

10 10
0 1
0 2
1 2
2 3
1 4
4 5
5 6
4 7
7 8
8 9

10 11
0 1
0 2
1 2
2 3
1 4
4 5
5 6
4 7
7 8
8 7
8 9

10 13
0 1
0 4
1 2
2 3
1 3
4 5
4 6
5 6
5 7
7 8
5 8
6 9
8 9

7 9
0 1
1 2
0 2
0 3
0 4
3 4
0 5
0 6
5 6

7 6
0 1
0 2
0 3
0 4
0 5
0 6

4 3
1 2
2 3
2 0

3 3
1 2
2 0
0 1

13 17
8 0
9 6
8 6
3 10
10 11
11 3
2 4
4 5
5 2
1 6
6 7
1 7
0 1
1 2
2 3
3 0
3 12

5 4
0 1
1 2
2 3
3 4

4 4
0 1
0 2
1 2
2 3

7 6
0 1
0 2
0 3
0 4
4 5
4 6

6 5
0 1
1 2
1 3
2 4
3 5

10 9
0 1
1 2
1 3
2 4
2 5
3 6
3 7
4 8
4 9

8 10
3 1
1 7
7 4
4 6
1 5
5 0
3 2
7 6
4 1
4 3

6 7
1 0
1 3
3 4
0 2
4 5
4 1
3 0

10 10
9 8
8 1
9 5
5 4
5 0
0 3
4 6
8 7
6 2
0 8
