1000

252286067739126

380044022301

41392

94583

4235

7653121735

91100811

06504

676158621

880

0000005

3309216464787729

011297702

53830416257436

31642602

70142072333

71625

111

17316631

454

97005

515222242

011894441

2374

9253788820

516953570

75

549699260961059

565051

5806

4047

168527309

57243278293

6561283975

83880039

89850897950

696236112

8929292255651054

93040968

8715183

0835070003078

208

1363112457579923

45630598

9091797

22372867425493

963306413

51773482

24729389

9185470640

88088962

89

7555208

789433950120258

0000000007000

4886274

3136960000

4540119630759469

4830

856622810695

05

66924004863

23248750770

000500000

4790207

360

4959003391947

39582

6231774335422

36411

7561573132

37120522

672580394601

8364

93

94353296639

49

865850189805

37071

771

4726

75637344586721

764417608

37324127531777

33

1856810886258544

64864434233872

20785

75649369199

7406

140

1694977

742013

96578980844980

9136758

83304348274

0889277978

002

4624

1802

11

43855548384

89967894983

9708

3590956892464

3473

009000

697998

818

293306

482967899407380

36474299932

309984460

440570152813

55757926045

0018

233471410075

75857666

53006683

4146360825446

522792559

143737207522732

85

8745806

81834554636

864101403171

9300614

52921

046775210207

3816735

54296830

73

41259056

537134309205789

297962

896131

978898484749

58728763209

4367185714490015

252232

4002

078081754015

463843

773846741532

74657319944851

35465393

969583656

51498

51668032

00

44

3837158740499387

968384451935

2021193929998944

4745710641752

620962712

46065

00500000000000

3945148358112

11042227960

03871359084

902810

79574

88283918166

9342065798

055269368916776

031

798458

242031431442

522534124

2835649

073613512

3997406933

7836112438

7008915493

597821502868

01036785132

62558880026520

2229428980

77978432

9485

781969156437

4091536315978685

717

744

34

14172421990

076111240620

306004769003396

532

70945006414032

8279

7262362537

0595510173139

8107956566

55

69564003931919

553390720

42390948282759

40157

975589

3261

5630897213

941547463

635

50137666279523

481949089000

03143

03581311985

84043985877193

694952489391

5059888621176397

1814301541491

4090867168

383213702819116

54695232

349505457

871118

2402

577

7007335692302

88231813

62416909

92567766100710

7712

00000006000000

87349

55853397272

410

736536603125

68

0512059943890

8698358247550886

01329

4150288450588

159857950187

9207

33449220766101

98448611

749350419

4708606

309162598

45296858584804

785456026585

7055342680953609

336426

9161276274931

0790743278326086

0746587656

7366619037951

2234

138237

746799

899937699305

57

0698929

817082396

7590438760367

23089

0620512

9863404

29916

77135

0862334

2971597

597601984

4563793835372

25

5132562703

11857629415

7852924055

16

570786916

0003795117

8982035195328

45293098210

485730834867478

8024572101608

2792034450213003

1175

45632572

3548355

907191

078617240851

72876690016280

68070062217

272987383

1230

346

1947

877412188715660

8328953340

5693751356871

7367877401946210

940136

56

0000300000

94735188885

36903894403074

435

3210515

5643896718051

5329174231290

00020

8832129431488

4554822015160990

14452

3989

243

363827595264

4412895

459246796625

599

545

38732642794449

444279308612

7122621

0351269366

890

63115299898877

02455

26955574409

778454

1057455764349413

007000

45249142713

0000000001

0000050

0000000100000

74357737

7983

86872

89496422

3093412946263

8828008307

8003474040657

38

992404475299811

954540723142348

07000

345325970

17339695511212

144607036292840

01122110109

22894969

0660705

202000

207920246

84725629

100

100506111511119

209

9322130

8897707

12741914

0002

00000008

2657075925

3470353363

8822256

107

6308

079980615585122

848986473889321

73544

006000000000000

000571194999702

189290589074861

61507265867

0221458759844032

126

36992650705

6666592885

45

0149290682541

80408421

088774809942

5577946409356704

006000000000000

952851121845090

9771078265

50434105510173

100

485519518780233

6283481123088559

844418212

21016823673

1436432144

0541334164

082

256

2566177912047738

604083718660909

66550487190746

1855796682832

00000030000

0004

0255850163

750222458855266

7145972

68249906

000000000000600

843

625131

484

300888

5909217744

21808

0822421237182

97059037

23051

333317

73853552

824095829223617

64

783140556495

7859103517

82064344

001000

860557

50673641

325784740

4660798585447371

84

4154868663

93

4988596

704799137453

2297371122548

280326366

377560713521362

852991740

4365103

079

11231

063739921326

2729885030155881

38948466335

387172736458253

959322

239

30722012875

10023

43084259700525

9464058

419884647886213

7853130704

719141785295312

20835454

953146299432664

07440984

19327143160550

378

6121826633

20

9611

45532

0530236

14448

4466166797723

8368964

705035762967640

3143

8020070724330

45668709911

55122587341072

3338820348

7012275743856996

6253732620231

5853609967

99

90156

8155954476

3043007032

7603543325

07644

25323808

59168852

289784439138

1567634

82406273021

625058159879303

237536990864

307

361592

3110336

00006000

8896667320530672

905

6913

2382550958

30762906

696123883132115

21893366

8499301873579612

666535

61014

6832

333880271303

80452489058660

449111167448

69952060199

7516024959220

292491082832185

48

0680311716

8563598

658141821445

85911

5253393337054354

55327

006

8378147831475

033182815494

48318640670

571500

76250856

792

1199

723945930

823

2736357543571344

470516389

62

71563140613

153272147

3131412

7244

34307765421

5532

9524

2641222

91520672276

44874

444244

5601722

58239321104

76

63114885

30326578961

2541

35454700360745

575819664

6767

0622912188

86482252927

6139268941675250

28

7237693

374806110689

032

14504709580

13485586406941

689596935371006

636852579229624

09

39

076321

3720

187690895559

22370175

9965812737674

074887

85

88

782472815

91712959

1796638782

25740170

0000000000040

738061201

1389672038369

0040000

475638841577342

12765181285866

414682921518

46262308579

3102276181412868

3375341087

2220427248

01427054

13941

0227

28986152412

9796355

29255102121

9379694

6239456

6938044427388253

916471

0212932943

0828433129663

35608

4748536305588

370102267750

999489559

423748039954

79853476

0298664131

8133

78364

37999519

1988865

087445042307

5564064277535

8504031395443

89507

584436

1414398341493

64781160288076

05000000000

49765499

5420596

15

481331223

543729473997

137805320

18243752250806

87610647

2992718293786880

02

4717181325235

79851

4777683239

1368064

10244776263592

099474041

4976

200000000000

235552

0636

99015139403

8864211

6637392527996

225214

989516661536

66

3563027078

000007000000

46760473268358

053057023568544

04

8960755681289533

52080550611

74959915773

377302648082701

8945928688261

02810689204316

690018

876059786

7296481

2516985993035287

0340182872701

380745734082

46540659534443

6434127321

7117736

47885942

6935582

2759283

60001190249960

460180

4623

1491290863

6265707758

56608952

2822169975269

926698143855

032593

227975930

399053

854206949

562093228401

69410124

5539693

722270016896

792050887598994

9507314

33855067

37251745451227

3856608729

949

435523057576843

064

435284482635

1925828

6828

3075933009619

66307112759

7887

9956

00564858045

3095110992834

1164438

0010

38420400474

0315816083500

188562764128

0000007000000000

15401616439756

1738273985

0504

9023444

45915

0008000000000000

3094

82868001

240

9898798244

080107506

1434165645792

445678892923

89570382439154

6989286167517

8105926262131321

50

741672344

7333485676131934

39472076632930

530031446

868

4627626603668

732406

210

5974200130

3081921562467030

05349326330542

66746

2254038054192

4101101600302

436669

26402308

29499734964758

000000006

4590877774442

76568898532

062751064

691

98828436672027

76795

19475

0930660

6543033196895

84904238220230

8482354911106931

573

639833234560740

08055571287

8019

9400681

518

9199

3356645

318734295461

5009

87

510144732779

467885727357115

69314408

499219067275373

850615664828537

0932970

52450505477656

84

524605944454

0954283406236597

4534

26498

983762

00600

994216

0296

923830

470576923303

900949092

679

022013773600

538666

4026739306

57555

30

9860842823

968428

5216

45136361

9470152

1301465

259

797981

971

2553

383303038517708

2040754

0000000000800000

5195165129

5091

370080269494

113595

77

774752677329

009436530090

78271635516777

5677

997836573588716

60000000000

4327140

64135

998372321808164

301952018458520

3182

557129

39920726237900

5641021778

09734272

1487222

929968343424

373587

7225828568

5816826

12767924036927

727405316773396

3901

1240

71916

7024807676804137

77091

41014155871

99888028

950772505

716703

315001844344064

1916116875886

320725951234

74387177848

4581

001181738648

76

051485617

32870910

9698075860331

9798777360

1706377183

7131044

5673

7086206735583149

48745127

7692

68682

2453510870480

7102545

342

0000000002

5534055131296

5595703973873710

122976888856

74436694627151

00000004000000

26692455338560

6515139

2766835706

318265579368955

135548

807917

9952958155

67203415809

0067

496122374720650

58890

892

364769683311

27363

299654711

7525738

20187

6987274357

0672112458281

8996592447575666

2699

09170687

6183600691062084

257257680

5506077486261

128720753

68600

1883542420851

4880567261776

82135

2851

927483832929510

21227183

060

6621147938

1066142497140972

5693429827022585

720612557776

689841495008211

6476

99

293501125757

1367571933488775

86321364

152034951729

070852278341961

29884916985

0816988431748063

290959840604

8193

167852419864345

902033

07

672938779472712

8171384356080

00000001

109

9145091835

690

55043809975981

503331287499472

7526

442

44689333939397

497044

329586374

709013773

123282029

648004517

6524339228909

1521384

129783483

1666046941

59684020578

13820733557070

289

2824

0731

0190308298286193

52731

99806

48300750

97518

5381952660069

952

9142

4566

44749494221

45933799

0154520824259

307603351477081

203306

842678689

171073266

0309021180

5126360810

3929695447494

21179144601

27

6076367969554892

8911156245

08060023

18960

6557602

1367484

498060868

79131

9259935274598

618489956384

2619741

04525528

0538510006

9034519

532586951

20398

627773380

065

000000100

76254257655637

9497711550

74278

684878

309688

34374488628804

000000020000

36145392445

93189629

73310

267264

30255595480

7961451

7881842429407

7832243979

901040590217

500249892808854

9225946

80630

378196664590

25454006

359752629

7992649374857008

017951911457

03693
