150

8 25
1 6
4 7
2 7
5 7
2 6
3 5
4 8
5 8
7 8
3 7
1 5
1 4
1 2
2 5
1 3
4 5
5 6
2 4
2 3
3 8
1 8
1 7
2 8
3 4
6 8

6 10
2 6
3 4
2 5
1 5
1 3
2 4
3 5
2 3
3 6
4 6

9 23
1 6
2 6
5 9
1 7
1 9
2 5
2 8
3 5
5 8
3 6
4 8
8 9
6 7
2 9
4 6
2 3
7 8
4 5
4 7
3 4
4 9
5 7
3 8

8 24
3 7
3 4
7 8
2 3
5 6
3 5
5 8
3 8
3 6
1 7
4 8
5 7
1 4
4 5
1 5
2 4
2 7
2 8
1 8
1 3
4 6
2 6
2 5
4 7

8 26
3 7
5 7
3 8
1 4
1 5
2 6
4 8
3 5
4 7
4 6
5 8
1 8
2 3
3 4
6 8
4 5
1 7
7 8
2 5
1 2
3 6
2 8
1 3
2 7
6 7
5 6

9 29
6 9
4 8
2 3
2 4
2 8
4 6
1 2
7 8
6 7
4 7
6 8
5 9
1 9
1 8
1 7
4 9
8 9
3 5
3 6
2 6
1 6
5 8
2 5
7 9
1 3
3 7
5 6
3 8
5 7

9 11
1 6
1 7
1 5
4 9
7 9
6 7
2 5
5 9
2 4
2 6
3 7

7 17
2 3
4 5
5 7
5 6
1 4
1 5
2 6
6 7
1 2
1 3
3 4
2 4
3 5
4 6
3 6
2 5
4 7

7 10
2 3
5 6
4 6
2 7
1 5
1 4
3 6
2 6
1 3
1 2

5 9
1 3
4 5
1 2
3 5
2 5
1 5
3 4
2 4
1 4

5 10
4 5
2 3
1 3
3 5
2 5
1 4
3 4
2 4
1 5
1 2

8 17
5 8
5 6
2 8
4 7
1 8
3 6
5 7
2 5
2 3
4 6
1 5
1 4
4 5
2 4
3 7
4 8
7 8

10 45
8 9
1 10
6 10
1 9
6 9
1 7
4 9
3 7
5 7
1 5
6 8
4 5
2 9
1 6
2 10
5 10
2 5
1 4
3 8
4 8
3 10
2 3
2 6
5 6
7 9
3 4
4 6
7 10
2 7
2 8
1 3
1 2
8 10
1 8
3 9
4 10
5 8
4 7
3 5
9 10
2 4
6 7
3 6
5 9
7 8

5 7
2 4
3 5
2 5
3 4
1 2
1 5
4 5

6 13
4 6
4 5
2 6
1 3
2 5
3 5
1 2
1 6
2 4
1 5
3 6
2 3
1 4

10 14
1 10
1 8
3 9
4 9
3 8
6 9
2 9
1 6
4 6
2 8
8 10
1 3
2 10
3 7

6 6
2 4
1 4
3 6
5 6
3 5
4 6

7 14
5 6
1 2
3 4
3 6
1 3
3 7
2 7
1 7
2 4
2 5
1 4
2 6
1 5
3 5

6 11
5 6
3 5
1 4
3 4
2 3
3 6
2 6
4 5
1 5
2 5
4 6

7 13
3 7
6 7
2 7
4 7
1 2
5 7
3 4
1 3
2 3
3 5
3 6
2 5
2 4

5 5
2 4
3 4
2 3
4 5
3 5

10 44
3 9
2 6
3 6
3 5
1 7
2 8
1 4
7 10
1 6
5 6
2 3
3 8
2 5
6 9
8 9
3 4
3 10
4 5
1 10
1 3
9 10
4 9
4 10
5 9
7 8
4 8
6 8
7 9
1 9
8 10
3 7
2 10
5 10
4 6
6 7
1 8
5 8
2 4
1 2
5 7
4 7
2 9
6 10
1 5

5 6
4 5
1 3
1 2
3 4
2 3
1 5

10 37
1 5
4 9
1 7
9 10
1 9
2 7
2 6
2 10
4 5
6 7
3 6
4 7
1 8
3 9
2 9
5 9
3 4
5 7
6 8
7 9
7 10
4 10
4 6
3 10
3 5
8 10
8 9
1 10
5 10
3 8
2 8
7 8
2 4
3 7
1 3
1 4
6 9

8 28
5 6
5 8
6 8
4 6
3 8
4 8
1 3
3 4
1 6
6 7
1 2
1 5
2 7
1 8
1 4
2 6
3 6
2 8
4 5
2 3
2 4
3 5
3 7
4 7
7 8
5 7
2 5
1 7

9 36
3 7
4 9
2 6
2 4
4 5
8 9
1 2
7 9
5 6
3 4
7 8
6 8
1 5
1 8
3 9
5 9
4 8
3 5
1 7
2 8
5 7
6 7
1 4
4 7
2 3
4 6
2 7
2 9
3 8
1 6
1 9
6 9
3 6
1 3
2 5
5 8

9 35
1 4
6 8
5 8
3 4
8 9
5 6
7 9
2 4
4 5
6 9
2 9
1 6
1 9
3 8
1 2
2 7
2 6
2 8
3 5
5 7
4 8
3 7
4 6
2 5
5 9
6 7
4 7
7 8
3 6
1 5
3 9
1 8
4 9
2 3
1 7

7 19
5 6
1 5
2 6
1 2
2 7
3 4
6 7
3 6
1 4
3 7
4 5
3 5
1 3
1 7
2 4
2 3
4 6
4 7
2 5

5 5
3 4
4 5
1 2
3 5
1 5

8 20
1 4
7 8
2 3
2 6
5 7
5 8
1 7
4 8
1 2
2 8
4 5
4 7
3 4
2 4
2 5
1 8
3 7
1 5
3 5
2 7

9 32
4 9
2 9
5 8
1 8
3 7
3 9
3 5
2 4
2 5
6 8
1 3
5 9
4 7
4 6
3 4
2 3
5 6
6 7
4 5
7 8
5 7
7 9
3 6
1 7
1 2
2 6
1 6
2 7
1 4
6 9
4 8
8 9

5 10
2 3
2 4
1 5
1 2
3 4
1 3
1 4
3 5
4 5
2 5

6 9
2 4
2 5
5 6
1 4
1 3
1 6
4 6
1 2
3 5

5 7
2 4
2 5
3 5
2 3
1 3
1 2
4 5

9 29
2 3
1 8
3 8
7 9
4 7
5 9
4 6
2 8
1 5
5 7
2 6
2 4
2 5
8 9
3 9
1 3
1 6
4 8
3 7
3 4
5 6
1 2
6 7
2 7
1 4
2 9
3 6
1 9
4 5

7 19
4 6
5 6
2 5
2 4
2 7
1 2
2 3
5 7
4 5
1 6
1 7
1 3
3 4
4 7
2 6
3 5
6 7
1 5
3 6

9 30
3 6
3 9
5 9
1 5
1 7
3 8
6 8
4 6
3 4
6 9
5 7
2 5
2 7
2 9
4 8
1 2
4 9
2 8
1 3
2 4
4 7
6 7
7 9
1 4
4 5
5 6
3 7
5 8
8 9
1 9

6 9
5 6
2 3
1 4
2 4
4 5
1 3
2 5
3 4
1 5

5 8
1 5
1 2
3 5
1 3
1 4
4 5
2 3
2 4

8 23
3 8
1 4
3 7
2 5
1 3
6 7
1 6
6 8
5 7
1 8
2 3
5 6
2 6
4 6
7 8
3 4
3 5
4 5
1 2
2 7
1 7
4 7
2 4

15 70
4 7
1 11
6 14
5 15
10 14
11 14
5 9
1 7
7 13
1 14
7 9
5 10
9 11
3 6
1 15
3 7
3 11
3 10
10 15
8 15
14 15
6 15
2 5
2 14
12 13
10 13
3 9
3 8
2 13
3 4
1 8
7 15
2 3
9 12
5 7
1 5
12 14
3 15
6 13
4 11
4 10
11 15
4 15
1 4
5 6
1 3
6 9
5 12
4 6
6 10
2 6
3 5
13 14
1 2
8 10
4 8
7 11
4 13
2 4
6 11
1 9
2 9
13 15
10 12
9 13
8 11
7 8
11 13
8 12
1 10

18 139
13 14
1 2
11 16
11 17
7 17
4 17
3 11
10 16
16 17
6 8
3 17
3 5
5 7
2 3
11 12
3 15
1 4
5 13
1 14
2 17
3 13
6 14
13 15
9 13
5 12
2 13
9 17
15 18
6 17
7 16
2 9
5 16
2 5
10 17
9 14
5 8
10 18
9 16
2 14
1 5
1 12
9 12
17 18
13 18
2 10
5 15
3 18
14 18
12 18
2 15
9 15
2 16
8 12
15 16
11 18
12 14
5 10
10 14
1 9
15 17
7 18
5 18
8 15
4 18
4 14
6 9
7 13
1 13
6 7
5 9
1 10
5 6
7 14
1 7
14 17
10 12
3 6
13 16
4 6
10 15
1 16
14 15
4 16
4 15
6 11
1 18
2 18
4 12
9 18
1 6
8 9
9 11
11 14
8 10
6 10
3 12
3 8
2 6
2 8
7 9
6 13
8 14
4 5
14 16
1 17
1 8
4 11
4 13
4 9
5 17
12 13
7 11
3 9
12 17
9 10
3 14
12 15
2 11
10 11
5 14
3 4
7 8
6 15
8 11
8 18
6 16
2 4
4 7
11 13
3 7
7 15
6 12
7 10
2 12
13 17
1 11
8 13
8 16
6 18

21 135
1 13
2 18
12 17
4 12
6 16
14 17
7 13
4 19
1 9
2 6
20 21
1 2
9 12
17 20
1 19
6 9
10 14
15 19
5 14
1 4
2 8
12 20
8 16
12 15
5 20
7 11
10 18
7 14
1 18
3 11
7 17
2 16
11 14
14 16
10 19
12 14
9 19
17 21
8 14
10 12
2 4
5 12
15 17
16 17
7 10
4 17
5 8
8 20
1 11
2 7
9 10
6 15
3 9
4 10
11 18
6 14
4 16
3 10
3 5
18 21
5 6
7 9
16 20
11 19
3 4
2 13
17 18
6 17
10 16
3 20
1 16
11 15
4 14
5 9
1 14
9 20
7 15
5 16
5 11
11 20
3 15
1 12
11 21
2 5
16 19
6 8
13 14
2 12
13 17
18 19
9 11
2 11
3 7
14 18
5 17
7 12
4 21
6 13
5 10
3 21
17 19
1 5
5 7
10 17
1 7
3 17
10 15
3 14
5 15
12 19
7 8
7 18
3 19
3 16
14 20
9 13
4 18
2 14
4 9
5 19
8 19
7 19
6 19
4 8
15 21
8 17
7 20
11 17
6 11
8 18
3 6
1 20
2 19
6 18
4 11

20 87
7 8
10 16
2 14
3 19
3 18
1 17
5 18
2 6
1 5
11 17
18 19
6 11
2 5
1 4
8 11
4 11
15 16
3 16
2 11
10 11
8 10
2 8
12 13
7 16
1 7
1 16
15 20
2 9
1 12
1 15
2 13
4 15
16 17
1 3
4 18
7 13
15 18
5 14
14 20
6 7
9 15
13 18
8 18
6 9
7 11
5 13
9 10
12 16
8 9
8 16
8 14
2 17
5 6
3 13
11 15
6 8
3 9
9 19
1 9
6 15
11 12
6 18
7 10
9 13
16 18
4 6
3 5
17 18
10 15
7 9
6 12
16 20
4 10
7 12
4 16
6 19
14 15
2 16
3 15
12 17
11 14
5 7
10 19
1 11
7 17
1 10
3 6

17 98
16 17
8 11
4 9
4 12
1 12
7 17
6 11
2 14
8 13
7 9
5 16
9 14
6 9
14 15
2 12
4 5
1 9
1 14
6 14
3 4
3 5
3 16
1 6
1 7
2 5
10 12
6 12
7 13
7 11
12 15
10 17
5 13
1 3
11 13
5 12
5 11
13 15
4 14
12 14
9 16
1 11
9 17
5 14
2 8
10 13
3 9
1 17
4 16
6 8
9 12
14 16
8 14
10 16
6 13
2 10
14 17
3 6
10 11
9 13
5 8
1 8
8 10
13 16
3 15
3 17
4 17
3 13
3 12
4 8
7 14
1 4
2 17
7 12
6 10
1 13
2 15
6 7
2 9
13 17
4 6
3 10
5 9
5 7
9 10
3 7
15 17
12 13
1 2
4 15
2 16
6 17
1 5
7 15
4 13
5 10
15 16
8 12
2 3

20 103
5 7
3 19
3 12
4 16
10 20
13 16
7 8
13 20
4 17
16 20
1 5
5 12
13 19
8 10
3 17
8 14
2 8
1 3
17 20
9 11
10 12
16 19
3 14
4 14
15 20
3 4
5 20
12 15
1 18
9 13
2 15
14 20
1 11
12 16
9 20
10 19
8 19
14 18
1 6
9 16
5 6
7 11
9 17
10 11
12 19
5 8
5 19
12 20
6 8
6 11
6 10
1 8
4 15
3 16
7 9
1 15
2 11
10 15
9 12
4 8
1 16
3 8
1 12
1 7
17 19
1 4
2 6
2 7
10 14
10 18
18 20
3 9
7 13
12 17
6 7
6 9
6 18
13 17
1 20
14 17
4 10
7 10
4 7
9 18
4 13
4 18
1 9
7 16
6 15
5 17
8 18
5 13
15 18
15 19
1 17
9 19
6 17
11 19
2 9
9 15
2 12
5 14
4 11

17 111
3 9
1 9
6 13
2 9
1 4
10 16
5 8
6 16
2 7
7 11
11 15
3 8
3 16
1 5
3 13
4 11
12 16
15 17
9 10
4 5
9 11
5 9
7 9
13 17
10 17
3 10
14 15
4 14
6 12
11 17
4 17
4 16
6 9
4 10
7 13
10 11
12 17
13 15
2 4
2 6
13 14
4 7
9 13
3 14
5 15
1 8
1 13
14 17
4 9
4 13
5 14
2 13
1 3
1 2
5 16
7 10
12 14
8 10
2 12
7 14
1 16
8 16
3 17
1 11
3 11
6 8
14 16
1 6
5 6
3 6
1 17
9 14
2 8
11 14
1 7
1 12
5 17
2 5
3 15
1 14
10 15
5 7
2 11
7 16
13 16
2 15
6 10
3 12
9 15
16 17
4 8
9 16
9 12
1 15
9 17
7 15
8 17
6 14
2 16
2 10
2 14
6 11
10 14
4 15
8 13
12 13
5 12
6 15
8 12
5 11
4 6

21 162
2 5
10 11
2 12
16 19
4 10
6 21
3 8
3 18
12 18
3 7
11 13
10 21
13 19
8 21
1 3
4 5
2 8
10 20
7 21
6 7
14 20
7 16
3 17
5 6
2 13
15 21
2 19
2 4
9 16
16 21
10 16
11 20
4 7
1 8
7 14
8 16
14 18
11 18
10 18
6 14
2 10
15 17
13 21
6 9
1 20
16 17
7 18
11 12
1 10
3 10
13 17
13 18
8 17
1 21
1 9
5 16
4 14
2 3
9 15
1 6
15 20
14 15
5 14
9 18
14 17
19 21
2 21
12 14
2 20
5 7
13 16
1 17
4 21
5 15
4 8
3 5
12 17
6 15
4 12
7 11
10 14
16 18
13 15
4 9
3 15
15 16
3 19
11 14
8 13
3 6
12 20
3 11
5 19
5 13
2 16
20 21
9 11
11 21
1 2
12 16
12 15
6 16
18 19
1 15
5 10
9 13
3 16
5 20
8 9
1 5
3 20
6 8
7 19
17 21
2 18
7 17
4 19
3 4
9 17
7 13
18 21
12 13
18 20
8 18
10 12
4 18
9 12
1 7
16 20
13 20
14 21
5 21
1 12
6 13
17 20
2 17
3 13
6 18
3 21
4 15
6 12
8 15
11 15
5 8
19 20
2 6
1 19
12 19
4 6
1 4
7 8
11 16
8 20
11 17
8 10
7 9
2 9
2 14
1 11
4 17
6 17
15 19

15 92
7 10
12 15
8 12
7 15
6 9
5 7
1 15
12 13
3 4
6 12
8 15
2 13
4 14
10 15
9 13
6 15
1 11
1 8
6 7
3 6
1 4
3 7
2 6
4 5
8 14
4 7
10 13
4 8
5 6
5 8
2 11
3 13
1 3
6 11
5 11
3 5
3 10
2 9
6 8
3 9
4 13
7 13
1 12
2 3
9 10
3 15
5 12
10 14
8 13
8 10
3 14
4 12
5 9
2 8
5 10
2 14
6 10
9 12
10 11
11 13
4 6
13 15
2 5
7 12
3 11
4 15
7 8
2 4
4 10
2 15
1 10
9 15
5 15
1 9
1 6
11 15
4 9
14 15
2 12
8 11
1 13
10 12
7 11
1 7
5 14
2 7
7 9
2 10
9 14
9 11
1 2
3 8

17 117
7 15
6 12
13 16
10 14
4 15
5 14
5 10
6 10
15 17
6 15
16 17
4 14
8 11
8 16
12 13
6 17
5 6
10 11
2 11
11 16
7 14
2 15
1 7
5 9
2 6
9 10
7 16
1 12
10 13
2 5
5 12
7 8
1 2
4 13
6 14
2 7
9 17
1 8
13 14
4 9
2 14
15 16
12 16
4 17
14 15
6 8
1 15
12 17
1 10
7 11
8 12
8 10
8 9
3 16
6 11
2 13
6 9
11 14
6 16
9 15
7 17
8 15
2 9
10 16
4 11
13 15
3 4
8 13
1 11
3 12
4 16
2 16
9 16
9 12
5 11
5 13
4 10
13 17
5 16
1 9
4 6
2 3
1 4
4 12
7 9
3 15
10 17
11 13
14 17
11 12
9 11
3 6
11 17
5 17
6 13
1 6
11 15
14 16
2 8
4 7
3 17
8 14
3 13
8 17
12 14
5 8
9 14
4 5
1 3
3 7
4 8
3 11
7 10
1 16
3 10
1 17
3 9

16 92
1 4
5 16
2 5
7 13
4 8
2 7
1 6
10 13
6 8
1 8
12 16
3 15
2 14
8 16
3 14
2 15
5 9
12 14
11 13
5 7
3 16
10 15
4 16
5 8
2 12
2 8
11 15
4 6
12 13
7 11
7 8
1 5
1 16
8 12
7 16
1 15
10 16
9 10
4 12
3 10
13 15
1 7
9 13
2 10
6 9
11 12
6 16
2 4
3 8
8 10
4 13
1 13
3 6
5 6
3 4
8 9
2 6
5 12
1 9
5 13
2 11
4 7
1 10
10 14
7 9
8 14
9 12
10 11
13 14
7 10
1 12
3 5
6 14
6 11
15 16
1 2
11 14
6 12
11 16
4 9
5 11
9 15
14 16
2 9
1 14
6 13
6 7
3 7
13 16
4 15
6 15
3 13

15 88
6 15
3 7
11 13
5 10
2 13
2 12
4 7
2 15
11 14
11 12
10 13
3 12
1 14
2 10
9 10
5 9
3 5
4 10
14 15
6 14
7 13
5 13
3 11
1 4
2 14
3 6
10 15
3 8
7 11
1 15
1 5
1 2
4 8
4 9
2 8
1 6
5 7
8 14
2 7
10 11
2 11
10 12
4 13
9 13
5 6
1 3
3 4
1 12
7 12
7 8
8 9
12 13
3 15
1 11
3 10
12 14
6 8
1 9
4 5
3 14
2 3
6 13
2 5
8 10
5 14
7 15
6 7
7 14
8 13
3 9
8 15
6 9
8 11
5 12
1 7
9 14
7 9
13 14
13 15
1 10
4 14
4 12
7 10
4 15
2 9
9 11
5 11
5 15

22 165
19 21
12 22
7 9
10 12
7 21
17 19
6 21
3 12
4 19
2 8
5 20
18 19
6 12
17 22
1 16
5 11
10 17
4 11
10 13
1 4
8 13
5 15
3 18
4 12
7 22
14 17
13 20
10 20
8 22
8 21
5 16
9 11
14 20
5 12
10 21
2 17
4 13
21 22
9 15
15 16
11 15
18 20
20 21
3 14
4 18
1 8
7 10
8 14
6 22
6 7
3 6
2 22
13 21
3 9
2 14
20 22
11 21
9 12
16 20
7 15
1 14
10 15
1 7
12 19
10 11
2 9
10 19
5 21
4 22
11 19
4 21
9 16
2 4
4 10
15 20
4 17
5 13
3 21
2 3
14 19
5 17
3 15
3 13
13 19
4 8
5 10
3 4
8 10
7 11
3 16
9 17
2 5
8 15
16 17
11 16
1 17
7 16
3 17
1 22
1 10
7 20
8 9
13 22
19 20
6 14
2 20
7 19
5 22
9 21
10 16
3 19
13 14
6 9
1 5
13 17
9 20
5 6
16 18
11 12
6 19
14 15
13 15
8 12
6 10
17 20
10 22
6 13
15 21
14 16
4 5
1 12
14 22
2 21
9 14
6 8
16 19
12 18
7 8
3 20
5 14
10 18
1 15
1 20
15 19
5 7
1 2
2 7
13 18
8 20
9 13
6 11
2 12
4 7
2 13
7 12
15 17
1 19
8 18
16 21
1 11
7 17
19 22
2 16
15 18
5 9

22 225
14 21
4 17
15 16
6 19
9 11
6 9
10 21
14 17
7 11
3 17
20 22
10 12
10 22
11 19
13 14
12 20
15 20
9 12
2 22
10 11
12 21
1 18
5 11
12 16
6 17
4 21
11 22
6 7
1 21
3 13
4 19
15 17
12 18
13 19
4 14
1 12
3 7
1 22
17 22
1 17
14 19
6 11
5 13
13 18
11 14
7 8
5 9
4 7
6 21
14 22
1 13
7 17
12 15
6 16
3 6
15 19
1 16
7 19
1 4
7 20
9 10
10 16
12 22
5 16
9 17
7 22
9 20
2 16
7 12
1 19
9 14
2 8
3 20
4 20
7 21
3 22
8 22
6 8
11 17
3 14
9 13
3 18
4 5
5 20
1 8
14 18
12 14
6 18
9 16
11 12
7 18
1 10
19 22
2 18
7 15
10 14
8 11
7 9
6 22
10 15
13 21
2 13
4 13
7 14
5 17
4 16
8 16
9 19
3 19
16 21
21 22
5 12
1 14
4 12
4 8
3 5
11 15
5 19
11 21
4 11
20 21
10 20
2 19
18 21
19 20
8 15
2 4
5 15
9 18
14 16
2 20
6 14
8 21
15 21
13 22
17 20
8 18
2 15
19 21
13 16
12 17
12 13
3 21
1 5
5 6
5 10
15 18
16 17
8 10
14 15
17 21
11 20
10 17
16 22
14 20
8 20
5 21
4 18
6 10
1 2
6 12
9 22
1 20
17 18
16 18
3 15
1 3
4 9
10 18
2 12
16 19
1 6
17 19
3 4
5 14
2 10
16 20
1 15
1 11
11 13
2 17
13 20
10 13
9 15
1 9
7 10
7 16
2 5
4 6
3 10
3 11
6 15
11 16
3 9
3 16
2 3
13 15
4 22
8 17
2 7
8 19
1 7
4 10
3 8
5 7
5 8
2 11
11 18
4 15
6 13
18 19
2 6
2 14
9 21
18 22
8 12
18 20
15 22
2 21
8 14
6 20
3 12
13 17
2 9
7 13

20 102
7 20
6 15
12 16
5 19
1 7
10 11
18 20
6 8
1 10
12 17
2 16
3 12
3 8
5 18
1 13
4 17
8 13
2 15
2 13
8 16
8 18
7 19
17 19
8 20
4 14
13 16
4 18
1 9
13 19
12 20
6 18
1 18
10 13
6 9
7 14
11 14
11 17
8 11
17 20
8 19
6 19
3 13
13 15
9 16
11 13
15 19
1 8
9 14
2 18
5 7
7 12
8 9
5 14
3 14
10 18
5 16
3 18
4 8
2 20
9 11
7 13
11 20
10 20
5 17
1 17
9 19
6 11
5 10
10 16
15 16
8 12
8 17
2 11
7 15
19 20
9 13
2 4
8 14
18 19
1 3
13 17
12 14
7 10
3 15
5 13
1 14
3 6
14 17
6 20
4 15
15 18
1 12
1 5
17 18
4 11
2 17
10 14
6 7
3 7
6 12
1 2
14 19

13 53
5 8
3 5
5 12
6 13
5 11
4 7
4 12
3 7
10 12
1 12
2 12
2 9
5 6
6 9
2 5
7 10
9 12
10 13
1 2
2 7
3 12
6 8
6 10
1 4
7 13
6 11
3 10
1 11
3 13
1 10
11 13
3 11
9 11
5 9
2 3
2 11
1 5
8 12
8 11
8 9
1 7
2 6
3 4
1 8
8 13
2 8
1 9
4 9
8 10
11 12
6 7
4 6
1 6

11 49
2 11
1 5
6 8
1 2
3 11
5 8
3 5
1 10
2 10
2 7
4 6
6 9
1 11
4 7
4 8
7 8
8 10
5 9
4 10
1 6
9 11
3 9
5 7
6 7
9 10
2 6
4 9
3 10
3 4
5 11
4 5
4 11
2 5
3 6
1 3
2 8
5 6
1 7
6 10
2 3
7 9
10 11
5 10
3 7
1 8
7 11
8 9
7 10
6 11

23 121
3 13
6 22
11 17
12 17
10 23
5 16
22 23
5 9
21 23
7 17
9 13
3 23
20 23
2 8
13 16
10 22
15 20
4 8
5 18
19 23
16 17
11 15
4 13
1 22
1 13
1 7
5 19
13 20
13 17
19 21
2 12
8 15
12 21
7 21
14 22
9 23
10 12
15 22
11 18
20 21
3 9
4 17
19 22
7 14
16 21
8 23
3 19
10 14
11 23
12 19
3 8
13 18
15 17
12 20
7 12
2 10
11 14
1 17
12 23
1 18
2 13
11 22
12 14
2 14
4 18
8 18
4 10
1 6
5 20
3 15
3 22
15 21
1 16
17 22
4 12
7 18
3 6
5 15
15 23
1 15
14 16
9 15
15 16
13 15
1 5
4 22
2 17
4 5
3 18
4 19
18 21
6 15
2 23
5 6
7 10
9 10
9 11
8 13
1 10
2 11
2 22
6 21
8 17
3 11
9 18
2 20
5 13
2 4
7 11
11 12
2 16
8 19
9 20
11 21
1 9
6 16
9 22
6 7
10 16
4 9
10 19

20 182
2 12
7 11
17 18
4 15
4 11
6 19
14 19
9 13
6 8
11 12
7 13
14 18
6 7
5 19
13 15
2 4
11 15
13 19
2 19
5 17
19 20
14 15
10 18
5 11
1 9
2 16
15 16
8 20
6 18
10 12
3 8
9 18
7 12
2 20
12 19
13 16
1 2
3 4
12 16
9 17
3 7
1 13
9 10
9 19
10 15
3 15
5 9
7 10
6 17
5 10
8 12
5 6
18 20
2 9
1 18
7 18
4 20
4 10
8 10
17 20
7 14
11 16
10 16
12 20
3 13
2 3
8 19
2 6
2 17
5 8
1 8
1 20
15 17
10 14
11 18
1 19
2 5
3 9
13 20
11 20
15 19
14 17
1 15
16 19
5 14
1 5
7 9
1 4
4 17
9 14
5 15
5 13
2 7
15 18
4 14
18 19
6 14
7 17
4 5
4 9
2 13
2 14
16 20
4 6
5 12
4 16
12 14
7 20
11 17
13 18
4 13
10 20
9 16
6 13
8 16
8 9
7 15
6 12
11 13
3 18
6 20
3 6
2 11
16 17
6 16
3 19
6 11
1 3
8 13
8 11
4 18
10 11
8 15
8 17
7 16
1 17
6 9
4 8
5 18
1 14
1 6
9 11
1 11
3 10
6 15
3 11
15 20
17 19
11 19
1 7
5 16
9 12
2 10
12 13
1 16
5 7
10 13
3 5
3 16
2 8
8 14
2 15
12 15
3 20
3 17
5 20
14 16
4 12
12 18
12 17
16 18
9 20
2 18
1 10
9 15
1 12
13 14
8 18
14 20
4 7
13 17
3 12

14 81
3 7
6 9
12 14
7 10
4 11
7 12
8 14
8 12
4 6
3 14
4 8
3 6
3 12
2 11
1 13
4 9
1 7
2 6
10 12
8 11
1 3
1 12
9 14
3 5
3 9
7 14
13 14
2 5
2 12
1 5
5 8
5 12
8 9
7 8
1 10
5 6
2 3
9 13
11 13
1 4
8 10
3 8
11 12
10 11
2 13
2 14
7 13
6 12
7 11
11 14
5 10
6 13
5 11
5 9
9 12
4 13
1 8
4 14
12 13
1 9
6 7
6 10
5 7
1 2
2 7
3 11
6 11
7 9
6 8
1 6
9 11
3 13
5 13
10 13
4 12
3 4
4 10
4 5
2 10
1 14
2 4

19 81
16 19
10 19
7 16
7 10
4 8
6 16
1 3
11 15
4 12
10 14
3 17
3 6
4 15
5 19
1 5
4 14
1 6
5 9
9 19
14 16
10 16
3 14
4 13
12 18
9 10
11 13
3 5
11 14
1 13
3 19
5 7
14 19
2 17
5 15
1 2
6 9
4 11
4 17
6 10
1 9
13 14
8 18
3 12
9 14
8 9
11 16
4 7
16 17
10 12
4 6
7 18
1 16
11 17
13 16
2 10
8 17
13 15
9 18
3 15
2 18
4 10
9 17
11 18
8 15
8 11
10 17
5 17
4 9
7 9
6 12
9 13
2 8
15 18
7 14
5 12
13 17
3 18
10 13
11 19
3 16
6 17

11 45
1 2
2 11
8 9
1 3
3 7
3 11
6 9
10 11
4 6
4 9
4 5
3 9
7 9
5 6
1 6
1 10
1 8
8 10
6 10
1 4
7 8
2 4
7 11
6 7
7 10
2 8
1 7
4 8
1 11
2 3
5 7
5 8
6 8
4 10
3 4
4 11
2 7
6 11
5 9
2 9
9 10
3 5
1 9
3 8
9 11

16 104
4 13
5 15
1 13
4 14
13 16
3 9
12 14
2 11
2 8
13 14
4 6
10 12
2 7
7 9
2 16
8 11
1 6
15 16
12 15
7 16
10 15
5 14
6 11
9 13
7 14
6 10
11 14
2 10
6 8
5 7
6 7
5 8
2 13
1 5
10 16
2 12
5 12
1 2
7 8
1 9
9 15
5 16
14 15
3 11
11 15
11 12
3 5
4 11
7 13
5 11
1 8
4 12
10 11
9 10
7 10
1 3
4 9
11 13
13 15
1 4
6 15
3 7
12 13
6 16
8 12
1 16
4 15
6 9
1 12
8 15
2 5
3 14
5 10
3 13
3 10
4 7
1 7
8 13
2 6
7 12
1 11
12 16
6 12
2 4
9 16
10 13
7 11
8 10
8 9
4 10
3 12
10 14
2 14
2 15
14 16
3 6
3 8
11 16
5 9
2 3
1 15
4 8
3 15
9 12

16 108
8 13
3 8
2 6
6 7
7 16
11 16
13 16
1 16
11 12
2 8
15 16
5 6
5 16
4 9
4 12
9 16
4 15
6 15
1 12
3 6
4 6
1 13
10 11
5 12
1 2
5 7
2 7
6 13
8 11
9 11
10 15
7 13
6 8
5 9
2 5
1 4
5 13
2 15
3 7
7 9
3 16
1 7
12 16
9 12
14 16
8 9
11 15
6 10
4 11
9 15
3 5
2 16
11 13
2 10
8 14
1 11
1 10
3 11
8 12
8 10
5 14
4 16
7 15
10 13
10 16
6 11
1 8
11 14
2 4
3 4
7 14
2 12
8 16
3 10
4 5
3 12
3 9
10 14
4 13
13 15
10 12
1 6
1 15
12 13
1 5
6 14
5 10
9 14
2 3
2 14
4 8
1 3
13 14
7 10
3 14
7 8
5 11
8 15
3 13
2 9
7 11
3 15
9 10
2 13
7 12
1 9
4 14
6 16

16 66
3 9
11 16
10 12
4 10
10 14
9 14
3 11
2 10
1 8
1 13
4 13
9 11
5 15
1 5
2 11
2 16
4 11
2 9
6 11
1 7
3 13
12 14
2 13
3 15
4 8
7 15
10 16
8 12
5 12
2 7
9 12
11 15
1 10
7 14
3 4
2 4
3 6
8 9
6 8
8 16
7 10
8 11
4 7
13 14
1 12
1 9
5 9
6 13
8 10
5 8
12 16
11 14
2 3
8 13
7 8
13 15
8 14
12 15
10 13
12 13
3 8
6 9
2 5
5 7
6 16
9 16

16 105
12 15
13 16
9 16
10 13
6 12
3 10
11 13
8 10
12 13
4 11
9 13
14 15
2 7
2 5
1 6
11 12
3 16
13 15
2 6
11 16
5 8
2 14
7 10
9 11
5 11
4 12
4 14
8 13
3 8
1 16
11 14
5 7
2 3
5 13
3 9
5 16
1 15
8 11
1 9
6 8
8 14
4 10
6 9
7 11
7 14
3 13
1 13
7 16
4 6
2 9
4 9
7 13
6 11
4 8
9 14
1 10
8 15
3 15
6 15
1 7
1 2
4 16
13 14
14 16
1 12
6 13
5 6
4 5
3 12
3 14
10 12
2 11
10 14
2 12
1 14
5 15
7 12
3 7
1 5
9 12
5 10
12 14
3 6
5 9
1 8
10 16
8 9
5 14
2 8
6 14
5 12
8 12
6 10
2 10
7 8
2 15
2 4
8 16
4 13
6 16
2 16
1 11
3 5
2 13
7 9

21 108
5 21
7 20
4 15
11 19
1 17
4 9
13 15
7 21
7 12
3 19
1 2
3 16
1 18
2 17
3 18
18 20
16 20
8 12
7 14
6 21
6 17
3 8
3 20
1 13
1 4
5 13
16 19
12 20
8 11
20 21
5 8
5 6
2 8
4 6
8 10
2 19
14 17
2 18
6 9
6 7
17 19
12 17
1 3
1 21
9 15
7 11
11 21
1 11
3 14
2 9
7 8
8 20
18 21
7 16
10 14
4 20
2 12
12 19
15 18
6 8
11 13
1 7
7 9
5 12
7 15
5 15
6 12
12 18
16 17
13 17
14 15
19 21
6 10
2 11
12 14
5 11
3 5
13 18
9 10
1 19
2 10
14 21
8 14
1 14
11 15
4 12
3 6
3 17
2 14
8 16
4 11
10 18
13 16
2 3
3 4
9 11
14 19
4 8
5 9
13 19
10 11
11 17
17 21
13 20
1 5
6 16
4 14
5 20

21 192
15 21
1 14
4 7
5 11
15 16
8 11
5 7
5 19
1 9
6 7
17 20
2 3
2 7
4 19
2 17
16 21
2 12
8 18
11 14
4 20
5 15
1 10
2 10
14 16
3 19
13 20
12 14
14 21
1 6
4 14
12 15
8 10
4 8
6 19
11 18
3 6
9 12
20 21
14 19
8 9
8 19
4 5
11 20
4 16
1 18
9 19
2 20
3 11
16 18
13 18
3 20
16 20
9 16
11 13
9 11
8 21
6 16
8 14
3 8
1 7
2 16
4 9
12 20
19 21
1 8
9 18
4 6
1 12
14 15
5 10
2 13
2 6
6 17
10 14
8 12
1 3
3 9
7 9
14 20
5 17
5 9
4 18
1 17
6 13
2 4
7 17
11 17
3 21
3 10
6 15
4 21
7 16
9 20
14 18
12 17
16 17
7 13
10 17
11 12
3 4
1 2
1 21
5 8
7 10
12 16
2 9
8 17
2 5
6 10
7 18
3 17
13 16
12 13
5 16
10 13
7 12
5 14
17 21
8 15
1 13
12 21
4 12
10 20
5 13
1 19
4 11
5 18
2 19
9 10
9 13
10 16
13 19
6 21
7 8
2 8
15 20
11 19
7 20
15 17
7 15
6 9
7 14
6 12
3 18
3 5
10 21
2 11
9 17
6 8
1 16
13 17
4 13
15 19
17 19
3 7
7 19
11 21
1 20
2 15
3 16
8 16
6 11
18 21
7 11
1 4
18 19
4 15
2 14
1 5
5 6
16 19
10 12
5 20
4 10
7 21
10 18
3 12
6 18
10 19
18 20
11 15
6 14
8 20
13 15
9 14
12 19
5 21
12 18
3 15
2 18
3 13
2 21

14 89
1 5
3 12
3 9
8 13
8 12
4 10
1 10
3 7
7 8
1 14
2 11
6 13
7 13
1 12
5 12
10 11
10 14
2 13
3 14
11 14
5 9
5 8
4 11
1 7
6 8
6 9
3 11
12 14
5 11
6 11
12 13
7 11
1 13
3 5
3 10
11 13
4 7
2 3
10 13
2 9
1 9
4 6
2 7
4 9
9 13
4 13
1 8
8 11
1 3
4 14
8 10
1 4
2 5
7 10
9 14
9 11
5 10
2 10
2 12
1 2
3 6
9 10
6 7
11 12
5 14
3 8
4 5
3 4
6 14
1 11
10 12
7 14
5 6
2 8
7 12
5 13
5 7
2 4
6 12
8 14
13 14
4 8
9 12
8 9
2 6
4 12
7 9
6 10
1 6

15 103
9 13
7 11
12 13
7 12
4 8
3 8
1 7
7 14
3 9
1 6
7 13
11 13
13 14
6 10
6 7
10 12
7 15
3 15
3 14
12 15
4 13
5 15
2 12
8 12
5 10
11 12
2 8
3 11
12 14
2 10
3 6
5 14
5 6
1 11
8 10
5 9
4 5
14 15
5 11
2 13
9 10
4 11
1 5
5 13
6 13
6 12
5 12
6 8
2 15
11 14
8 15
8 13
4 7
9 14
1 8
2 4
6 15
3 7
1 9
10 11
9 12
8 14
11 15
9 11
4 12
3 4
13 15
9 15
4 15
1 12
1 2
1 14
1 3
4 14
2 14
7 9
1 13
2 3
2 6
2 11
6 14
1 10
10 13
6 11
5 7
10 15
8 9
7 10
1 4
1 15
4 9
3 13
2 5
8 11
2 7
3 5
2 9
10 14
4 6
7 8
5 8
4 10
3 12

19 122
3 11
14 19
5 16
4 16
10 18
1 19
4 11
3 15
7 18
11 16
6 7
16 18
9 17
5 6
4 15
4 14
1 12
9 13
4 17
2 12
7 12
4 10
5 18
13 15
3 10
3 5
2 8
11 12
7 13
9 10
7 10
3 9
7 11
8 15
11 18
18 19
3 17
1 5
1 10
3 19
6 11
1 7
3 6
6 19
7 17
1 17
4 7
13 16
2 14
12 15
6 18
8 19
5 9
2 18
3 18
10 11
2 17
2 9
1 9
8 14
4 6
3 8
3 7
12 19
4 8
16 17
9 14
8 11
10 13
12 14
6 10
3 13
7 8
5 19
9 12
5 11
5 15
7 19
4 18
1 8
14 17
8 18
13 17
5 13
2 11
14 15
1 2
4 9
10 17
2 3
2 6
1 3
13 14
12 13
7 14
15 19
10 19
6 15
7 15
5 17
12 18
13 19
3 16
6 8
10 14
11 17
11 15
9 16
6 17
15 17
17 18
4 12
11 19
5 8
10 12
8 13
2 13
11 13
2 16
12 17
8 17
9 15

23 93
2 10
4 13
10 17
20 23
1 3
1 11
4 22
5 9
18 22
15 19
10 15
1 6
5 14
3 7
4 12
1 21
16 17
18 20
1 23
7 22
5 19
5 15
13 18
2 18
6 7
4 23
8 16
2 16
10 11
8 19
8 21
4 9
5 20
5 23
1 19
2 22
16 20
17 22
8 9
6 15
15 22
18 21
4 21
13 14
19 22
10 13
6 10
1 9
6 16
8 23
9 15
2 6
3 4
14 18
2 20
6 17
14 20
18 19
9 20
11 12
20 22
5 18
16 23
4 18
7 11
7 23
1 22
9 22
17 18
11 17
3 10
9 21
1 2
3 12
1 5
9 13
8 22
7 18
15 23
14 22
4 11
9 17
11 16
7 21
17 19
5 12
12 20
4 20
9 19
4 15
7 13
6 13
11 21

15 88
1 3
1 10
5 6
6 11
5 13
2 12
9 14
9 15
3 15
2 3
1 8
4 10
3 11
5 10
2 7
1 14
8 9
6 8
2 14
8 13
12 15
9 13
6 13
2 10
2 15
3 7
8 15
4 11
5 14
5 12
7 11
6 12
1 15
1 2
3 13
10 12
13 14
14 15
2 11
4 15
4 7
4 5
1 11
7 14
2 6
11 15
7 9
10 11
6 15
5 7
3 10
8 12
12 14
1 7
7 15
13 15
5 9
4 9
7 10
4 13
2 13
1 6
2 5
3 5
9 11
4 8
3 4
9 10
1 4
5 15
12 13
7 13
3 9
11 14
5 11
8 11
1 13
3 8
9 12
2 9
8 14
1 5
3 6
6 14
6 10
1 12
10 15
7 12

13 74
2 11
5 7
12 13
1 7
9 13
9 10
5 8
6 7
11 12
3 4
8 12
5 10
2 6
10 11
6 8
6 10
1 13
6 13
7 10
1 4
7 12
3 7
5 6
1 10
6 9
3 6
1 9
4 8
10 13
3 8
2 8
3 9
7 9
5 13
8 13
2 13
5 12
4 13
9 12
7 13
4 5
7 11
4 12
4 6
4 11
3 11
1 3
4 7
1 12
4 9
6 12
2 10
11 13
3 10
2 4
4 10
1 11
1 8
2 3
1 5
8 9
5 9
9 11
2 5
2 9
8 11
8 10
10 12
3 13
6 11
7 8
3 12
1 2
2 7

16 90
13 15
2 6
2 11
3 14
5 6
10 12
3 8
8 16
6 11
8 9
11 15
1 9
13 16
9 11
1 8
4 10
5 10
7 13
7 11
4 12
9 15
10 16
14 16
5 7
9 13
4 16
7 12
4 14
5 15
3 6
11 12
9 10
9 12
12 14
11 14
2 16
5 8
2 12
4 8
6 16
4 7
1 15
6 13
12 13
3 12
8 13
2 14
8 11
1 12
2 10
11 13
7 16
3 10
9 14
1 11
6 14
3 15
6 10
12 15
2 4
7 15
6 9
3 11
6 8
3 5
1 14
1 7
4 13
4 15
4 11
4 6
3 7
6 7
13 14
8 14
2 8
4 5
1 6
3 9
1 16
6 12
5 9
14 15
8 10
1 4
5 14
1 3
7 9
5 11
3 13

21 98
7 11
18 20
3 9
1 20
7 13
6 17
5 10
2 12
8 15
10 19
4 17
12 16
1 3
17 18
2 16
9 15
7 15
13 19
12 20
5 20
3 15
17 20
12 18
11 12
7 18
5 12
16 17
7 10
12 21
4 11
5 19
9 10
7 9
14 15
15 18
9 13
2 5
3 5
3 10
1 17
1 12
1 8
2 21
1 7
9 12
3 17
2 4
2 15
3 6
19 20
6 18
5 9
2 7
2 14
11 21
8 18
3 19
1 4
15 20
4 16
1 5
9 21
4 6
20 21
10 15
14 16
9 19
4 13
6 20
2 9
16 19
17 21
4 5
6 12
8 9
13 18
7 16
13 14
5 8
10 14
5 17
1 2
4 20
14 19
2 17
10 17
7 20
15 21
6 10
1 19
7 14
15 17
10 11
2 10
2 6
10 13
8 20
14 20

22 183
12 14
4 18
15 19
17 18
1 3
2 6
6 16
7 15
4 12
9 20
2 18
9 10
4 9
7 21
2 21
10 15
7 8
5 8
1 6
11 20
8 20
13 15
6 10
1 22
4 13
15 18
20 22
13 17
4 15
16 19
5 12
15 22
14 21
9 16
9 12
12 21
10 17
5 20
12 18
20 21
15 21
17 22
3 21
2 17
7 16
15 20
2 5
6 20
3 9
11 13
7 11
14 15
9 21
1 16
16 18
9 11
4 20
4 6
7 17
4 10
6 11
16 22
3 16
6 13
12 13
4 14
11 22
6 12
10 21
11 17
14 18
10 16
7 10
11 21
18 22
13 18
13 20
10 22
8 15
8 17
1 8
8 21
4 22
3 6
11 16
4 11
9 18
6 18
2 4
11 18
2 20
2 7
2 15
13 16
10 18
13 14
3 17
3 22
6 22
3 4
3 5
9 22
21 22
3 14
4 16
1 19
17 19
16 21
10 14
12 20
1 20
18 20
3 20
19 22
5 18
3 13
5 9
9 19
11 19
1 10
10 12
2 3
1 12
16 17
1 17
1 13
15 16
5 6
17 20
4 17
14 16
1 7
6 14
5 10
3 18
3 15
8 11
2 12
5 19
15 17
12 16
16 20
11 15
5 13
6 19
12 19
5 11
6 15
11 12
9 15
3 10
7 19
4 7
7 9
14 22
7 18
18 19
10 11
12 15
12 17
8 12
8 10
3 12
8 16
10 19
4 19
4 5
6 7
3 7
8 22
9 14
1 14
9 13
1 18
5 22
19 20
7 20
3 8
1 11
8 13
4 21
13 19
9 17

11 45
5 11
3 7
2 7
2 8
4 10
1 4
5 6
5 7
9 10
4 11
2 4
1 5
2 9
5 10
2 6
2 10
10 11
7 9
8 9
7 11
2 3
8 10
4 7
6 8
1 6
6 10
4 6
2 11
7 10
3 4
6 9
1 3
4 5
2 5
3 10
1 7
1 9
1 2
5 8
7 8
6 11
4 8
3 5
3 6
4 9

14 77
4 10
3 13
9 14
10 13
4 8
2 7
6 11
6 13
5 12
5 7
6 9
4 5
8 9
9 10
13 14
9 12
12 13
1 13
7 10
2 12
2 13
7 12
3 8
2 10
1 10
7 13
3 7
1 14
1 12
2 11
8 13
5 14
3 4
5 11
7 14
11 13
10 14
6 14
1 8
5 8
3 14
5 6
5 9
8 11
8 10
1 2
4 7
4 6
7 8
7 9
11 12
1 7
2 14
3 5
9 11
2 9
12 14
3 10
8 12
5 13
2 8
6 8
1 11
1 3
4 11
3 12
4 13
4 14
4 9
1 9
3 9
3 6
2 5
10 12
1 4
9 13
1 5

24 157
9 18
3 20
13 17
7 18
14 20
7 11
8 21
5 8
4 20
6 17
1 22
1 10
6 24
11 19
1 2
2 6
2 16
10 14
2 14
1 12
3 14
8 14
12 23
15 24
2 17
2 23
2 12
5 12
7 13
4 7
6 8
14 22
3 24
8 9
18 21
13 15
9 11
6 15
15 21
1 21
11 15
15 16
10 16
15 20
16 23
8 19
2 9
17 19
2 4
5 9
11 13
16 18
9 17
3 8
12 15
8 17
3 12
6 21
20 24
10 23
19 20
18 20
8 12
22 23
1 20
7 14
4 16
3 9
11 22
10 15
17 23
4 23
1 19
4 9
15 17
23 24
1 5
11 20
4 10
16 22
3 6
1 8
18 22
11 14
1 15
4 14
6 23
7 24
8 23
6 12
17 20
13 18
12 24
2 21
2 22
12 18
15 22
3 18
3 23
3 4
6 13
20 21
10 17
7 22
8 22
8 24
1 18
2 24
10 19
1 7
14 18
13 23
11 21
4 19
9 16
7 15
3 5
5 11
7 19
1 14
16 17
15 19
3 7
9 13
5 15
21 22
6 9
5 16
8 10
7 8
3 11
4 8
1 16
8 20
7 10
6 22
4 5
14 17
17 22
2 18
10 22
9 10
13 19
2 5
11 18
13 14
19 24
7 17
4 22
6 18
8 11
5 13
22 24
6 16
9 21
1 23
3 21

24 274
5 11
2 12
9 24
12 20
16 19
5 21
12 18
17 18
1 24
2 13
3 10
16 24
15 24
9 18
17 19
20 23
1 23
10 13
2 8
17 23
15 16
3 21
6 14
11 15
23 24
6 16
1 12
10 15
6 8
9 16
9 15
10 11
8 23
18 23
12 13
11 22
18 19
7 20
1 6
5 6
2 11
10 17
6 9
8 24
17 21
7 18
21 23
4 6
19 20
21 22
14 15
5 14
2 10
10 24
11 19
4 17
3 19
16 20
4 16
18 24
13 23
1 14
2 5
6 13
5 16
11 17
20 22
1 21
3 13
14 16
7 8
13 19
7 17
9 14
8 9
3 22
1 11
3 9
11 18
17 22
1 5
11 24
3 24
3 16
8 19
6 22
3 20
8 18
10 19
2 24
3 4
16 23
7 13
1 17
6 11
4 13
8 16
2 20
3 11
6 18
1 2
4 20
2 16
12 17
3 14
4 15
2 22
14 19
15 17
6 17
11 20
8 12
16 17
4 8
4 21
10 14
5 18
9 10
20 21
10 20
14 24
8 15
5 15
15 18
1 20
10 12
19 23
6 12
7 12
16 18
11 16
10 18
1 19
4 11
9 12
19 22
13 14
9 22
7 23
3 5
9 19
2 19
2 3
17 24
9 13
13 24
11 21
5 8
8 21
1 7
4 23
1 13
10 21
4 5
13 17
7 16
10 23
9 21
19 24
15 19
12 22
9 23
19 21
5 7
7 10
4 22
6 19
2 21
3 15
1 9
5 17
10 22
21 24
2 18
15 21
11 13
6 24
18 21
2 6
13 21
12 19
13 15
22 24
5 9
6 15
7 21
5 22
13 16
6 20
6 7
6 23
14 20
5 20
13 20
3 23
4 12
6 21
12 24
5 24
4 19
10 16
2 9
8 22
4 10
12 14
14 18
11 12
1 15
7 14
12 23
2 7
7 22
11 23
3 17
5 19
9 17
12 21
9 20
13 22
7 24
20 24
8 20
8 10
8 14
2 14
5 23
1 18
8 11
14 17
8 17
8 13
7 11
2 15
1 22
18 20
1 10
15 22
7 19
7 15
4 14
4 24
15 23
11 14
13 18
2 4
5 12
3 12
17 20
5 13
5 10
14 21
1 16
2 23
1 4
2 17
4 9
3 8
16 21
3 18
15 20
6 10
16 22
1 8
3 7
18 22
9 11
1 3
12 16
3 6
12 15
22 23
7 9
4 18
14 22

21 207
13 15
3 4
2 6
1 17
16 20
13 20
4 9
6 15
1 2
19 20
9 18
1 19
1 12
9 21
6 20
8 21
15 21
1 5
15 18
6 21
19 21
5 16
12 15
10 11
4 18
9 20
3 16
17 18
2 14
8 12
6 7
2 11
12 21
10 16
10 20
5 13
4 5
8 13
3 12
1 21
12 17
17 19
8 19
5 14
7 12
10 17
14 17
3 15
7 14
2 7
16 18
2 17
15 17
5 9
4 20
1 15
1 4
18 19
1 6
5 17
18 21
9 11
13 18
14 15
12 13
3 7
2 4
8 20
5 15
5 7
5 6
14 16
13 17
4 11
9 16
3 14
2 20
2 5
9 12
14 19
1 11
7 20
6 13
11 21
3 20
2 13
8 15
2 3
17 21
2 21
6 18
2 16
7 16
2 19
1 3
8 16
1 16
4 15
7 19
8 18
10 15
7 10
6 12
3 9
2 10
5 21
4 21
4 6
5 19
10 12
12 19
9 10
3 13
8 9
9 19
10 18
6 16
20 21
4 19
16 21
12 18
11 16
17 20
4 13
4 10
10 21
16 19
1 7
10 13
2 15
15 19
7 9
2 8
6 14
11 19
3 19
11 12
2 9
8 17
7 11
1 20
5 12
7 21
1 18
5 18
3 21
2 12
9 13
5 11
6 9
3 5
5 8
3 6
11 20
5 10
10 19
11 13
8 10
13 19
4 7
12 20
3 11
7 13
9 14
18 20
3 10
4 8
4 14
7 17
1 14
6 19
10 14
4 16
13 21
1 13
3 17
1 10
1 9
3 18
11 14
7 18
6 17
14 20
15 16
14 21
6 8
12 14
11 18
5 20
7 8
3 8
14 18
15 20
16 17
11 17
8 11
8 14
4 17
2 18
12 16
13 16
4 12
13 14
9 17
6 11
1 8
9 15

21 208
8 12
13 17
4 20
1 18
6 21
7 10
16 21
3 4
1 13
1 5
1 21
14 16
7 9
16 20
5 17
11 13
2 5
15 19
2 18
11 19
15 16
1 16
7 15
2 16
13 16
4 7
10 19
6 9
18 21
6 14
14 20
9 13
1 9
16 17
10 16
14 21
10 12
6 7
4 18
7 8
13 21
11 17
2 7
2 17
1 7
4 11
1 15
4 5
18 20
17 20
11 18
10 18
6 20
9 21
4 17
8 15
3 21
10 14
2 20
6 8
5 8
15 17
5 14
8 19
10 21
9 16
2 19
17 18
11 15
3 19
8 16
8 21
5 15
1 14
2 9
10 15
1 11
11 20
16 18
12 19
9 18
6 17
9 14
13 18
1 3
2 14
5 9
9 20
4 9
2 21
3 9
7 19
8 9
14 15
7 21
14 17
7 12
10 17
2 8
5 20
5 21
14 19
13 20
11 16
4 14
8 14
14 18
4 12
1 4
19 20
4 15
7 17
7 14
16 19
4 10
6 10
20 21
9 19
13 19
2 6
6 16
15 18
12 15
1 8
12 18
6 18
3 5
2 12
5 6
10 11
11 21
9 12
5 10
8 18
13 15
3 7
1 12
2 10
5 7
1 2
8 11
5 11
9 11
3 13
12 21
5 16
1 6
3 16
9 15
3 14
9 17
3 20
12 17
12 14
3 10
3 15
6 13
8 20
3 8
15 21
2 4
12 16
11 14
13 14
10 13
3 12
7 11
5 18
3 17
19 21
4 13
9 10
1 20
8 13
5 12
2 11
7 18
17 19
12 13
15 20
6 19
6 11
17 21
4 19
4 6
3 18
18 19
12 20
6 12
2 13
3 6
4 8
2 15
4 21
1 10
5 13
11 12
5 19
8 17
1 19
7 13
10 20
3 11
6 15
7 16
7 20
4 16
8 10

16 114
1 7
6 16
3 7
9 14
3 15
7 12
6 15
4 10
5 15
5 6
3 11
10 11
4 8
2 8
4 15
11 12
8 13
2 14
6 8
2 6
1 5
8 12
11 15
6 13
8 16
15 16
4 9
2 11
5 14
5 9
7 8
10 12
8 9
3 14
4 11
4 12
5 7
9 16
10 15
6 9
11 13
4 16
1 9
7 15
10 14
12 13
2 10
13 15
3 6
13 16
9 15
11 16
7 13
1 10
11 14
1 14
9 10
7 11
3 12
2 9
7 16
4 7
2 4
3 16
14 15
3 13
8 14
5 8
2 15
1 16
6 12
6 11
7 9
6 10
7 14
2 16
14 16
4 6
9 12
1 11
9 13
3 10
4 13
1 15
2 7
3 9
1 12
1 4
1 2
1 13
2 12
8 10
4 5
5 16
2 5
6 7
4 14
12 14
2 13
3 4
3 8
5 12
8 11
1 8
1 3
12 15
7 10
3 5
2 3
5 10
6 14
13 14
5 11
5 13

13 71
4 7
1 5
7 10
8 12
5 7
4 12
1 7
5 10
3 11
3 7
4 5
4 8
4 6
3 8
7 13
1 10
1 3
3 5
2 11
8 11
3 13
5 11
6 10
5 12
8 9
1 2
2 12
6 7
2 4
2 8
2 10
6 8
9 10
3 12
3 6
4 9
9 12
10 13
1 11
4 11
2 13
4 13
6 13
3 9
2 7
1 12
10 11
6 11
5 6
9 13
8 13
11 13
2 3
6 12
7 11
5 9
1 13
1 6
5 13
10 12
7 8
7 9
4 10
2 5
2 9
3 10
1 9
2 6
7 12
12 13
3 4

23 246
1 4
1 14
15 23
7 9
5 22
3 20
11 13
19 21
5 13
9 16
16 21
2 8
10 21
17 23
4 21
2 12
13 19
5 10
8 12
8 15
9 14
1 5
8 14
2 11
13 21
8 22
4 6
18 21
11 17
4 8
2 19
7 10
1 19
13 16
3 9
4 11
4 9
11 21
7 23
16 18
8 9
5 7
3 4
3 5
9 15
7 8
1 10
7 14
3 10
12 20
17 19
6 18
7 18
5 17
10 12
9 21
1 23
1 8
5 11
7 12
3 19
9 18
1 18
7 19
5 21
11 12
10 18
11 18
2 9
1 21
13 18
9 10
9 17
5 20
3 12
14 23
1 3
8 20
2 16
2 23
5 12
9 22
3 13
19 22
21 23
4 14
3 8
12 15
5 14
6 9
21 22
8 18
15 19
2 5
18 22
2 3
1 13
7 22
9 23
17 22
2 18
19 20
3 14
3 6
15 18
6 8
12 16
16 23
3 21
7 15
10 22
10 23
6 10
2 13
4 12
12 22
14 20
14 15
11 20
5 9
15 16
20 23
2 14
8 16
1 15
14 16
8 10
3 17
4 10
4 22
8 11
10 20
5 16
7 20
9 20
1 22
7 17
8 21
1 9
10 11
6 16
20 22
2 17
16 19
17 20
8 13
14 22
6 11
10 16
14 18
7 21
2 15
1 6
17 21
2 21
14 19
10 14
12 23
10 15
13 20
9 13
6 15
11 22
1 7
13 14
4 13
4 7
1 11
3 16
12 17
1 20
6 23
2 20
18 19
6 7
6 20
5 8
11 16
2 10
11 14
5 15
18 20
7 16
10 17
1 12
4 19
4 18
8 19
8 23
9 12
7 11
15 17
12 19
17 18
4 5
3 22
6 22
10 19
3 18
1 16
5 23
4 17
2 4
12 13
16 20
16 17
18 23
11 15
2 6
3 7
15 22
5 19
4 15
6 13
1 17
5 18
6 17
1 2
14 17
13 22
3 23
16 22
22 23
5 6
2 7
13 17
14 21
11 19
4 20
13 15
11 23
15 20
4 23
9 11
19 23
12 21
6 14
15 21
12 14
6 19
3 15
13 23
4 16
8 17
7 13
9 19

11 54
8 10
2 11
1 4
3 10
1 8
3 11
3 7
8 11
6 7
2 5
1 3
10 11
1 7
7 9
7 10
2 9
3 9
7 8
5 11
5 10
4 8
3 8
6 11
1 6
3 4
2 4
1 5
4 11
2 10
9 11
2 3
6 8
1 9
1 10
5 6
4 9
3 6
5 9
4 10
1 2
6 10
6 9
5 8
5 7
4 7
2 7
4 5
3 5
8 9
7 11
4 6
9 10
1 11
2 8

23 249
10 18
9 12
10 22
5 16
2 11
15 17
13 22
11 20
15 22
11 15
18 19
7 8
12 13
18 21
7 21
13 16
4 17
11 12
3 10
18 22
1 10
8 10
3 20
2 22
1 7
10 17
7 17
6 13
2 6
14 17
7 20
5 10
17 22
6 17
20 23
4 23
2 13
16 19
5 18
3 15
7 18
12 21
1 6
16 22
4 20
16 23
15 23
16 21
11 21
1 23
10 23
6 21
5 11
2 20
18 23
6 20
7 14
1 13
6 12
5 7
1 20
2 18
5 13
15 18
4 9
2 3
7 11
4 6
5 12
6 19
2 14
7 22
3 19
12 15
1 21
2 12
16 20
8 19
14 19
17 20
1 5
8 23
10 20
4 22
2 15
11 16
6 7
9 13
3 5
2 19
4 11
14 22
15 16
14 15
7 16
2 7
11 19
17 19
1 4
5 22
4 12
14 23
3 4
1 22
3 6
11 18
8 21
6 16
13 20
22 23
9 21
21 22
19 20
9 23
7 13
14 16
4 21
12 23
2 5
5 20
3 8
13 14
7 19
3 9
8 16
4 8
3 17
7 9
3 11
6 22
11 22
17 18
10 19
9 16
9 17
5 15
9 11
3 13
9 15
4 15
7 10
10 11
2 21
6 9
20 21
11 14
7 15
12 18
4 10
8 15
18 20
3 7
1 8
2 16
13 18
1 17
5 9
10 15
7 23
2 9
19 22
19 21
5 14
13 21
10 12
16 17
12 19
20 22
1 3
2 4
17 23
8 9
6 18
6 8
6 10
8 12
3 14
12 20
2 8
21 23
15 19
10 14
4 7
5 8
9 19
1 16
5 19
9 20
1 18
4 19
17 21
5 23
10 13
4 14
9 22
6 14
15 20
2 23
11 17
3 21
16 18
14 21
4 18
2 17
9 10
5 21
1 19
8 20
12 17
9 14
19 23
7 12
3 12
10 16
1 12
1 14
10 21
3 16
13 23
4 5
4 13
8 14
13 19
8 17
9 18
1 9
8 18
12 16
4 16
1 11
8 11
13 15
3 22
3 18
8 13
1 15
6 11
1 2
11 23
12 14
14 20
6 23
5 6
2 10
14 18
6 15
3 23
5 17
12 22

20 190
1 8
19 20
16 20
5 13
7 18
13 15
10 19
2 8
8 17
5 10
1 12
3 4
3 12
1 16
4 14
13 18
6 9
7 16
2 13
11 17
18 19
14 16
3 19
6 15
9 17
12 13
14 15
9 19
4 12
1 7
4 11
15 19
9 16
2 9
5 9
6 8
6 20
9 12
15 20
10 12
1 17
14 18
10 14
14 19
3 17
6 7
3 15
4 17
16 18
2 6
1 9
2 14
17 19
12 17
1 14
5 20
5 16
7 20
9 10
7 13
17 20
16 19
1 18
8 19
7 8
3 11
6 14
3 5
3 10
2 19
4 5
1 11
13 19
12 19
16 17
3 8
13 16
2 15
4 6
5 6
2 16
9 13
2 7
1 5
10 17
8 20
3 14
6 16
14 20
3 9
2 4
15 18
6 19
3 13
5 18
14 17
15 17
10 11
2 3
1 19
10 13
13 14
7 9
8 12
2 5
3 20
1 10
11 18
2 17
5 19
6 11
10 15
6 17
15 16
11 20
11 16
12 15
12 16
13 20
4 18
5 12
9 14
3 6
7 14
11 15
5 17
8 15
9 15
6 13
1 4
8 13
3 7
7 10
11 13
11 14
6 10
2 20
4 15
2 12
2 11
5 15
1 3
10 18
12 18
6 18
10 16
12 14
1 2
9 11
8 10
3 16
2 10
18 20
8 9
8 11
7 17
4 8
8 14
8 16
4 16
6 12
8 18
1 20
3 18
7 15
4 7
7 19
11 19
4 19
4 13
9 18
7 12
4 20
5 7
5 8
13 17
4 10
1 15
1 6
5 11
11 12
5 14
4 9
10 20
17 18
12 20
1 13
9 20
7 11
2 18

22 225
10 19
5 11
5 13
15 21
8 18
10 22
3 17
1 18
1 16
4 15
13 21
9 17
12 14
19 21
9 21
13 22
5 16
4 9
14 19
13 16
1 10
8 13
7 10
1 3
3 4
10 18
10 15
18 20
1 2
10 13
12 20
10 16
11 16
5 19
14 15
2 3
4 14
12 19
15 16
11 20
15 22
16 18
9 10
4 22
4 12
2 7
9 22
16 17
8 19
3 11
7 20
9 13
17 19
10 12
14 21
4 10
3 5
18 22
6 19
1 9
2 11
17 20
11 22
1 21
3 6
6 13
16 19
5 8
16 21
17 18
4 11
2 18
18 19
9 19
13 14
13 19
3 22
4 8
5 12
9 15
8 21
4 13
12 18
4 6
7 14
14 20
8 16
5 6
9 11
5 9
15 17
6 12
2 20
3 15
2 6
3 8
2 17
13 15
1 7
1 17
7 15
8 17
4 21
1 11
5 17
4 17
6 22
10 20
12 22
12 21
7 21
8 20
8 11
18 21
7 16
6 17
3 14
1 22
1 14
7 9
3 7
4 16
5 7
16 20
3 13
1 19
1 12
2 10
3 16
17 21
11 17
21 22
12 16
3 12
9 16
5 10
20 22
6 16
2 8
2 4
3 19
19 22
10 17
6 7
15 20
8 10
5 14
3 20
2 16
9 12
13 20
13 18
17 22
11 14
11 13
4 5
2 5
6 18
10 21
2 13
4 20
10 11
8 15
4 7
1 20
9 20
1 6
1 13
7 17
2 21
7 8
8 9
2 9
3 21
19 20
7 11
7 13
11 12
7 22
6 10
3 9
6 11
2 22
11 15
1 4
6 15
7 19
6 14
8 14
10 14
2 19
9 18
14 17
6 9
6 21
4 18
7 18
3 18
13 17
2 14
7 12
12 15
4 19
2 12
6 8
11 19
12 13
20 21
1 5
15 19
11 18
6 20
9 14
11 21
5 22
15 18
1 8
16 22
5 15
8 12
14 16
8 22
5 20
2 15
14 22

22 231
13 16
4 14
3 14
9 21
2 11
16 20
5 14
4 6
15 18
3 16
5 12
5 22
1 10
6 22
8 20
1 3
3 5
5 18
7 20
13 21
13 15
6 7
4 11
12 16
2 17
2 14
2 16
5 9
9 10
17 18
9 19
4 13
4 12
10 17
13 17
11 12
2 13
16 18
2 12
7 8
4 20
7 13
4 9
8 17
11 21
6 8
3 13
4 10
11 17
5 10
6 12
10 21
4 16
1 20
14 16
4 17
8 13
1 22
10 20
21 22
16 17
5 8
14 21
2 7
7 16
6 17
12 21
19 20
1 9
3 18
15 22
6 13
1 4
1 2
6 15
7 18
1 17
5 11
7 15
3 9
6 11
9 14
3 20
9 18
16 22
2 4
9 12
10 11
2 5
5 13
20 22
14 17
12 15
15 20
12 22
12 13
15 21
1 6
15 19
3 6
12 19
15 17
18 20
12 20
2 21
9 22
1 12
13 18
8 11
12 14
5 7
13 22
16 19
11 20
7 14
4 18
3 15
2 15
12 17
2 19
14 19
6 20
6 21
4 5
6 14
7 10
4 21
5 19
10 13
7 22
1 19
1 5
13 19
11 19
5 16
3 4
11 14
2 3
15 16
11 13
19 22
13 14
2 20
9 20
7 19
8 22
7 21
8 9
1 13
4 22
17 19
10 14
11 16
1 15
2 22
10 12
5 15
6 18
5 21
14 22
4 8
11 15
2 8
3 11
9 11
1 11
2 9
4 19
8 10
10 18
8 18
18 21
6 9
8 15
2 18
8 14
4 7
12 18
5 20
20 21
8 12
1 8
7 9
8 16
4 15
8 21
1 7
18 22
9 16
13 20
5 17
2 6
3 22
11 18
10 22
10 19
1 21
17 20
6 19
1 18
1 16
18 19
14 20
9 15
6 16
11 22
7 12
7 17
14 15
6 10
19 21
16 21
8 19
17 22
3 7
3 12
9 17
3 10
10 16
17 21
1 14
9 13
7 11
14 18
3 8
3 19
3 17
2 10
3 21
10 15
5 6

21 206
11 16
5 11
15 20
3 5
5 18
2 12
7 19
12 21
4 7
17 20
12 20
5 21
3 17
1 15
2 17
6 16
2 19
4 17
13 14
5 20
2 21
9 17
20 21
4 5
3 4
11 14
18 19
7 8
3 15
13 18
10 13
18 21
17 19
1 18
14 15
7 15
2 3
6 19
10 18
10 21
1 14
13 15
12 15
8 9
6 17
14 18
15 19
10 19
4 21
9 11
1 13
2 10
17 18
12 18
9 21
9 15
11 18
4 18
1 7
4 15
3 13
6 8
8 11
7 18
10 16
6 11
4 10
6 13
8 14
14 17
3 6
19 21
3 12
8 16
5 19
3 20
11 21
1 2
7 12
5 7
7 20
8 10
7 21
5 13
2 8
1 6
2 6
2 16
3 18
4 19
1 3
16 19
8 18
4 14
3 8
2 18
5 14
14 19
7 17
5 10
2 14
7 13
17 21
6 12
3 14
12 17
8 17
16 18
15 16
5 6
6 10
15 17
2 20
6 15
7 16
10 12
9 18
4 6
13 20
2 5
5 16
1 8
9 12
10 14
6 21
16 20
18 20
4 8
1 4
13 19
1 12
2 13
12 19
1 21
12 16
3 7
12 13
14 21
9 10
1 5
3 16
3 11
2 7
2 4
5 9
9 13
11 13
9 20
10 17
1 20
10 15
13 17
9 19
15 18
1 19
1 10
13 21
15 21
6 20
11 12
4 13
4 9
7 9
8 21
11 19
8 20
1 9
4 11
9 14
6 14
6 9
14 20
4 16
1 16
5 8
11 15
4 20
8 12
7 11
3 21
6 7
10 11
11 17
2 15
1 11
8 15
5 17
9 16
3 10
19 20
1 17
3 19
11 20
14 16
2 11
7 14
6 18
12 14
13 16
3 9
5 15
2 9
7 10
5 12
10 20
8 13

13 73
3 6
2 4
12 13
3 12
1 5
5 10
5 13
4 5
7 9
10 13
2 6
4 9
4 12
3 4
8 12
2 9
6 11
2 11
5 8
3 11
3 10
3 13
5 11
11 12
9 13
7 12
7 8
10 11
1 10
6 9
9 12
6 8
5 7
1 13
8 13
1 11
1 7
1 3
2 5
4 13
6 7
5 6
4 10
1 4
1 6
2 8
8 9
1 12
1 2
4 8
8 11
9 11
5 12
6 13
7 13
4 7
8 10
2 3
3 7
1 8
2 13
6 10
9 10
3 9
2 12
4 11
2 7
3 5
2 10
3 8
5 9
7 10
1 9

12 66
10 12
2 3
4 11
1 6
11 12
8 11
8 12
1 9
2 10
1 5
7 8
4 5
6 9
7 9
8 10
3 6
4 9
1 11
1 3
2 4
8 9
3 4
2 6
4 7
3 12
1 12
3 10
7 11
2 12
5 12
6 8
1 8
10 11
1 4
5 10
7 10
6 7
9 10
2 5
6 11
2 7
6 12
3 7
3 8
2 9
4 6
4 10
4 8
5 9
5 11
1 10
7 12
5 7
1 7
3 9
5 8
4 12
6 10
5 6
9 12
3 5
1 2
2 8
3 11
9 11
2 11

20 189
5 7
3 8
3 20
5 6
2 8
6 10
5 13
11 18
7 16
3 16
15 17
11 14
4 12
4 9
4 7
13 20
1 15
19 20
8 11
8 15
2 14
3 18
2 9
16 17
7 10
12 18
1 8
1 17
17 18
2 7
16 19
10 13
4 13
13 15
9 12
10 18
6 17
4 19
7 8
5 19
8 12
4 10
17 19
8 17
6 9
9 14
11 13
1 5
14 20
8 20
9 19
2 17
10 16
7 17
1 11
1 13
3 13
9 18
4 20
2 6
5 20
14 19
3 9
6 18
8 9
9 16
12 16
14 16
7 15
15 16
4 5
5 11
5 15
7 19
4 14
6 19
15 18
5 18
4 8
8 16
10 14
7 20
3 19
13 16
5 14
10 12
1 12
10 17
7 12
7 14
7 18
6 14
6 8
10 15
2 16
11 19
1 4
9 20
9 13
4 11
13 18
2 12
1 16
11 15
15 20
8 10
6 11
9 17
14 17
5 9
3 15
1 18
6 16
9 15
5 10
12 13
13 17
2 19
18 20
3 5
5 8
3 7
13 14
8 19
15 19
3 14
3 12
10 11
9 10
1 3
8 14
18 19
2 15
2 4
12 19
9 11
12 14
11 17
4 15
6 15
17 20
1 6
1 19
1 14
2 20
2 18
4 18
2 11
7 9
6 20
16 20
3 11
14 18
8 13
12 20
1 2
13 19
11 12
10 20
8 18
6 12
5 16
2 10
3 10
12 15
3 6
2 13
4 6
16 18
11 20
1 9
4 16
14 15
7 13
2 5
6 13
11 16
5 12
2 3
1 20
10 19
3 4
12 17
4 17
6 7
7 11
1 7
3 17
5 17

18 152
1 17
1 3
11 16
14 18
6 15
11 13
1 13
2 17
7 12
7 14
6 10
1 14
3 17
6 14
13 17
6 13
5 8
4 16
12 15
4 5
1 8
8 12
9 11
3 4
3 12
7 18
1 15
3 7
6 7
8 17
3 10
11 14
6 16
3 18
6 11
8 15
10 11
2 12
3 15
3 16
13 14
3 5
7 13
7 15
2 6
5 15
10 15
6 8
1 18
8 14
7 16
2 5
2 3
1 4
13 16
5 17
2 10
15 18
3 6
4 14
11 12
6 18
2 8
8 11
6 12
4 15
12 13
9 16
2 14
7 11
11 18
6 17
2 16
14 17
4 13
6 9
1 12
2 11
5 6
1 6
12 18
15 16
8 13
2 13
11 15
1 11
12 16
9 12
7 10
10 13
9 18
11 17
2 7
9 15
5 14
4 9
2 15
16 17
2 4
2 18
5 18
3 11
1 9
5 12
10 18
8 18
7 8
1 5
8 9
7 17
3 9
3 14
4 7
2 9
4 18
4 8
1 10
8 10
5 10
9 17
12 17
13 15
1 2
5 9
10 17
4 6
10 12
4 17
16 18
8 16
5 11
1 7
10 14
4 12
15 17
13 18
3 8
4 10
5 13
9 13
5 7
3 13
14 16
9 14
12 14
5 16
1 16
4 11
17 18
10 16
7 9
9 10

17 134
1 17
7 16
14 16
4 16
1 12
10 11
3 10
4 6
7 13
12 14
7 12
6 12
8 9
8 10
6 7
9 13
3 9
4 15
4 9
13 16
2 10
2 15
2 7
8 13
8 11
5 17
8 17
5 9
9 14
4 11
15 16
2 9
3 6
12 13
6 11
13 15
13 14
12 16
2 5
7 8
5 16
2 4
3 8
11 17
8 15
6 10
2 6
1 6
5 10
4 8
11 13
4 10
1 11
2 8
8 16
5 15
9 12
4 12
13 17
1 13
1 15
1 10
1 2
5 7
5 11
9 11
6 14
6 17
9 16
3 17
4 13
1 5
16 17
14 17
5 6
6 9
3 13
7 10
7 9
2 11
11 14
10 16
4 17
11 12
1 7
1 16
6 13
4 5
3 16
1 14
7 14
11 16
2 17
6 8
14 15
7 15
1 9
7 11
1 4
3 5
4 14
2 12
2 14
5 13
3 11
12 17
2 13
10 14
3 4
3 14
8 12
4 7
15 17
2 16
5 14
11 15
10 15
10 13
5 8
1 3
9 15
10 17
3 12
6 15
9 10
8 14
6 16
3 7
2 3
5 12
12 15
10 12
1 8
7 17

13 74
6 9
10 13
4 8
1 11
6 11
2 9
4 10
8 12
7 13
8 9
7 9
2 10
10 12
4 12
4 13
6 12
6 13
1 12
3 12
1 7
2 11
11 12
3 13
5 6
4 6
10 11
5 10
6 8
1 13
11 13
4 11
3 9
6 7
1 10
5 13
2 8
1 5
2 3
3 8
7 10
1 4
9 12
7 12
2 13
8 13
4 9
1 8
7 11
8 10
9 11
3 5
2 6
3 4
1 3
3 11
5 12
9 10
5 11
12 13
3 10
9 13
4 5
1 6
5 7
1 2
4 7
5 9
2 4
3 6
1 9
7 8
2 5
6 10
5 8

23 246
12 23
8 16
4 21
13 21
5 11
20 22
14 18
10 12
4 7
11 20
10 21
12 13
4 12
3 12
9 12
5 22
11 17
8 17
4 6
1 11
6 17
19 23
12 17
7 13
3 8
13 23
15 19
1 14
12 22
7 22
5 21
3 22
8 9
3 20
5 9
3 10
1 7
2 6
8 22
11 23
4 10
6 7
15 18
1 3
17 21
16 18
3 6
9 10
4 20
20 21
1 12
3 18
9 20
5 7
18 19
7 10
9 23
2 22
2 3
4 18
15 22
6 15
7 17
1 5
14 22
13 16
1 10
16 17
1 23
7 9
8 12
14 20
3 9
1 18
13 14
11 12
3 16
6 19
7 18
1 9
11 21
1 4
8 23
8 11
1 15
3 23
21 23
11 13
17 23
7 20
9 16
7 19
14 15
2 4
13 19
2 9
5 6
6 11
5 13
8 14
2 13
5 10
17 18
16 23
13 20
9 18
15 21
5 16
4 15
6 12
3 14
4 17
22 23
2 17
18 21
2 16
4 11
6 22
11 16
14 21
14 23
13 18
10 14
9 19
4 16
9 17
12 16
8 13
4 19
17 20
3 5
3 21
21 22
15 23
2 23
2 10
10 22
3 13
1 21
3 4
8 20
15 20
16 22
10 20
1 20
17 22
7 21
6 16
12 18
6 9
12 15
11 15
10 17
2 5
7 23
13 15
7 15
12 20
2 11
6 8
2 18
9 14
10 13
13 22
7 16
16 19
5 18
18 22
2 14
9 11
7 12
9 15
1 2
10 18
4 5
1 6
14 16
7 8
1 17
1 8
19 21
11 22
14 17
9 13
4 22
19 22
2 15
3 17
15 17
12 14
10 15
16 20
2 20
12 21
16 21
1 13
11 14
19 20
5 23
8 21
9 22
20 23
5 14
17 19
5 20
9 21
2 21
12 19
4 13
4 14
4 23
8 18
1 16
2 8
8 19
11 18
3 15
5 8
14 19
2 12
18 23
6 21
6 14
18 20
4 9
5 19
5 15
11 19
10 19
4 8
8 15
6 10
5 12
10 11
15 16
7 11
3 7
6 18
6 23
8 10
10 16
2 7
13 17
1 22
6 13
10 23

18 146
8 18
16 17
10 12
12 17
9 14
3 11
2 9
8 13
2 5
6 18
3 16
4 8
2 15
6 17
11 13
4 5
12 18
9 12
6 14
1 10
6 9
12 13
13 18
8 9
5 11
2 3
1 3
2 10
1 4
7 15
6 7
6 16
3 8
1 9
7 12
5 9
2 17
11 14
14 18
4 13
2 7
9 10
15 17
9 16
3 4
7 16
11 12
11 15
4 15
1 5
6 10
7 17
10 18
13 17
9 13
4 12
5 14
8 14
15 18
6 15
3 12
6 8
3 15
7 14
6 12
4 9
2 16
3 10
1 8
4 18
8 16
1 16
11 17
3 9
1 2
1 17
14 16
10 14
10 11
11 18
5 15
2 11
1 14
16 18
1 6
8 10
7 10
6 13
4 17
4 14
13 15
4 10
7 11
2 4
5 7
5 17
9 18
10 16
5 6
10 13
17 18
9 15
1 11
5 13
4 16
14 17
1 15
3 7
3 6
3 17
1 12
8 17
3 14
1 18
6 11
9 17
3 13
14 15
13 14
2 8
1 13
12 14
5 18
8 15
5 10
7 8
2 13
11 16
4 11
9 11
5 8
10 17
2 18
7 9
5 12
4 7
2 12
5 16
7 13
2 14
2 6
4 6
8 11
8 12
3 18
1 7

19 171
3 13
8 17
14 18
5 16
3 18
9 10
5 18
4 10
5 7
6 13
11 12
12 19
5 11
1 7
13 16
3 15
15 17
3 17
12 17
5 15
16 19
4 8
2 19
3 16
16 18
1 5
11 13
14 16
11 14
4 13
1 19
8 19
17 19
3 10
3 11
5 12
4 15
7 13
15 16
10 18
9 17
1 9
3 19
1 14
2 15
9 15
10 14
4 12
2 3
12 14
7 18
6 9
3 14
1 17
1 3
14 17
9 16
14 19
1 4
7 8
7 19
8 12
10 17
6 7
5 17
6 11
1 12
8 15
11 16
18 19
11 18
2 18
4 16
13 19
13 18
7 9
9 13
4 6
1 11
1 16
1 13
9 14
6 19
5 13
7 10
2 16
7 11
2 10
2 9
5 8
2 12
8 11
4 17
6 14
2 14
1 10
1 15
5 9
4 5
7 12
10 16
2 17
6 18
6 10
11 15
2 4
12 18
1 6
3 4
9 11
2 13
4 18
7 14
7 17
4 11
2 11
10 13
11 17
8 10
10 11
9 18
1 2
13 14
15 19
6 12
10 19
1 8
14 15
10 15
17 18
10 12
7 16
8 9
3 8
5 10
12 16
6 16
2 5
1 18
3 12
8 13
12 13
9 19
4 9
2 8
13 15
8 18
11 19
8 14
7 15
15 18
6 8
6 17
3 9
5 14
3 5
5 6
12 15
3 6
4 14
4 7
2 7
3 7
5 19
6 15
4 19
2 6
16 17
13 17
8 16
9 12

23 247
7 10
2 11
1 23
13 15
5 20
1 22
12 17
1 19
16 20
7 13
7 19
5 15
8 17
2 21
5 13
3 7
5 11
5 19
16 18
1 4
4 7
3 4
13 20
6 10
7 17
17 21
19 22
8 16
9 18
1 11
9 12
2 3
6 9
1 16
3 14
16 22
6 18
21 23
2 5
1 2
18 22
16 23
1 20
4 11
7 21
2 15
14 16
2 6
11 14
13 17
3 12
6 17
8 11
6 16
13 21
17 19
5 18
2 14
6 8
18 21
10 17
9 20
11 15
7 9
4 16
13 14
4 9
9 11
12 21
9 16
2 18
11 17
4 8
21 22
13 16
2 8
15 16
4 14
3 22
12 15
12 14
7 8
9 23
12 23
14 19
14 17
3 21
14 22
8 12
10 14
7 14
14 21
20 23
3 15
1 9
13 22
4 17
6 15
1 14
17 18
4 21
8 13
10 15
18 23
8 20
10 23
5 22
11 21
17 22
13 23
3 16
5 6
8 14
5 12
10 18
10 22
3 23
5 21
9 10
12 18
4 18
22 23
15 21
15 18
9 13
3 11
11 18
3 9
2 22
17 23
2 13
2 20
5 23
6 19
2 12
6 13
6 23
12 20
6 14
9 14
5 7
18 20
7 15
10 19
16 21
1 18
7 23
13 19
13 18
18 19
6 22
14 23
8 15
4 13
12 19
9 21
4 5
7 22
3 13
8 23
1 13
10 21
7 16
4 20
1 3
12 13
2 23
2 16
10 13
3 18
7 12
15 19
6 21
6 7
6 11
8 18
4 23
3 20
3 17
2 17
15 23
8 19
1 5
10 20
15 20
5 14
5 8
1 8
11 20
5 17
20 22
17 20
9 15
5 16
9 19
12 22
15 22
9 17
8 9
1 6
10 11
19 21
11 23
16 19
3 19
2 19
12 16
2 9
4 12
8 21
7 20
7 11
1 15
14 18
1 12
5 10
11 22
1 10
3 10
3 6
6 12
19 20
4 22
9 22
11 16
5 9
2 4
2 10
14 20
7 18
14 15
11 13
4 10
10 12
1 7
19 23
4 19
4 15
15 17
4 6
10 16
11 12
8 10
3 8
16 17
1 21
6 20

23 248
8 16
14 22
5 7
1 12
2 19
5 9
4 16
4 5
14 20
1 20
1 7
19 22
15 16
15 20
8 17
18 22
5 19
2 15
5 8
1 18
14 21
15 18
18 20
14 18
9 10
6 8
9 20
6 18
5 6
3 14
3 11
7 12
12 21
1 14
10 13
3 23
12 13
4 13
5 23
4 20
17 21
13 16
14 16
7 23
16 23
9 11
16 18
1 8
14 17
16 17
3 5
4 9
11 15
17 20
8 13
10 20
20 22
8 15
2 20
6 20
1 21
15 23
5 10
10 22
13 17
11 20
18 19
12 14
7 20
8 18
6 16
7 11
11 22
8 9
12 15
10 12
3 9
4 17
8 11
6 19
9 21
7 19
21 23
5 15
2 9
6 10
3 16
4 22
13 14
15 19
8 19
9 16
3 17
2 12
4 10
7 9
9 14
10 18
5 16
1 10
11 17
8 21
1 11
2 14
15 17
4 15
21 22
12 23
4 21
16 19
5 22
16 21
19 21
4 23
6 15
1 15
6 21
11 19
7 15
1 17
2 7
9 12
10 15
2 8
12 17
6 12
14 15
7 10
12 18
15 21
6 17
5 18
4 12
20 23
3 15
3 8
10 23
18 23
11 16
14 19
17 18
8 23
9 13
4 8
11 18
6 22
1 6
3 18
4 11
2 17
9 23
12 16
5 13
10 17
9 17
12 22
6 9
8 14
11 14
1 2
3 22
2 6
1 22
8 10
8 12
13 21
3 6
5 14
9 19
3 19
14 23
4 14
11 23
17 19
2 16
7 22
2 11
7 17
11 21
10 16
9 18
1 3
2 21
3 13
3 20
16 22
3 21
5 17
17 22
11 13
8 20
19 20
7 18
2 4
1 23
22 23
6 23
10 19
1 4
2 13
12 20
2 18
1 16
3 10
13 22
2 5
13 20
3 12
2 23
1 5
4 18
6 13
7 16
7 14
8 22
5 12
17 23
16 20
7 13
1 19
6 7
19 23
2 22
9 22
10 14
3 7
18 21
10 11
13 19
13 23
4 6
1 13
7 8
6 11
13 15
5 11
4 19
7 21
13 18
5 20
1 9
5 21
2 3
12 19
10 21
6 14
4 7
20 21

19 170
2 13
4 7
3 6
14 19
8 18
13 17
10 19
5 13
2 5
4 19
3 8
8 15
2 11
3 17
7 11
3 12
12 16
5 16
6 16
6 12
10 14
16 18
9 11
12 13
4 15
11 19
4 10
6 9
7 9
1 5
8 19
6 18
10 17
8 10
7 19
4 13
3 7
1 9
2 4
14 17
7 10
4 6
3 18
9 15
4 16
6 7
8 17
7 18
7 17
14 18
18 19
5 12
11 14
4 9
13 14
12 19
16 19
17 18
1 18
3 19
9 12
12 18
3 13
15 19
14 15
4 18
6 11
10 15
3 11
15 18
8 9
8 12
4 5
3 10
2 18
1 4
1 16
5 18
7 16
10 11
13 15
5 14
15 16
9 14
2 19
8 14
1 17
7 8
6 15
12 14
6 8
13 16
4 8
1 3
2 9
6 17
6 10
9 16
3 15
11 13
6 14
10 18
1 14
7 14
7 12
2 14
5 9
15 17
7 15
1 2
1 13
1 11
9 19
5 15
8 13
4 14
3 14
9 13
4 12
3 9
1 12
8 16
6 19
10 13
8 11
1 6
11 16
2 10
7 13
3 16
4 17
5 7
9 17
1 10
5 17
2 7
5 11
10 16
12 15
1 7
14 16
2 6
11 18
9 18
1 19
11 15
9 10
16 17
1 8
1 15
11 17
5 6
6 13
11 12
2 17
2 12
13 18
3 5
2 15
13 19
17 19
3 4
5 8
4 11
2 8
12 17
2 16
5 10
5 19
2 3

13 72
11 12
11 13
3 13
6 8
3 11
7 10
9 10
7 13
1 11
5 9
3 4
4 6
6 7
2 4
1 12
9 13
5 8
8 13
1 5
8 10
8 12
3 12
6 11
10 12
4 10
5 10
5 13
2 5
4 12
9 11
2 10
7 8
3 9
4 11
4 7
2 3
8 9
2 6
7 12
5 11
9 12
5 12
2 7
10 13
5 7
7 11
1 2
1 10
2 9
8 11
4 5
1 7
3 8
4 13
4 9
6 9
12 13
1 9
3 10
1 4
6 13
3 6
4 8
6 12
3 5
1 13
2 11
2 8
3 7
7 9
2 12
1 8

13 73
6 7
1 10
9 11
2 8
5 11
9 10
6 11
3 6
6 13
1 12
4 6
9 13
4 11
5 6
4 5
7 11
3 10
5 12
1 6
5 13
11 12
4 13
2 9
10 13
3 8
3 11
4 12
6 8
4 9
6 10
8 12
1 5
2 4
2 12
7 9
7 8
7 13
10 11
7 10
2 6
1 13
8 13
3 7
8 9
1 4
7 12
8 10
4 7
9 12
2 10
4 8
3 4
3 5
2 13
5 9
1 2
6 12
3 13
2 5
3 9
3 12
10 12
1 8
2 7
2 11
8 11
5 8
1 9
4 10
5 10
11 13
1 3
5 7

21 210
20 21
12 13
3 17
4 10
12 17
4 16
1 14
16 18
7 19
4 17
7 13
9 12
8 17
16 17
8 12
10 14
10 17
14 17
11 14
2 14
18 21
6 15
1 16
10 18
2 6
1 21
11 12
5 20
12 15
9 16
9 10
1 3
2 15
4 20
6 21
13 15
4 6
11 17
13 14
3 4
11 20
2 19
2 16
8 20
12 16
5 15
7 9
14 16
8 11
6 10
3 5
7 17
15 21
9 13
5 10
10 11
14 15
2 5
6 18
8 18
1 15
17 19
11 16
6 12
4 21
3 13
4 13
5 21
1 4
6 11
2 13
5 11
7 12
2 7
4 18
17 18
13 21
8 16
2 18
13 19
3 7
3 9
3 8
11 15
4 9
7 11
2 17
10 21
12 19
5 19
1 12
15 16
16 19
9 14
1 11
7 15
2 3
5 12
15 20
7 14
3 16
11 13
9 19
5 7
2 9
5 9
6 19
6 9
10 15
2 11
3 20
4 19
1 17
6 13
6 8
1 20
5 13
13 18
9 18
16 21
7 8
4 5
18 19
1 5
15 17
2 4
3 10
19 20
4 14
3 11
5 8
9 21
2 8
10 19
3 14
1 10
14 19
3 12
2 20
3 18
3 15
3 6
3 21
12 21
4 12
6 16
10 16
1 6
11 21
1 19
11 19
13 16
5 17
14 18
1 8
11 18
8 10
5 14
6 20
14 21
17 20
10 20
3 19
19 21
15 18
2 10
6 7
4 15
2 21
9 11
8 19
12 20
7 16
1 18
13 20
5 18
12 18
1 7
2 12
14 20
13 17
15 19
1 13
8 15
7 21
9 17
6 17
8 21
16 20
6 14
1 9
10 13
4 8
4 11
5 6
17 21
7 10
12 14
10 12
9 20
4 7
8 9
5 16
9 15
7 20
8 14
18 20
7 18
8 13
1 2

23 247
11 18
5 14
12 16
9 12
11 22
4 8
8 18
16 22
1 18
5 17
11 13
14 23
1 3
7 11
5 9
8 20
10 15
5 11
4 21
3 23
4 18
2 20
21 22
6 17
4 22
5 6
5 8
2 4
12 15
6 10
13 18
17 20
7 15
8 11
19 23
3 12
14 17
2 7
18 19
15 17
8 17
3 16
16 21
2 12
16 17
11 12
4 13
4 15
3 15
14 20
10 11
1 17
5 21
1 21
13 22
8 19
2 19
1 23
5 19
4 7
12 19
19 21
9 19
1 15
4 19
1 6
6 13
7 20
11 14
5 10
7 16
2 6
1 4
1 11
4 16
16 20
6 16
3 13
8 15
13 20
11 17
14 16
6 18
6 14
13 21
7 19
10 22
9 17
3 7
1 2
17 23
20 23
12 18
12 20
5 7
15 21
20 21
16 23
5 20
7 21
3 4
2 13
1 7
1 10
7 23
1 9
1 19
11 16
13 17
18 21
11 15
8 13
9 23
6 7
11 19
2 14
4 5
10 13
6 23
3 18
4 10
18 23
11 20
10 16
17 21
4 9
3 9
9 15
15 23
1 20
7 10
15 20
4 6
6 20
2 10
2 16
2 17
10 12
13 23
19 20
10 14
3 5
5 15
4 17
6 19
3 20
15 19
13 14
3 11
20 22
9 10
1 22
8 21
18 22
22 23
8 9
7 9
5 13
10 21
2 22
1 8
11 21
13 19
6 21
14 22
7 8
4 20
10 19
5 16
5 23
10 17
12 23
9 13
15 18
8 12
17 18
10 18
8 10
11 23
14 19
9 22
1 14
14 21
2 21
9 21
3 10
8 14
21 23
6 8
1 5
13 16
2 15
1 16
16 19
10 23
7 13
4 14
2 3
7 14
7 22
1 12
19 22
7 18
3 8
2 9
6 9
15 16
9 14
1 13
18 20
8 16
5 12
6 11
8 22
4 23
2 5
2 11
3 21
6 12
8 23
10 20
17 22
6 22
14 15
2 18
12 14
4 12
5 22
12 22
15 22
4 11
13 15
9 11
9 20
14 18
7 12
12 17
3 22
3 14
9 16
16 18
12 13
3 17
9 18
5 18
12 21
3 19

12 60
7 9
6 8
7 11
4 8
2 11
2 9
6 9
9 12
4 12
5 9
8 9
7 8
7 10
4 6
8 12
3 5
1 11
2 10
4 9
6 12
4 5
3 12
5 6
5 10
3 7
3 9
1 3
6 10
8 10
2 3
2 5
7 12
3 4
5 8
2 7
6 11
3 8
1 12
1 10
4 7
1 7
1 8
10 12
1 4
10 11
2 12
1 6
9 11
4 10
8 11
6 7
2 6
5 7
11 12
1 2
3 11
1 5
3 10
1 9
5 12

18 153
3 4
6 16
12 18
17 18
7 14
9 15
9 17
8 10
3 6
3 9
13 17
3 14
2 14
10 12
2 18
1 18
10 14
16 18
4 16
9 11
9 16
1 7
11 12
14 16
15 17
6 18
4 6
3 13
2 9
2 16
4 18
8 12
11 13
12 15
11 18
4 8
4 5
10 15
14 17
2 10
2 8
6 9
13 14
5 13
7 17
7 10
1 10
11 15
5 15
1 17
4 13
10 11
2 4
4 10
7 8
6 14
7 18
12 13
14 15
1 9
7 12
6 10
13 18
3 12
7 11
12 17
2 12
6 13
8 17
9 12
8 14
9 13
6 17
6 15
7 15
16 17
3 18
3 16
1 8
4 9
2 11
6 11
1 3
2 7
6 12
2 15
11 16
14 18
4 17
1 13
8 16
5 16
10 17
5 17
3 15
1 5
5 9
5 14
4 12
8 18
8 11
5 10
8 13
9 14
1 16
11 14
10 18
5 12
13 15
1 15
5 7
15 18
3 8
4 15
15 16
1 6
12 16
7 9
11 17
8 15
1 12
1 14
6 8
2 13
3 11
4 14
8 9
12 14
5 8
10 13
7 16
6 7
3 5
5 11
7 13
10 16
2 3
2 17
4 11
5 18
4 7
9 10
1 11
2 6
3 17
3 7
2 5
1 2
9 18
5 6
1 4
13 16
3 10

16 115
9 15
9 14
7 16
11 16
11 15
12 14
10 13
4 10
2 9
3 10
4 6
5 7
1 7
6 8
2 4
6 14
11 12
4 7
4 8
10 11
1 14
5 13
6 7
8 13
7 10
8 15
5 8
9 10
12 13
3 12
4 16
8 9
1 3
1 10
2 12
5 10
1 12
5 16
7 11
5 11
1 13
3 9
5 12
11 13
10 14
8 11
3 16
3 13
4 14
2 6
11 14
10 16
2 7
1 8
12 16
14 15
6 10
1 2
6 12
9 13
1 9
2 14
6 13
7 8
2 8
1 5
1 6
10 12
3 7
6 11
12 15
13 14
15 16
6 16
2 5
3 6
13 15
3 14
10 15
1 16
5 14
2 16
1 11
6 9
7 13
5 9
3 8
7 14
4 12
14 16
3 11
4 11
4 5
2 10
4 13
3 4
6 15
1 15
1 4
7 9
8 16
9 12
7 12
8 10
7 15
2 11
3 5
8 12
5 6
2 13
4 9
5 15
3 15
13 16
9 11

20 183
6 12
7 14
11 16
6 20
9 15
3 11
9 14
10 11
5 15
1 7
15 18
3 13
2 12
4 18
10 18
3 5
9 18
10 14
1 20
18 19
1 2
1 12
7 19
15 16
2 10
4 17
11 17
4 11
8 20
1 19
6 15
3 10
6 13
12 15
12 14
8 19
1 3
14 18
9 13
1 17
8 9
3 19
5 17
13 18
1 18
4 6
8 16
13 17
15 17
6 16
3 4
11 20
1 15
11 12
3 8
5 14
1 9
6 9
17 18
3 9
3 17
6 7
4 10
16 17
2 5
9 11
15 19
2 7
4 5
1 5
1 16
6 18
16 18
10 15
2 9
1 14
3 18
12 20
13 14
11 15
3 6
8 14
7 10
6 19
7 13
4 9
9 16
8 12
5 20
4 8
10 13
1 8
10 17
2 6
11 19
5 19
9 17
7 20
5 11
10 20
3 15
12 16
19 20
1 4
8 15
7 17
7 8
6 14
4 19
7 15
4 14
4 20
15 20
8 10
13 20
16 19
2 14
13 15
3 7
17 20
4 7
10 16
7 16
8 13
1 10
6 8
7 18
12 18
2 3
7 11
8 11
14 15
8 18
7 9
8 17
4 16
12 13
11 18
5 9
4 12
4 15
3 16
2 18
7 12
13 16
10 19
9 19
9 10
11 13
3 20
12 17
11 14
14 19
2 11
2 13
3 14
6 11
18 20
10 12
5 12
1 11
2 4
17 19
2 19
5 16
6 17
2 16
1 13
9 20
6 10
5 13
3 12
1 6
2 20
5 18
2 15
2 17
16 20
13 19
14 16
5 8
9 12
5 10

22 226
15 20
3 10
7 16
14 17
6 17
11 22
3 17
1 15
10 13
5 13
4 9
8 22
7 12
6 19
7 14
9 18
2 4
4 5
5 21
5 22
6 15
1 5
8 18
13 17
12 14
11 14
12 18
10 16
13 21
3 21
2 21
7 17
4 18
7 20
9 13
2 10
1 22
3 6
1 18
11 20
7 18
11 12
10 18
6 22
1 4
2 18
14 19
11 13
5 6
8 19
11 19
10 12
5 14
17 18
19 20
13 19
2 9
16 21
11 18
4 12
8 13
1 3
13 15
3 20
2 3
7 8
4 19
4 17
12 22
2 6
3 22
2 14
10 14
8 17
7 13
9 12
5 12
15 21
1 6
1 17
7 15
4 11
13 16
10 11
6 20
3 4
17 21
5 15
2 13
2 17
14 16
8 9
9 17
12 19
4 22
17 22
2 8
11 16
16 19
4 6
12 21
5 18
12 15
3 14
13 14
4 10
15 22
3 7
18 20
15 18
2 7
6 9
4 13
17 20
2 22
3 11
6 10
4 16
11 21
4 21
9 19
6 11
10 21
19 21
9 15
13 18
8 10
5 10
5 16
6 12
21 22
17 19
5 17
1 14
3 12
3 8
9 10
9 22
1 2
3 15
7 11
6 21
6 13
10 19
11 15
5 11
4 7
12 16
15 19
7 9
8 21
9 21
6 16
5 8
9 20
5 19
9 14
5 20
18 19
14 22
1 19
11 17
2 16
5 9
2 20
2 12
18 22
14 15
7 19
14 20
8 20
6 7
3 13
1 7
12 17
16 22
8 12
10 17
1 13
5 7
4 20
1 12
4 15
1 20
1 21
15 17
7 10
1 9
8 11
1 10
9 11
7 21
2 15
1 11
14 21
10 22
8 14
2 5
2 11
3 5
2 19
20 22
3 9
4 14
1 16
14 18
7 22
6 8
16 17
10 15
15 16
8 15
13 20
3 18
19 22
12 13
3 16
3 19
1 8
16 18
16 20
4 8
6 18
6 14
12 20
10 20

24 271
13 17
19 22
9 20
2 22
11 24
9 10
6 24
7 20
11 15
13 14
2 6
1 8
9 15
16 18
15 21
12 18
3 18
9 22
6 8
2 5
8 23
18 22
4 14
19 24
3 24
11 18
3 13
11 17
6 17
3 9
23 24
16 22
5 22
8 22
8 14
21 22
3 15
2 14
1 9
1 3
2 24
19 23
22 23
16 23
6 13
14 18
12 23
11 19
6 22
8 12
5 6
3 16
3 6
8 9
10 11
15 17
1 23
14 19
3 8
6 12
18 20
5 9
5 18
6 11
5 24
6 18
4 16
4 21
14 23
12 22
5 15
7 13
13 19
1 21
9 14
7 18
4 18
9 11
13 15
5 21
7 15
9 23
11 20
7 12
15 24
18 23
3 4
2 8
7 11
5 23
12 13
13 24
18 21
3 5
2 17
8 19
13 21
11 13
10 15
9 19
6 14
6 19
11 12
9 18
20 23
2 3
2 19
5 17
10 14
7 22
1 7
5 19
17 24
9 17
2 11
2 4
3 10
11 23
15 23
1 4
3 19
2 13
7 14
11 14
2 7
9 12
17 23
4 23
12 16
8 15
14 20
6 16
16 24
6 21
15 19
13 23
13 22
12 24
3 7
17 20
16 20
5 7
10 16
10 17
6 20
14 15
1 13
2 20
12 20
17 18
5 8
20 22
7 10
2 16
2 12
3 20
1 17
4 6
2 23
5 11
12 15
2 15
5 10
7 19
14 21
1 5
1 10
6 15
20 24
4 19
22 24
4 24
8 21
6 23
10 21
9 13
3 22
18 19
15 22
8 20
1 20
6 7
1 12
15 18
10 20
14 16
8 11
1 15
4 22
10 18
14 22
17 19
16 21
3 11
5 12
2 10
1 6
13 16
4 11
11 16
1 2
10 19
4 5
9 21
3 21
19 20
7 24
20 21
5 13
3 23
11 22
8 17
4 20
4 10
8 10
1 16
3 17
13 20
7 21
21 23
4 12
17 21
11 21
4 9
7 17
4 7
1 24
13 18
8 16
9 24
4 17
12 21
1 14
10 13
17 22
15 20
5 14
6 10
7 8
7 23
7 16
1 11
4 13
12 17
10 23
3 14
19 21
10 22
2 21
1 18
5 20
8 13
2 18
14 17
9 16
18 24
1 22
21 24
12 14
5 16
3 12
15 16
10 12
8 24
7 9
2 9
14 24
16 19
8 18
12 19
6 9

12 62
9 11
1 4
1 12
1 11
11 12
2 4
10 12
4 8
1 8
8 9
6 7
4 12
7 8
7 9
1 10
3 5
8 12
2 11
10 11
2 7
8 10
9 12
9 10
3 9
3 4
6 11
2 9
6 10
3 6
7 12
1 7
5 11
4 6
5 7
2 3
6 8
3 11
3 12
2 10
6 12
1 6
5 8
5 6
1 5
4 7
7 11
6 9
3 7
2 6
7 10
1 2
4 10
2 5
5 9
3 8
8 11
5 12
4 11
2 12
5 10
1 9
4 9

14 84
3 14
9 11
5 12
5 7
4 13
8 11
1 14
1 6
1 10
6 14
2 7
3 4
1 13
6 12
2 4
10 12
10 11
8 13
7 10
1 7
1 12
4 7
2 10
5 8
1 3
8 9
7 14
1 8
2 6
7 11
3 7
4 9
5 14
6 11
9 10
7 9
12 14
5 11
3 12
5 13
1 4
11 12
11 14
4 8
2 14
1 9
7 8
6 13
4 6
8 12
2 8
6 10
8 14
10 13
7 12
3 10
6 8
10 14
5 9
9 12
2 11
1 5
12 13
5 6
3 8
2 9
6 7
3 11
9 14
8 10
3 5
4 11
2 13
1 2
9 13
4 5
6 9
2 12
4 14
4 10
3 6
3 13
11 13
2 3

23 251
6 23
3 6
1 19
8 14
2 12
5 22
3 11
1 15
1 16
10 17
13 21
9 10
8 19
15 23
2 4
2 18
13 23
21 22
12 15
3 21
14 19
11 19
7 21
5 8
2 17
5 7
2 21
7 17
7 23
5 10
14 15
12 21
11 21
8 9
4 6
1 6
2 22
3 8
5 13
7 12
17 23
9 14
12 20
11 17
8 22
3 12
15 18
17 18
3 22
19 23
15 16
12 13
6 8
14 22
2 10
7 8
6 19
4 15
6 21
6 15
3 4
10 13
1 18
3 18
20 22
1 5
2 13
8 13
6 20
12 22
7 20
16 19
3 20
16 21
4 19
5 14
8 20
13 15
1 20
7 18
8 16
16 18
18 19
8 12
15 19
16 23
11 12
9 21
4 7
4 21
2 19
9 15
18 22
15 17
10 20
2 8
4 17
22 23
4 20
10 15
3 15
12 14
6 18
4 13
1 9
5 21
3 13
1 10
4 10
9 16
10 22
17 22
11 16
16 17
1 4
3 14
2 9
1 11
8 21
4 14
14 16
5 15
2 5
13 17
6 13
3 19
9 12
2 23
15 21
4 23
7 10
19 21
8 18
9 18
9 13
4 18
5 18
4 16
4 5
1 12
15 22
6 16
1 22
2 15
1 2
3 10
7 13
10 23
13 16
10 18
16 20
8 10
10 19
2 14
3 5
17 20
1 7
4 11
8 15
2 7
2 6
17 19
1 14
7 22
1 3
5 23
13 19
6 10
6 9
6 12
3 23
5 12
11 13
10 21
12 18
9 11
10 12
10 16
9 20
18 23
19 20
14 21
11 14
1 23
21 23
2 3
12 17
18 20
13 14
4 9
2 20
7 15
18 21
15 20
12 16
6 11
6 14
1 13
5 16
5 17
9 23
3 9
13 20
3 16
7 16
1 17
13 18
12 19
12 23
10 11
8 23
20 21
3 7
11 23
8 11
5 9
9 19
5 11
11 15
16 22
9 17
14 17
3 17
6 17
6 22
5 19
20 23
6 7
10 14
5 20
13 22
1 21
11 18
4 8
4 12
7 19
2 11
4 22
14 18
14 20
19 22
7 14
11 20
11 22
1 8
17 21
7 9
5 6
14 23
2 16
8 17

17 132
1 17
6 12
6 13
6 10
12 13
7 13
2 13
2 3
7 10
3 13
3 8
10 15
2 9
11 15
1 3
7 14
14 15
7 16
13 14
2 6
2 15
8 10
1 8
12 17
3 15
5 14
1 5
11 13
3 6
6 9
6 17
9 16
4 15
6 15
3 10
7 12
1 16
2 16
2 4
9 15
2 17
7 8
2 8
3 17
1 9
9 10
12 15
12 16
6 7
3 14
10 16
10 14
8 16
9 13
13 16
3 5
8 17
1 10
9 12
7 11
8 12
5 16
12 14
1 2
7 9
4 9
5 11
5 7
4 13
2 14
5 10
8 14
5 12
5 13
5 9
9 14
11 14
8 11
1 12
1 6
8 15
6 8
5 17
1 4
16 17
6 16
10 12
4 8
4 12
4 7
5 8
10 17
13 17
4 5
2 12
11 12
3 11
14 16
1 7
1 14
5 6
6 11
9 17
1 11
3 16
3 12
5 15
10 11
4 17
2 7
8 13
15 17
6 14
2 11
2 5
11 17
15 16
2 10
4 16
7 15
3 7
8 9
4 10
3 9
4 14
14 17
9 11
7 17
10 13
3 4
4 11
11 16

20 187
13 16
14 17
8 9
15 17
1 2
3 16
8 18
5 13
8 11
7 19
5 14
17 20
5 15
15 18
4 16
1 8
1 14
6 16
4 15
7 11
8 15
10 20
7 12
12 18
5 10
3 19
2 5
15 16
15 20
1 13
15 19
2 20
4 20
4 6
2 17
9 18
3 4
9 15
8 16
11 15
17 18
6 7
13 15
1 5
5 19
2 18
9 12
2 11
10 19
3 7
5 8
11 20
4 11
12 19
8 12
9 13
1 9
14 15
4 10
9 10
16 17
1 6
1 19
11 13
1 7
13 17
11 17
10 11
7 18
10 16
12 16
8 13
5 9
1 16
7 14
6 8
12 14
5 6
6 10
5 20
5 17
4 14
13 20
9 19
5 12
14 16
9 11
2 3
7 20
3 18
1 18
9 16
19 20
10 17
2 7
4 18
6 12
3 9
1 3
1 15
2 15
3 20
14 20
6 13
3 11
1 4
6 15
8 20
5 11
11 18
6 9
2 10
16 20
6 20
11 14
4 12
8 10
16 18
7 17
9 17
6 18
7 8
7 10
16 19
7 13
13 14
2 13
5 7
6 11
18 20
12 20
3 5
10 15
6 17
11 19
4 7
2 4
4 5
3 17
2 16
18 19
10 13
7 9
13 19
12 15
9 14
11 16
1 20
6 14
2 8
3 14
1 17
3 10
10 18
4 13
14 19
14 18
5 16
4 8
12 17
11 12
8 19
2 14
2 19
17 19
3 12
10 14
12 13
6 19
2 6
2 12
4 17
7 15
3 15
8 14
10 12
1 12
1 10
3 6
5 18
1 11
3 8
9 20
4 19
8 17
2 9
3 13

15 102
2 3
7 8
4 7
7 10
4 8
3 5
6 9
8 11
6 15
5 9
4 15
2 10
4 13
4 9
3 8
2 14
9 10
4 5
2 12
3 11
1 12
2 7
1 8
5 14
1 4
10 15
6 11
6 13
7 13
1 2
4 12
12 15
7 15
2 6
7 11
4 6
5 13
5 10
1 7
1 11
5 6
12 13
3 12
2 4
3 13
11 13
1 6
1 10
3 14
9 13
6 14
3 7
7 12
9 14
2 13
2 11
5 11
13 14
12 14
9 12
5 12
11 14
3 4
7 14
2 15
8 9
6 12
13 15
3 6
2 8
10 11
4 14
5 8
3 15
8 14
8 10
2 5
1 9
14 15
8 13
2 9
3 10
1 15
11 12
5 7
1 3
1 13
9 15
8 12
4 10
10 13
11 15
1 14
4 11
5 15
6 10
10 14
1 5
3 9
10 12
6 7
8 15

12 66
5 9
4 12
1 8
7 8
2 12
4 6
7 11
10 12
7 9
4 11
2 11
2 3
3 11
8 9
3 4
8 11
3 5
2 10
3 8
3 7
8 12
8 10
5 6
2 4
9 11
3 9
5 11
1 11
1 3
5 7
9 10
5 8
6 9
2 9
7 10
2 7
3 12
4 9
6 8
4 8
5 12
4 10
1 10
6 12
1 5
1 2
2 6
10 11
1 9
3 6
4 5
7 12
2 8
1 6
2 5
6 11
9 12
3 10
1 7
1 4
6 7
5 10
1 12
11 12
6 10
4 7

18 151
11 14
7 14
4 10
10 17
13 16
6 7
2 7
10 15
11 16
6 8
15 18
4 9
4 14
7 11
1 2
4 18
2 5
10 16
7 9
1 6
6 16
7 8
7 16
7 10
6 9
5 9
3 5
1 9
6 11
2 10
5 16
12 18
9 16
8 15
8 17
2 6
2 16
5 11
8 9
1 4
11 12
6 12
4 17
3 4
13 15
2 14
9 17
3 17
2 15
6 15
11 13
3 12
3 7
5 8
3 18
17 18
3 16
6 13
11 18
2 4
5 6
10 14
16 18
8 14
9 15
4 8
8 13
13 14
1 17
4 7
11 15
10 12
2 18
5 14
5 12
3 11
4 16
9 11
14 17
3 10
7 12
2 9
14 15
4 5
5 7
1 18
12 13
10 13
9 10
1 11
3 6
5 15
4 12
14 16
15 17
7 18
1 12
14 18
9 12
4 6
3 13
7 13
1 3
5 13
7 17
3 14
12 17
4 13
11 17
2 3
6 18
6 10
4 11
9 14
12 14
5 18
16 17
15 16
10 11
4 15
1 7
1 16
1 8
13 17
8 12
2 17
7 15
1 5
8 10
8 11
13 18
2 13
2 11
1 13
1 10
8 18
5 10
1 14
3 15
5 17
3 8
3 9
12 16
9 13
2 8
6 17
6 14
9 18
2 12
12 15
1 15

23 250
12 18
6 15
6 18
16 21
6 23
8 10
2 10
6 7
19 21
19 22
16 18
1 22
4 8
7 11
1 13
10 21
18 23
4 19
5 12
2 18
6 20
17 22
1 17
1 4
12 15
12 13
19 20
3 5
5 15
14 19
2 8
11 13
4 22
8 17
15 17
8 14
13 17
10 11
3 15
13 18
2 3
1 7
17 18
8 20
22 23
5 23
11 22
2 13
6 21
11 21
2 20
1 12
11 15
7 23
3 17
7 12
7 8
17 23
5 14
1 3
10 23
17 21
5 10
8 22
4 7
17 19
10 22
6 14
20 21
6 9
3 23
16 19
5 21
8 16
12 23
1 16
7 14
14 23
16 22
7 19
14 20
3 12
12 21
18 21
3 8
18 19
1 8
7 17
9 18
5 19
2 6
20 23
6 17
11 14
3 13
15 19
1 6
11 19
17 20
5 6
4 12
8 12
9 13
7 13
1 19
11 16
2 14
4 21
8 15
3 10
4 20
15 23
1 23
10 15
4 23
9 15
9 23
9 12
7 21
13 14
14 18
2 23
5 8
11 23
14 15
2 16
11 20
16 17
8 11
5 16
21 23
15 16
11 18
10 17
18 22
19 23
5 7
9 10
21 22
2 11
5 22
10 12
10 18
3 7
4 14
2 4
12 16
8 23
13 23
5 11
5 18
3 11
1 15
1 2
3 18
13 21
20 22
9 14
2 15
9 11
7 16
3 14
12 19
16 20
9 16
15 22
10 13
18 20
4 9
9 22
2 7
4 10
13 16
1 5
11 12
13 15
9 20
7 15
6 19
3 9
4 5
1 18
6 10
6 22
6 8
1 9
2 17
1 14
8 21
11 17
8 18
3 22
14 16
7 10
2 5
5 20
10 16
7 18
3 19
16 23
3 20
9 19
12 22
3 16
4 16
4 18
12 20
6 13
13 20
8 19
2 9
8 13
15 21
13 22
1 21
2 22
15 18
5 9
1 20
6 12
3 21
4 11
10 20
14 22
4 17
5 17
4 13
4 6
4 15
3 6
14 17
2 19
7 22
2 12
8 9
3 4
1 10
9 21
10 14
10 19
13 19
12 14
6 11
14 21
2 21
1 11
7 9
7 20
9 17
12 17

18 150
7 13
2 17
9 18
2 13
1 5
11 12
11 14
7 11
1 11
6 11
3 7
7 15
2 3
1 14
16 17
3 12
2 11
6 16
7 10
6 18
9 13
5 18
15 17
8 11
7 18
1 8
4 16
2 18
5 8
2 5
4 6
2 6
7 16
8 9
3 9
5 13
12 17
8 13
7 14
5 17
10 13
5 7
9 14
10 16
6 7
2 15
13 14
11 16
6 12
7 17
2 10
14 16
13 17
10 15
12 14
11 13
9 17
2 16
4 14
6 14
15 18
4 15
17 18
5 14
1 3
10 11
4 18
4 12
2 14
9 15
8 10
5 10
6 9
8 17
1 16
3 5
2 12
3 10
4 5
13 16
16 18
6 13
13 15
6 10
10 12
11 18
3 16
12 16
4 13
12 18
4 10
3 8
12 15
2 8
3 14
1 10
8 18
5 9
3 11
9 16
4 9
11 15
5 15
10 14
2 4
1 13
4 8
1 7
1 12
1 18
1 4
6 15
5 16
13 18
3 6
2 7
3 17
3 4
14 18
5 11
5 12
2 9
7 8
9 12
8 12
6 17
9 10
12 13
7 12
7 9
6 8
15 16
8 14
11 17
5 6
4 7
1 9
3 13
1 6
4 17
3 15
14 15
3 18
1 2
1 15
4 11
14 17
8 16
1 17
9 11

14 91
2 4
6 14
2 11
8 11
8 9
6 12
2 8
2 7
6 7
4 11
12 14
3 12
11 14
7 12
10 11
5 10
9 14
2 14
3 13
8 10
1 10
3 14
3 5
3 7
1 6
8 14
11 12
13 14
10 14
3 8
4 6
4 10
3 6
5 11
1 8
2 6
8 13
1 12
4 8
7 13
1 13
1 3
10 13
5 6
6 11
2 10
5 8
2 12
1 9
5 14
1 11
4 13
2 13
10 12
4 14
12 13
3 11
7 8
2 9
6 9
7 10
8 12
9 12
3 10
2 5
5 9
2 3
1 7
9 13
7 11
7 9
1 4
1 14
5 7
4 9
7 14
5 13
6 8
4 5
4 12
1 2
3 4
4 7
3 9
9 11
5 12
1 5
9 10
11 13
6 10
6 13

22 226
11 21
13 22
17 22
6 11
2 7
5 11
4 20
3 16
14 15
9 15
10 13
9 20
10 21
14 18
8 9
7 22
9 11
7 11
1 19
4 6
9 14
12 14
8 13
10 19
12 22
2 6
6 14
5 19
5 6
17 18
3 21
6 18
9 13
2 22
3 6
4 13
15 22
2 17
11 20
13 20
17 20
6 20
3 17
19 21
4 16
9 22
3 5
3 10
7 18
2 14
5 22
1 21
18 19
20 21
8 15
11 16
3 20
3 14
13 16
9 10
2 4
1 7
6 12
7 14
16 18
16 17
6 15
4 19
11 13
7 20
12 18
5 16
7 17
1 5
8 22
18 20
8 12
11 12
4 5
1 12
13 15
6 13
2 15
16 19
16 22
5 14
10 16
14 17
6 21
16 21
12 19
1 16
13 17
2 10
18 21
4 10
11 17
10 22
4 17
10 17
5 15
11 18
1 4
2 13
21 22
4 18
4 12
3 19
12 20
10 15
2 12
17 21
15 17
3 18
5 7
1 8
8 16
4 7
1 11
5 20
3 15
5 8
11 19
6 17
15 16
5 13
1 10
3 13
8 20
14 19
11 22
8 17
20 22
2 11
7 8
7 21
4 11
3 4
4 8
6 22
1 3
19 20
1 9
10 14
4 14
15 18
14 22
14 21
12 15
1 20
3 11
7 10
2 20
11 15
6 16
15 19
8 11
1 2
8 18
3 9
3 22
13 14
7 16
5 12
18 22
14 16
2 21
10 12
12 16
9 12
2 3
6 19
8 14
8 19
1 13
15 20
2 8
2 19
10 18
9 16
2 16
1 22
5 18
7 15
12 21
3 12
5 10
1 18
3 7
3 8
1 14
12 13
2 5
1 15
8 10
12 17
6 7
6 9
4 9
13 21
6 10
9 17
19 22
1 17
4 22
4 15
11 14
7 19
16 20
8 21
13 18
10 11
10 20
2 9
9 19
7 9
5 9
17 19
1 6
14 20
13 19
6 8
2 18
9 18
7 13
4 21

14 90
8 9
7 11
11 13
8 12
1 9
3 6
5 11
6 12
8 14
6 7
9 13
7 9
9 11
3 9
1 4
7 8
1 2
4 11
2 7
10 12
9 12
2 11
2 13
1 8
1 6
4 9
1 11
3 10
10 11
5 7
5 9
4 5
7 12
9 14
4 7
12 14
3 12
10 14
6 14
12 13
3 8
2 14
2 6
2 9
4 14
1 12
7 10
1 3
8 11
3 14
13 14
8 13
3 5
2 4
2 10
1 5
1 14
5 13
7 13
11 14
3 11
5 10
3 13
9 10
6 13
4 13
5 6
4 6
4 8
10 13
6 11
5 8
7 14
2 12
6 9
1 10
6 8
4 10
2 3
1 13
8 10
6 10
1 7
3 7
2 5
4 12
3 4
5 14
11 12
5 12

18 146
1 4
2 11
3 15
4 13
2 8
12 13
6 8
7 11
9 18
9 11
5 9
3 18
13 16
12 18
2 15
3 10
6 10
6 11
1 13
9 15
4 11
7 8
13 18
3 4
9 13
4 7
1 6
10 16
15 16
1 7
7 17
1 8
1 14
10 12
3 7
3 14
14 18
10 13
5 8
1 16
8 12
3 5
1 10
2 3
12 16
12 15
10 18
6 17
7 12
8 18
2 4
1 2
13 17
6 9
8 10
16 17
6 15
2 10
4 18
1 12
11 18
3 11
10 15
9 12
8 16
5 16
8 15
5 11
1 17
9 10
5 7
3 17
3 16
11 12
2 16
2 7
7 15
5 13
14 17
17 18
2 18
7 14
11 16
6 16
8 9
7 16
15 17
2 14
6 18
4 16
11 15
8 13
4 14
13 15
9 17
5 14
6 14
11 14
14 15
3 6
10 14
1 3
15 18
5 15
4 8
4 10
1 15
7 10
10 11
10 17
3 9
4 17
5 17
8 11
12 14
3 12
4 12
1 18
13 14
1 5
5 10
9 14
3 13
12 17
8 14
16 18
5 6
6 12
8 17
6 13
2 12
7 18
4 6
11 17
2 17
2 13
7 13
4 5
2 5
6 7
1 9
4 9
4 15
11 13
5 12
3 8

20 188
5 20
16 18
2 14
5 11
3 9
8 20
5 12
7 11
1 13
13 15
8 10
3 20
2 12
8 12
9 20
15 19
12 13
14 18
1 16
8 17
3 4
1 14
9 18
1 12
7 20
7 10
12 14
5 7
9 10
8 11
2 13
12 16
12 17
15 16
3 12
7 16
6 16
4 18
3 8
2 17
10 20
8 14
2 18
3 7
4 7
3 15
3 16
4 6
6 17
4 17
16 19
5 13
12 20
5 18
1 3
1 5
11 16
11 18
2 16
3 10
4 8
18 20
5 17
8 19
11 20
5 16
8 15
9 17
13 17
8 16
7 15
6 18
3 11
3 5
11 12
6 7
15 20
5 8
11 19
1 10
6 8
4 13
6 19
11 13
6 11
7 18
5 10
16 17
4 15
17 20
2 9
7 17
2 11
6 15
4 19
17 18
10 13
1 17
1 19
17 19
5 9
5 15
13 16
4 14
6 20
5 6
14 19
4 11
1 15
6 13
3 18
19 20
1 6
5 19
2 10
15 17
14 15
2 20
1 7
12 18
3 19
10 11
8 9
1 18
2 6
3 17
4 16
10 19
3 6
5 14
10 12
7 12
1 11
9 12
4 5
9 13
9 19
2 15
16 20
2 7
6 10
7 14
9 15
6 14
12 15
1 20
14 20
6 12
14 16
18 19
11 15
12 19
2 8
14 17
8 18
7 19
10 18
2 4
11 17
13 14
9 14
9 16
1 4
4 12
11 14
15 18
3 13
6 9
4 10
10 15
13 18
7 13
1 8
1 9
2 5
8 13
13 20
10 17
2 19
3 14
2 3
4 20
4 9
1 2
10 14
7 9
9 11
7 8

16 116
6 16
6 9
1 9
14 15
4 8
5 16
1 15
8 10
6 13
8 9
14 16
2 3
2 16
6 7
6 15
8 13
3 5
7 15
4 16
4 12
5 14
12 15
1 8
4 6
12 14
1 5
9 13
3 15
1 6
9 12
7 16
1 10
9 16
2 15
11 13
8 15
7 13
5 11
10 14
10 15
12 16
3 11
11 14
7 10
3 13
4 5
9 15
6 12
7 11
11 12
3 14
1 12
6 11
5 13
9 10
7 8
2 8
4 9
2 11
7 12
4 14
6 10
1 16
1 11
1 7
8 11
2 10
11 16
10 13
4 11
3 6
2 6
2 13
13 16
1 3
5 15
2 12
4 7
11 15
10 12
15 16
6 14
3 16
5 7
1 4
3 8
3 9
2 5
3 7
3 10
10 11
2 7
12 13
9 11
7 9
2 14
4 15
4 13
5 10
8 16
5 9
4 10
8 12
8 14
2 9
2 4
6 8
1 14
1 13
5 12
7 14
9 14
3 12
1 2
5 6
5 8

19 165
10 17
13 17
7 17
1 15
1 3
2 10
2 9
7 8
5 17
1 7
9 12
12 16
9 19
5 10
6 10
8 12
7 10
2 14
2 16
14 15
6 19
7 12
5 12
11 15
12 17
4 18
4 8
6 13
1 12
11 13
4 9
16 17
3 11
14 17
2 19
9 14
3 8
5 15
3 5
2 15
10 11
10 12
5 14
8 14
1 8
9 18
11 19
1 16
4 16
4 5
2 4
4 19
10 16
3 10
8 16
15 18
11 12
3 18
12 19
12 18
5 16
2 8
2 12
9 16
11 16
1 2
18 19
6 16
6 7
6 12
2 13
1 14
9 17
16 18
15 17
5 19
8 17
7 15
7 13
14 18
3 4
1 13
8 18
4 15
9 10
8 13
8 19
13 15
3 17
7 9
13 18
5 7
7 19
7 14
7 18
7 16
3 16
17 19
13 14
12 13
6 18
1 11
3 9
12 15
1 6
5 6
1 5
7 11
11 17
6 14
4 17
5 11
14 19
6 15
3 6
12 14
2 5
1 18
11 14
8 15
5 9
1 10
8 11
4 10
9 11
3 7
4 11
4 12
2 3
8 10
6 9
4 13
2 11
2 7
13 19
10 13
6 11
2 6
9 15
5 18
10 14
9 13
3 19
10 19
4 7
17 18
3 15
1 9
16 19
15 16
4 6
14 16
10 15
4 14
11 18
3 12
5 13
8 9
1 4
15 19
2 17
3 13
6 8
13 16
10 18

11 52
5 6
2 10
5 9
4 8
5 7
1 7
7 8
2 11
8 10
8 9
7 10
4 11
1 3
9 10
1 10
3 5
3 4
3 9
4 9
2 6
1 6
3 10
7 11
1 11
5 10
2 7
6 9
1 4
5 8
10 11
6 11
2 9
2 4
6 10
1 8
6 8
8 11
4 6
6 7
3 6
3 8
1 2
2 8
3 7
4 10
1 5
2 5
4 7
3 11
5 11
7 9
2 3

22 228
5 11
19 22
6 17
5 15
13 14
5 18
3 8
1 12
14 19
3 5
20 22
4 8
18 21
7 17
4 6
5 13
3 17
9 15
3 6
2 10
3 9
16 18
2 19
1 18
11 12
9 22
7 21
1 5
4 12
12 20
3 13
5 22
17 20
2 13
13 19
6 9
10 20
6 16
2 12
1 8
7 15
9 16
2 22
14 15
3 4
2 3
2 4
2 16
9 13
5 7
5 14
15 22
4 17
3 7
10 17
8 18
3 15
14 16
18 19
4 13
12 19
5 20
3 21
4 16
12 14
15 19
3 12
15 17
5 17
16 20
6 8
2 9
11 19
3 22
7 13
4 22
17 22
14 20
4 20
11 22
17 19
5 6
2 11
7 19
11 13
1 3
17 18
1 14
8 12
1 15
8 9
2 20
4 9
1 6
2 17
2 15
10 12
3 16
4 19
1 19
1 11
7 22
11 17
6 10
8 14
14 18
1 21
10 14
9 19
3 18
14 17
5 19
1 2
4 5
2 7
4 10
2 21
1 13
4 15
1 16
13 16
12 18
6 22
14 22
6 7
5 9
15 16
15 20
7 20
7 12
20 21
9 17
1 20
13 21
10 15
7 14
4 18
7 8
7 18
6 14
4 7
9 11
2 14
12 22
5 16
11 16
17 21
21 22
18 22
3 20
14 21
6 13
7 10
3 10
4 11
10 19
11 18
3 14
2 6
8 20
3 19
7 16
8 21
10 16
7 9
9 12
10 18
12 17
16 19
19 21
13 17
16 21
8 17
10 13
9 10
19 20
5 12
10 11
8 16
5 8
8 13
1 22
1 10
13 20
11 15
12 13
1 9
3 11
5 10
5 21
2 8
8 15
4 14
8 22
2 18
11 14
4 21
6 21
1 4
9 20
15 18
1 7
15 21
9 14
16 17
6 12
12 16
6 15
6 19
9 18
6 18
9 21
8 11
1 17
13 15
7 11
13 22
12 21
18 20
11 21
16 22
10 22
10 21
13 18
11 20
6 11
8 10
6 20

13 72
6 8
12 13
7 12
7 10
4 7
3 6
1 3
2 7
2 11
4 11
2 5
6 11
7 13
2 12
2 8
6 9
1 4
9 12
1 8
4 10
8 12
2 13
8 11
10 12
2 6
7 9
3 9
4 5
6 13
1 12
1 7
2 4
1 6
3 13
6 7
7 8
2 3
10 11
1 11
10 13
4 12
5 11
8 10
4 8
1 5
11 13
9 13
5 7
2 9
2 10
9 10
5 12
4 9
8 13
5 9
1 9
3 11
5 6
3 5
6 12
3 12
3 10
3 7
4 13
1 10
3 4
8 9
1 2
5 10
1 13
4 6
5 8

17 131
2 4
4 6
5 10
4 14
9 10
3 8
15 17
2 17
5 13
11 17
10 14
10 12
1 13
8 13
5 11
13 15
13 17
6 11
9 12
2 8
2 13
8 17
2 7
6 9
7 14
15 16
6 8
5 12
2 16
4 15
1 9
7 10
2 15
4 7
1 4
3 14
4 8
1 15
6 12
3 7
7 17
11 14
4 10
7 15
2 12
2 14
2 3
5 6
3 10
6 14
5 17
14 17
2 5
4 13
4 11
1 12
6 17
6 10
12 14
1 8
2 11
7 8
9 17
3 13
1 5
14 15
1 16
8 15
1 6
10 13
5 16
1 11
16 17
1 14
6 7
4 16
3 12
12 15
7 13
6 16
4 9
3 4
9 15
1 2
10 15
7 9
9 14
4 12
3 11
3 6
4 17
3 16
6 13
9 16
5 9
1 10
1 17
9 11
4 5
5 8
13 14
5 15
12 17
7 16
9 13
11 12
10 16
6 15
2 9
3 9
12 16
8 11
5 14
3 15
8 9
7 11
14 16
13 16
11 16
11 15
1 7
8 16
10 11
2 10
3 5
12 13
5 7
8 12
2 6
7 12
10 17

22 225
15 22
8 20
1 21
18 19
8 15
11 13
7 18
11 17
11 12
10 11
11 15
12 22
8 11
5 8
6 11
16 17
1 15
7 9
19 20
1 4
3 14
12 13
5 15
6 12
3 11
9 21
19 21
13 15
9 20
17 20
4 13
1 3
5 13
4 8
6 8
15 16
1 9
12 20
16 21
3 19
5 6
7 10
6 18
18 21
16 20
13 19
21 22
2 17
5 19
13 18
14 19
1 17
4 10
1 2
13 20
8 16
3 16
3 21
3 7
6 16
5 17
1 12
4 7
4 9
9 16
11 20
17 18
7 12
3 6
2 4
1 20
8 12
6 19
4 22
17 22
2 18
10 19
5 21
7 11
4 18
2 9
7 20
7 19
2 22
7 15
12 19
2 16
20 21
4 16
8 13
14 16
1 11
15 19
4 21
4 11
10 20
4 20
5 20
9 13
9 14
4 5
9 19
5 11
1 19
1 16
9 11
7 14
3 4
11 22
13 22
10 12
17 19
10 13
14 18
6 13
1 10
3 18
7 16
1 8
14 17
12 17
15 20
4 19
4 6
3 9
6 15
2 7
1 13
9 12
9 18
13 16
5 12
1 18
14 22
18 20
16 22
12 18
10 15
2 12
18 22
14 20
4 12
5 22
1 6
6 17
2 5
7 17
10 16
3 17
13 17
6 21
8 17
2 8
1 22
7 22
5 10
6 10
8 19
16 18
3 5
8 21
12 15
2 14
8 14
12 16
11 19
3 12
11 21
12 14
3 8
4 15
3 20
5 7
10 14
19 22
14 15
2 21
14 21
1 7
2 10
6 14
2 11
3 15
3 10
3 13
6 7
8 22
8 9
6 9
8 10
7 13
2 3
9 22
4 17
2 19
8 18
2 6
13 14
10 18
9 10
7 21
5 16
2 13
20 22
17 21
3 22
1 14
5 9
6 20
7 8
6 22
11 14
9 15
15 18
12 21
10 22
1 5
2 15
2 20
4 14
13 21
10 17
11 18
5 18
5 14

21 210
6 19
16 18
2 10
1 14
8 9
12 18
10 20
7 10
19 21
10 14
16 21
9 15
3 5
4 21
7 19
1 19
4 9
7 11
9 21
5 16
10 11
16 19
5 6
5 11
5 21
4 12
9 14
3 18
2 13
15 17
5 13
9 11
3 10
6 9
2 9
4 20
1 8
8 19
11 20
15 18
9 10
14 16
8 15
1 6
1 16
8 16
7 16
2 6
13 21
5 18
4 16
15 16
2 21
3 8
4 15
9 17
8 10
7 8
12 21
2 20
2 15
6 14
12 14
5 12
2 5
5 7
2 7
1 18
13 19
1 12
12 17
14 17
6 21
3 17
12 16
6 17
3 9
20 21
1 21
4 6
6 20
3 16
13 16
9 18
10 19
4 17
6 15
1 11
17 18
4 5
2 8
7 21
8 20
18 21
8 13
3 13
19 20
12 19
8 14
6 11
7 20
12 20
13 17
4 7
18 19
1 17
17 20
6 10
11 17
2 12
8 12
7 17
4 10
1 10
11 19
10 12
10 18
3 11
14 21
8 21
3 6
13 14
10 13
16 17
2 16
9 20
2 17
4 11
17 21
1 20
2 11
1 4
7 15
9 12
7 18
13 18
1 5
4 13
9 16
11 13
1 3
10 17
13 20
8 18
3 15
5 19
4 14
1 2
13 15
7 12
15 20
1 15
5 20
3 14
1 9
3 20
2 14
2 18
11 12
6 13
2 3
8 11
5 10
17 19
7 13
14 15
14 18
11 21
5 15
2 4
4 19
14 19
5 17
1 13
11 18
6 7
16 20
12 15
14 20
8 17
3 21
3 12
5 14
15 19
7 9
5 9
2 19
15 21
3 7
3 19
6 8
4 8
10 15
11 16
10 21
10 16
3 4
9 19
9 13
6 16
18 20
1 7
6 18
5 8
7 14
6 12
12 13
11 14
11 15
4 18

21 204
2 7
7 13
3 7
7 15
12 20
12 15
1 5
7 9
6 9
2 9
16 21
1 12
8 10
9 12
8 12
4 19
7 16
3 21
3 11
13 21
2 11
8 13
1 9
1 20
11 20
12 13
18 19
3 4
7 12
7 18
4 21
10 21
11 21
2 12
10 13
4 11
2 18
13 20
8 17
9 21
2 10
10 12
13 16
6 16
9 16
3 8
11 13
15 20
13 18
1 21
1 10
8 20
4 16
1 19
2 8
10 18
2 6
19 21
8 15
17 18
12 17
4 9
15 17
13 19
2 17
11 18
14 18
15 19
16 17
11 17
5 7
8 16
3 16
18 20
5 8
6 18
11 15
19 20
9 15
6 19
10 15
13 17
11 19
4 15
2 5
3 6
16 18
12 18
6 17
7 19
10 16
17 19
8 9
3 9
6 11
10 20
2 16
2 21
5 17
9 14
20 21
1 15
7 14
16 20
10 17
8 19
6 7
7 10
11 12
5 14
3 15
17 20
6 8
2 13
4 6
6 20
9 18
1 16
6 21
1 7
10 19
4 10
9 20
5 12
7 8
15 21
12 21
14 19
5 20
8 14
4 20
5 13
5 21
1 11
3 20
4 7
5 9
4 12
17 21
4 13
1 3
15 16
2 20
11 16
6 12
3 13
4 5
5 18
1 17
7 20
11 14
1 13
8 21
13 15
6 14
1 6
5 10
5 15
6 15
3 10
3 12
5 6
10 14
9 10
12 16
3 19
5 16
2 15
4 8
3 5
14 21
1 2
9 13
3 18
10 11
12 19
14 15
14 17
4 17
9 19
2 4
16 19
3 17
15 18
3 14
4 18
5 11
1 8
18 21
6 13
9 11
7 17
13 14
2 3
8 18
4 14
7 21
6 10
12 14
1 18
7 11
5 19
2 14
14 20

17 133
7 17
4 12
9 15
8 16
3 10
11 16
3 16
12 16
11 15
2 17
9 16
2 16
12 15
1 10
1 7
3 13
12 17
14 15
6 12
2 9
1 5
6 8
6 11
3 15
9 13
13 17
1 12
9 10
6 7
11 14
10 15
2 3
4 14
10 17
4 13
1 11
7 12
1 15
8 11
3 6
5 7
13 16
9 11
6 13
5 10
2 13
11 17
1 14
13 15
4 15
5 17
7 10
13 14
7 13
10 14
2 7
2 11
12 13
4 5
3 9
5 11
8 9
10 16
3 11
1 3
6 17
5 16
2 12
10 13
11 12
5 9
6 16
2 15
2 8
5 8
10 12
9 14
6 10
4 8
8 14
3 17
1 6
3 4
1 9
3 7
8 17
11 13
5 12
7 15
9 12
1 8
5 6
2 14
2 6
15 17
7 14
3 8
8 12
14 16
8 10
1 13
3 14
3 12
2 4
15 16
5 14
12 14
4 16
8 13
14 17
10 11
1 16
7 16
8 15
6 15
2 10
5 13
7 8
16 17
4 11
1 17
4 7
7 9
1 4
4 17
5 15
3 5
2 5
6 9
7 11
4 6
4 10
4 9

23 252
9 22
2 23
8 17
6 11
3 17
8 20
3 8
5 13
6 16
15 19
4 12
15 18
19 23
8 19
4 16
6 13
4 21
14 17
13 22
3 9
5 14
2 19
16 20
18 19
16 21
8 15
9 20
12 22
8 14
18 23
17 18
5 23
6 19
9 16
3 22
11 23
7 12
18 20
2 5
15 22
12 23
6 17
13 16
18 21
12 16
10 18
6 22
7 10
17 20
10 14
2 22
6 10
17 21
1 7
7 20
3 13
8 23
2 12
6 9
1 13
15 21
10 23
11 14
9 23
17 19
3 19
2 18
12 21
8 9
8 12
4 6
16 17
12 13
13 15
7 23
4 9
9 19
5 12
4 23
1 21
15 20
10 16
7 17
9 14
11 12
1 22
11 16
2 8
4 5
3 18
7 9
5 8
2 20
9 10
5 19
3 14
1 6
10 15
1 19
14 19
12 19
7 19
16 23
1 23
4 10
5 7
13 18
3 10
17 22
11 20
9 21
11 18
20 21
7 18
4 8
8 11
16 19
14 21
9 17
1 5
2 17
19 20
1 12
6 14
2 15
4 20
3 23
12 18
8 18
16 18
10 20
15 23
3 16
9 13
14 18
2 9
4 14
1 20
5 21
2 4
2 16
4 13
1 3
7 16
7 22
10 13
15 16
5 11
9 15
1 4
1 8
5 6
1 15
12 17
1 9
3 4
5 18
19 22
10 21
1 11
4 17
4 11
6 8
6 7
11 22
2 6
21 22
2 21
14 15
2 10
3 5
6 23
11 17
11 21
4 18
13 21
21 23
4 15
22 23
16 22
6 18
13 20
20 23
14 22
2 11
13 19
13 17
8 16
4 7
3 7
11 15
14 20
11 13
8 13
7 21
5 22
6 15
8 22
5 20
12 14
3 20
6 20
1 18
5 10
2 7
3 21
14 16
10 11
10 12
9 11
10 22
7 13
1 17
1 10
7 15
12 20
7 8
2 14
20 22
6 12
7 11
3 6
5 9
9 18
5 16
5 17
2 13
10 17
13 14
9 12
18 22
11 19
17 23
14 23
3 11
6 21
12 15
1 2
2 3
1 16
3 12
4 19
5 15
7 14
15 17
3 15
1 14
4 22
8 10
10 19
19 21
8 21

13 72
7 10
4 12
3 7
6 12
1 4
6 8
1 3
1 5
2 9
1 13
1 11
9 10
7 11
4 13
3 4
2 4
3 8
1 10
2 5
3 13
1 9
4 6
2 7
2 10
3 6
2 13
7 13
4 5
8 13
3 5
1 12
5 13
5 12
8 9
4 11
9 12
5 9
12 13
8 10
1 7
8 11
5 11
5 10
8 12
2 12
4 9
6 9
5 8
10 11
9 13
2 6
1 8
4 7
3 12
7 8
6 7
7 9
7 12
1 6
3 11
5 7
11 12
5 6
6 13
2 3
2 11
4 8
4 10
3 10
6 10
3 9
10 13

19 166
10 14
15 16
4 19
13 17
12 15
1 5
3 4
1 16
8 11
12 18
11 14
4 9
3 16
5 16
2 4
11 13
10 18
3 18
2 10
8 15
1 12
4 13
6 8
13 16
4 12
4 11
5 8
10 15
1 4
8 18
8 13
12 13
6 10
5 11
2 14
3 9
1 18
7 13
8 19
1 2
1 13
5 17
6 17
4 7
5 7
11 12
3 13
8 10
10 16
13 19
7 9
4 17
9 11
18 19
16 18
3 14
2 6
7 17
4 15
7 8
2 15
17 19
10 19
1 7
5 9
1 3
3 8
5 12
7 16
16 17
5 15
10 11
14 17
3 5
9 13
3 17
9 16
15 17
9 18
1 6
7 11
14 18
11 18
12 19
3 19
9 15
5 13
4 6
1 19
13 18
2 19
8 16
2 5
7 19
12 17
6 13
6 14
5 10
3 10
7 10
2 13
9 14
9 10
11 16
14 19
1 17
2 11
4 8
1 11
3 7
6 16
14 16
6 7
7 14
15 19
5 6
9 12
1 15
4 16
11 17
2 18
5 19
2 8
7 12
10 17
3 12
2 16
8 14
3 11
1 14
3 6
8 9
5 14
6 9
11 15
9 19
1 8
14 15
12 14
2 17
1 10
2 7
8 12
4 14
7 18
12 16
6 19
4 18
5 18
9 17
1 9
13 15
8 17
6 11
3 15
10 13
6 18
11 19
10 12
13 14
6 15
2 12
2 3
2 9
17 18
4 5

19 168
11 14
3 17
9 19
4 14
8 18
10 14
13 17
5 14
3 18
7 10
5 17
3 15
6 15
7 16
2 5
7 9
7 17
12 19
1 13
7 14
7 13
4 18
4 9
7 8
9 11
10 11
3 19
5 16
1 8
3 5
11 19
9 16
1 5
9 14
1 14
11 12
2 10
15 16
8 10
4 13
2 14
3 11
1 10
5 11
10 19
2 16
2 4
14 16
6 8
13 14
3 16
2 6
4 5
4 11
2 19
8 14
2 17
6 17
5 12
12 15
12 16
4 16
4 6
10 16
12 14
4 7
5 15
3 9
5 18
8 11
3 7
18 19
4 19
3 6
11 16
6 14
5 7
17 18
8 15
14 19
15 19
1 16
14 15
3 8
16 18
13 19
1 18
9 18
6 12
1 9
2 7
2 11
1 15
3 4
13 16
7 19
5 6
5 9
1 11
15 17
12 13
10 13
7 11
3 12
10 12
10 17
4 15
9 13
5 19
1 6
11 17
2 18
11 13
2 8
12 17
11 15
5 8
2 9
6 13
2 15
6 10
1 2
9 15
9 17
8 17
1 7
10 15
2 13
8 12
7 15
9 12
3 10
6 11
14 17
3 13
1 4
17 19
12 18
15 18
10 18
13 15
8 9
6 19
8 13
5 10
8 16
13 18
4 17
5 13
6 9
9 10
4 12
1 17
2 3
6 16
14 18
11 18
2 12
7 12
4 8
16 17
6 18
1 3
16 19
3 14
1 19
6 7
7 18

15 105
2 5
7 14
2 15
1 12
5 12
5 14
1 14
8 11
4 13
2 6
3 12
4 8
5 15
9 13
11 15
10 11
1 4
6 10
5 10
2 7
11 13
10 13
1 13
1 6
7 13
5 13
9 11
12 14
3 10
8 12
3 4
5 6
12 13
10 14
9 10
1 10
4 10
3 7
3 5
7 8
2 4
11 12
8 13
3 14
3 15
7 9
7 15
9 12
1 11
14 15
4 15
2 3
1 15
6 7
6 11
7 10
10 15
6 9
4 11
3 6
2 11
4 6
8 9
4 7
2 12
6 12
2 9
1 8
1 2
10 12
8 15
1 5
11 14
6 15
4 5
4 14
5 7
9 14
1 9
8 14
7 12
13 15
13 14
9 15
3 9
2 14
7 11
2 10
5 11
12 15
2 13
3 13
3 11
6 8
1 3
5 9
2 8
5 8
1 7
4 9
6 13
6 14
8 10
4 12
3 8

23 250
4 20
6 9
7 11
16 17
5 21
2 17
2 3
2 22
16 21
3 4
3 7
4 23
7 15
9 14
11 23
20 23
16 23
12 18
11 15
8 21
14 20
11 13
15 21
4 22
5 12
3 20
4 18
2 21
6 18
18 19
1 4
6 23
7 14
6 14
14 18
9 23
2 4
8 20
13 21
8 22
20 21
10 23
16 18
10 14
4 11
6 13
1 17
5 19
10 22
6 11
15 18
14 23
7 17
5 23
18 22
8 14
16 19
5 10
1 20
10 19
14 21
13 14
13 23
12 20
4 21
14 22
3 15
8 17
3 21
4 7
8 9
8 12
7 22
3 22
12 15
18 20
6 8
3 18
12 22
17 20
7 8
1 21
6 19
6 21
6 7
19 21
7 23
10 15
10 16
19 20
2 8
7 20
4 15
6 17
2 16
9 20
4 17
2 9
7 9
15 16
1 13
4 12
9 15
11 17
11 20
17 19
1 14
2 14
3 8
3 19
6 16
18 23
8 19
16 20
13 20
11 18
13 15
1 18
3 9
3 6
5 22
17 21
6 22
4 19
1 19
1 5
15 19
3 16
1 12
10 11
8 11
1 7
9 13
4 16
16 22
10 18
12 13
4 13
7 10
11 16
4 6
3 11
4 8
2 11
5 8
4 5
13 19
2 6
1 23
19 22
1 15
2 7
10 17
2 19
1 11
10 21
1 8
11 12
17 18
21 23
9 22
14 19
10 20
11 21
8 15
15 23
9 21
1 2
4 9
15 17
22 23
13 16
5 6
9 12
17 22
11 22
9 17
5 7
14 15
13 17
13 22
5 17
5 14
12 14
8 18
2 23
6 15
19 23
9 10
14 17
3 10
8 16
3 12
5 16
4 10
2 13
7 12
1 22
2 15
3 23
18 21
5 18
5 11
21 22
17 23
7 19
5 20
11 14
3 13
2 12
12 21
7 21
12 19
14 16
13 18
9 18
20 22
4 14
7 16
6 20
12 23
2 10
15 22
15 20
5 13
6 10
12 17
1 10
5 15
10 13
2 5
1 6
2 20
8 13
1 3
3 5
12 16
3 14
2 18
1 9
7 18
10 12
5 9
7 13
6 12
11 19
8 23
3 17
9 16
1 16

22 224
1 16
13 21
2 17
14 18
8 10
3 8
8 17
12 18
2 9
6 15
11 19
12 13
10 15
4 7
16 20
12 21
6 9
8 12
1 12
9 12
19 22
4 21
2 11
2 6
10 14
17 18
3 4
16 17
1 9
8 21
15 22
7 13
5 15
12 16
7 19
3 22
2 19
13 22
3 20
2 13
5 7
13 18
4 14
2 4
14 15
11 15
10 18
5 21
1 17
5 12
19 20
8 11
1 10
10 22
9 22
14 19
2 15
9 18
6 17
4 10
8 19
11 13
3 21
9 20
5 14
10 12
12 14
5 20
6 10
2 20
5 13
6 8
11 12
15 19
6 19
5 22
4 20
14 16
16 21
6 18
10 11
21 22
2 7
4 5
2 8
6 21
3 18
1 5
4 16
13 16
17 22
9 16
5 6
9 19
2 3
13 15
7 9
6 12
17 19
4 9
14 22
3 16
3 5
7 16
18 20
4 22
4 12
6 13
7 14
7 10
5 9
17 21
12 22
2 18
6 11
10 21
8 14
1 15
11 16
9 10
1 20
11 22
12 20
5 18
1 8
12 15
4 11
1 14
9 15
10 20
14 21
4 6
1 18
6 22
1 13
8 13
15 18
1 7
7 21
4 17
5 17
9 21
8 15
7 17
2 21
1 21
3 15
3 12
17 20
7 20
15 20
5 19
8 9
2 10
11 17
18 22
3 9
4 19
6 16
16 18
16 19
10 17
18 21
10 13
12 17
3 10
20 22
3 17
2 16
3 14
1 19
1 11
5 8
4 15
6 20
9 11
9 17
1 3
16 22
6 7
3 6
2 12
5 16
15 21
18 19
19 21
3 11
20 21
1 4
15 16
1 6
14 17
4 13
11 20
7 11
5 10
8 16
13 17
7 15
7 8
4 18
8 22
3 13
4 8
9 14
11 14
3 7
13 19
10 19
2 22
13 14
1 22
14 20
10 16
6 14
7 12
2 5
7 18
11 21
8 18
9 13
3 19
11 18
7 22

23 253
15 22
1 13
2 9
17 21
2 21
9 13
19 20
5 14
1 2
6 23
9 16
17 18
3 4
14 16
2 23
5 13
3 13
15 23
4 12
11 18
3 8
14 21
6 17
11 15
15 18
19 23
12 14
4 22
2 11
10 21
18 20
1 15
13 16
7 16
9 15
3 22
6 18
12 20
9 17
8 23
9 12
1 12
2 13
13 17
16 21
2 22
12 17
1 22
8 15
4 15
8 9
5 16
9 23
8 13
14 18
8 19
6 12
1 18
4 19
13 18
3 12
5 7
11 20
17 20
2 18
7 13
19 22
12 18
3 17
4 20
3 11
1 7
4 9
8 14
7 15
4 14
12 16
16 23
16 17
2 14
13 20
3 20
7 8
7 9
8 21
2 19
8 22
16 18
7 12
6 9
1 20
1 23
8 17
10 17
7 18
22 23
5 18
5 23
8 20
10 16
2 5
3 10
4 16
1 3
10 22
2 16
3 6
15 19
1 11
6 8
7 21
2 8
5 21
1 10
15 16
17 23
5 10
2 3
6 11
11 22
11 14
1 9
7 14
9 11
10 23
8 16
6 22
21 22
5 6
6 7
13 23
11 12
5 22
6 14
5 17
4 6
4 10
1 5
7 22
11 23
2 6
3 21
11 13
2 20
14 19
6 20
7 20
13 19
6 15
7 19
7 17
4 21
9 20
9 21
9 10
3 9
9 19
1 16
1 8
4 23
13 15
5 8
8 18
11 16
20 22
18 21
2 17
20 23
4 17
3 19
2 7
6 19
16 20
5 11
3 18
3 14
12 21
6 10
4 11
12 23
5 20
7 11
10 12
17 19
5 9
14 23
3 23
14 20
11 17
20 21
9 22
1 17
1 6
7 23
11 19
12 15
11 21
15 21
12 13
7 10
10 20
8 12
8 10
5 15
2 10
19 21
10 15
15 17
18 19
4 18
4 7
17 22
14 17
21 23
13 22
3 7
1 19
10 11
6 16
12 22
3 16
12 19
5 12
8 11
10 13
4 8
10 18
16 19
2 4
10 14
3 5
9 14
14 15
5 19
4 5
2 12
6 21
3 15
2 15
13 21
10 19
1 4
18 22
6 13
4 13
13 14
16 22
14 22
18 23
1 21
15 20
1 14
9 18

24 269
8 9
7 13
17 24
15 22
1 11
17 19
19 22
3 12
11 18
18 19
13 17
3 20
8 18
5 8
9 21
16 22
6 23
1 9
8 20
6 13
3 17
4 5
5 22
9 18
14 23
2 6
17 18
1 23
11 19
15 16
2 18
11 20
5 9
7 14
9 24
2 3
11 16
1 19
11 24
3 16
11 17
1 7
3 4
2 23
2 4
14 21
8 24
12 15
6 8
7 10
4 9
22 23
2 12
4 7
12 17
15 19
4 19
6 21
18 23
9 20
3 6
5 15
18 20
13 21
5 16
2 21
4 16
20 24
10 17
15 23
4 13
3 19
6 12
5 17
1 17
4 14
17 20
3 8
2 11
7 15
17 23
7 21
17 22
14 17
4 24
9 22
2 24
4 10
21 24
14 16
1 24
4 21
7 9
16 23
2 13
1 13
4 17
1 22
11 15
13 18
16 19
3 9
14 15
3 5
5 13
3 14
10 24
7 16
11 12
6 18
7 20
15 18
15 20
2 8
12 20
7 24
7 8
12 19
6 15
9 11
5 6
12 23
6 22
12 14
3 24
11 13
17 21
9 17
6 7
12 21
19 21
5 24
13 20
8 14
11 23
6 17
10 15
3 7
2 5
19 20
13 16
7 22
10 16
1 3
5 7
7 19
1 20
16 20
18 24
1 6
3 22
19 24
7 11
8 15
5 19
3 23
3 15
6 9
2 10
19 23
5 11
11 14
2 7
13 24
3 13
1 12
9 19
1 4
9 14
2 20
5 12
1 14
9 23
10 11
2 15
3 11
10 22
6 10
15 24
3 18
1 16
2 14
9 16
1 21
9 12
5 10
4 12
14 22
22 24
14 24
10 12
1 2
11 21
10 18
6 14
8 13
8 22
10 20
10 19
13 23
4 11
14 19
13 15
9 13
20 23
5 21
4 22
6 20
4 8
6 24
5 23
16 17
21 23
2 22
10 13
10 21
5 18
20 22
16 21
7 23
12 24
18 21
8 16
2 17
8 23
8 19
1 10
16 18
21 22
20 21
23 24
14 20
4 18
6 19
9 15
13 22
10 14
12 13
8 17
5 20
4 20
13 19
2 16
3 21
15 21
11 22
13 14
2 9
7 12
6 16
12 22
6 11
14 18
4 6
1 15
12 18
8 21
1 5
1 18
7 17
10 23
9 10
2 19
12 16
8 12
3 10
4 23
1 8
8 11

16 118
4 13
4 12
11 14
12 16
6 13
7 14
5 16
4 15
2 10
5 12
7 12
8 10
4 7
4 10
1 8
1 3
4 8
9 14
3 9
7 13
8 16
14 15
7 11
9 10
1 10
2 7
3 7
8 12
11 12
2 8
5 8
2 12
1 4
1 15
1 9
3 12
11 13
9 13
3 5
6 16
6 14
1 6
5 13
1 16
12 13
6 9
1 13
1 12
3 4
5 11
2 9
3 8
14 16
8 11
1 7
2 6
9 15
7 10
2 15
2 5
12 14
8 14
4 5
11 15
6 7
12 15
10 11
2 14
3 11
4 14
1 2
13 14
8 9
3 14
13 16
10 15
5 6
1 5
3 15
11 16
5 14
7 15
8 15
9 16
3 13
9 12
3 10
10 14
13 15
10 13
7 8
6 12
2 11
8 13
10 16
3 6
5 15
6 15
1 11
6 8
9 11
15 16
3 16
4 6
2 16
7 16
10 12
2 13
4 11
1 14
4 9
6 10
2 4
5 7
7 9
5 9
4 16
2 3

18 148
1 11
3 17
2 6
11 12
11 15
12 13
1 7
8 18
2 16
5 16
4 16
12 15
12 14
8 11
1 10
3 15
9 15
4 12
1 8
2 17
4 17
8 13
14 18
5 14
3 14
13 17
7 16
15 16
9 18
7 8
5 10
3 13
6 13
1 9
2 14
3 6
8 12
2 3
11 16
8 10
2 15
5 13
10 18
2 13
4 7
5 8
1 13
6 17
1 17
3 10
4 15
7 11
5 15
5 6
7 9
7 10
2 9
6 12
6 14
5 17
2 18
1 4
7 18
3 8
9 11
2 8
5 18
8 14
11 14
8 16
9 13
7 17
15 17
4 8
8 17
4 5
1 18
4 11
10 16
2 4
7 13
5 12
3 4
4 13
10 15
1 12
4 9
3 12
1 5
6 16
3 5
6 15
1 3
9 12
11 18
8 9
3 16
10 11
5 11
11 13
17 18
1 15
7 15
10 14
4 18
12 16
10 13
2 5
15 18
6 9
4 14
3 9
14 17
2 7
6 10
6 8
10 12
13 14
11 17
2 10
14 16
4 10
14 15
9 14
5 9
3 11
16 18
13 15
1 2
13 16
9 17
7 14
1 14
8 15
2 12
5 7
13 18
1 6
10 17
12 18
16 17
1 16
9 16
6 18
12 17
7 12
4 6
3 18
