100
1 1
540 600
840 900
2 0
900 1260
180 540
1 1
1439 1440
0 1
2 2
0 1
1439 1440
1438 1439
1 2
3 4
0 10
1420 1440
90 100
550 600
900 950
100 150
1050 1400
91 19
483 488
31 34
346 365
610 611
564 567
392 395
286 302
715 725
1268 1275
1079 1080
743 747
193 194
526 533
1215 1217
1254 1258
626 637
479 481
51 54
477 479
251 264
168 169
441 442
1147 1148
607 610
169 171
2 6
709 710
1308 1320
95 103
929 934
233 241
435 441
572 584
787 795
248 251
1298 1301
1420 1425
890 903
406 413
829 834
834 836
847 848
339 343
1201 1206
1200 1201
1217 1221
176 177
1399 1404
1137 1141
1196 1198
332 335
594 596
1425 1427
1278 1284
812 816
58 59
853 867
1182 1189
430 431
785 787
1357 1364
1388 1392
429 430
737 743
1343 1346
846 847
489 492
934 935
1233 1242
562 564
614 617
663 667
596 602
1366 1374
536 543
492 500
13 18
820 826
431 435
1392 1393
687 691
1395 1399
423 424
874 876
764 767
1243 1249
1326 1330
164 167
39 40
1091 1096
1322 1323
454 458
944 955
241 247
903 904
247 248
446 452
1114 1120
976 979
40 47
123 124
700 709
1020 1033
567 570
1435 1440
905 929
1189 1196
1097 1107
380 383
625 626
23 99
346 356
29 32
609 615
1339 1349
949 954
534 537
992 993
832 836
468 471
431 446
220 228
748 750
395 396
97 104
392 395
807 819
891 919
421 431
1146 1153
537 557
1048 1050
1057 1063
988 992
943 944
284 292
629 645
598 602
978 985
617 623
1015 1016
164 167
133 134
387 390
263 265
615 617
1355 1359
356 360
771 774
1090 1110
585 598
134 136
941 943
471 477
513 523
1086 1089
993 1003
1393 1440
240 255
265 267
390 392
580 583
1077 1086
1050 1057
856 882
1016 1033
628 629
1007 1008
566 572
693 698
1089 1090
80 82
583 585
729 748
844 850
1196 1206
882 884
954 974
396 401
1239 1252
306 332
687 689
255 257
724 725
411 421
43 61
1227 1239
602 603
132 133
769 770
712 724
168 178
676 685
1309 1324
836 838
292 306
935 941
402 411
565 566
267 283
685 687
1014 1015
259 260
1288 1292
136 139
1259 1271
531 534
806 807
79 80
384 385
830 832
1303 1305
385 387
1162 1176
787 806
260 262
463 466
557 558
698 699
512 513
1349 1355
889 891
558 565
925 930
1010 1014
572 580
523 529
974 976
725 729
1328 1339
829 830
661 676
760 761
1 100
733 742
461 464
995 999
1408 1418
292 293
121 122
1244 1245
242 243
88 90
1289 1291
1175 1177
1241 1244
926 929
1393 1394
8 9
1049 1050
571 578
1215 1218
198 200
1187 1198
1170 1171
25 27
37 48
1060 1061
902 916
514 517
1332 1334
974 984
616 628
1050 1054
104 105
23 25
483 491
952 959
96 103
817 820
69 71
854 858
375 378
1399 1401
373 375
304 307
207 216
608 609
941 944
972 974
1294 1295
951 952
118 121
80 86
243 250
804 811
161 167
725 730
594 600
534 543
706 721
176 180
220 227
517 519
1372 1373
1054 1056
142 150
205 206
1209 1210
923 926
1056 1059
999 1011
551 553
1334 1341
1110 1119
228 230
1171 1172
1172 1175
1086 1090
491 493
895 900
560 563
1048 1049
379 396
396 406
250 251
350 353
600 601
27 29
675 676
700 706
782 783
629 631
1369 1372
1281 1284
688 700
679 682
493 499
122 123
1153 1162
1284 1285
1407 1408
798 804
1119 1132
123 128
0 2
179 539
540 900
100 65
271 272
773 779
172 174
1209 1210
668 675
462 472
58 60
12 13
1389 1405
289 297
789 792
1263 1276
956 963
320 322
828 834
338 340
944 952
981 984
1210 1211
1057 1074
979 981
834 871
494 503
827 828
963 974
239 251
799 815
460 462
448 458
1291 1293
60 72
225 226
1093 1098
1052 1055
187 190
795 799
1284 1286
1108 1111
35 49
556 560
157 166
1288 1291
1293 1296
552 555
1087 1091
340 343
1338 1356
542 552
1016 1037
199 200
642 644
1039 1040
200 206
297 301
589 590
372 379
871 881
881 887
1286 1288
1406 1410
1074 1078
336 338
595 598
1410 1412
1084 1087
541 542
1243 1247
984 1009
1205 1209
815 827
1127 1130
206 209
209 213
1149 1174
1283 1284
32 34
485 494
623 628
77 95
213 221
640 642
1146 1149
783 789
192 193
779 780
301 320
896 914
458 460
1327 1338
675 688
1142 1146
1078 1084
1372 1375
780 782
588 589
1132 1138
1037 1039
952 954
1130 1132
221 225
1412 1426
1279 1283
472 473
1111 1122
1405 1406
1055 1057
914 944
1126 1127
1174 1180
528 541
954 956
1091 1093
1258 1259
1247 1258
95 129
1434 1440
590 592
1215 1225
1382 1389
707 773
688 707
601 623
415 437
782 783
3 12
1375 1379
190 192
255 270
272 274
887 896
347 367
129 157
13 31
792 795
34 35
634 640
286 289
1276 1279
270 271
974 979
403 415
592 595
49 58
322 325
400 403
1260 1263
1138 1142
230 239
560 582
628 634
1122 1126
598 601
1326 1327
379 384
437 448
251 255
1310 1313
644 661
167 172
1313 1326
166 167
1379 1381
72 77
520 528
367 371
47 15
179 189
1293 1295
1299 1313
138 142
470 475
335 346
1377 1410
1133 1150
1100 1121
706 717
1214 1230
203 223
685 706
720 738
274 298
768 774
939 961
998 1002
65 67
1334 1350
552 582
774 789
142 155
1230 1236
1202 1205
69 83
189 192
155 179
1295 1296
399 408
1205 1208
1121 1133
4 6
582 591
257 274
223 237
1176 1187
1187 1202
717 720
1315 1334
1350 1366
15 20
825 835
502 535
243 257
738 739
752 768
360 369
40 49
49 65
884 939
739 752
494 502
6 10
237 243
600 606
67 69
860 877
606 685
1423 1440
192 203
475 494
29 24
203 205
961 985
1166 1178
1423 1432
709 713
763 797
333 336
1152 1155
427 432
1193 1201
391 414
283 289
540 560
493 502
205 241
1400 1422
1432 1436
52 66
1164 1166
1251 1254
202 203
614 630
929 931
649 693
1259 1285
414 427
76 78
471 493
1397 1400
1361 1379
1044 1068
840 903
739 758
1342 1361
1123 1152
81 112
1395 1397
522 532
1379 1383
797 840
337 340
1161 1164
931 933
921 929
568 569
1287 1289
455 468
1088 1110
985 996
933 940
1383 1386
241 244
502 506
14 85
358 366
494 498
207 217
454 462
923 929
999 1001
1428 1433
179 188
806 811
1138 1148
607 623
835 842
940 950
416 420
147 173
1229 1234
745 753
708 725
366 371
1336 1338
698 708
446 447
1252 1279
998 999
173 174
761 779
217 236
1417 1420
498 503
811 831
1228 1229
1388 1415
252 285
597 604
645 665
883 891
1158 1160
976 981
1030 1050
1170 1172
204 207
725 730
1345 1353
753 754
1220 1224
377 379
536 541
1024 1030
938 939
779 806
1182 1194
1162 1165
991 996
113 116
1248 1252
474 482
383 409
1420 1427
862 865
74 88
965 966
289 297
119 147
1136 1138
1052 1067
744 745
341 343
1333 1336
535 536
939 940
1194 1206
503 504
1224 1228
5 24
591 596
482 494
736 744
24 25
891 899
285 289
1003 1007
534 535
1067 1071
297 298
981 988
66 68
916 922
973 976
730 736
192 204
899 911
696 698
953 958
596 597
68 71
507 509
1372 1388
1433 1440
371 375
68 46
742 748
564 571
1426 1440
175 179
984 987
1045 1052
148 171
1252 1253
974 975
427 428
864 869
1172 1173
705 707
419 423
147 148
828 835
96 104
142 145
621 623
208 216
808 817
1408 1417
1146 1171
801 808
841 847
1269 1297
136 140
145 147
194 208
1253 1257
900 902
475 479
32 59
1308 1318
724 726
938 944
416 419
267 276
791 797
748 789
140 142
1338 1344
88 96
5 7
1354 1361
579 590
619 621
1138 1146
287 312
1350 1354
216 240
510 514
192 194
916 921
497 501
601 619
921 935
1322 1328
872 895
1039 1045
634 639
726 732
977 982
997 1011
462 475
428 430
503 510
376 396
824 828
1303 1308
1417 1426
484 497
396 397
693 705
562 564
682 684
835 841
240 252
1362 1364
104 110
171 175
362 374
1318 1322
4 5
1077 1092
26 29
735 742
1113 1138
276 287
1361 1362
678 682
1028 1039
869 872
904 916
797 801
576 579
895 896
1364 1368
1092 1093
1228 1250
639 641
1389 1405
312 342
398 416
629 634
627 629
1171 1172
1344 1350
790 791
571 576
1334 1338
1109 1110
29 32
667 678
12 69
520 527
1142 1175
376 387
1176 1184
192 203
203 210
796 800
1383 1384
760 780
866 872
1184 1194
548 550
527 548
623 631
815 823
390 393
1009 1017
346 350
1008 1009
786 796
481 499
370 372
964 970
186 191
99 110
430 434
571 581
417 430
65 68
435 445
154 157
341 346
40 42
612 617
1423 1440
499 505
617 620
210 211
434 435
142 146
831 836
872 874
878 884
597 609
998 1008
657 672
22 25
136 142
647 657
1293 1313
823 831
955 964
1116 1142
884 892
620 623
124 130
1061 1089
45 65
1313 1319
1247 1261
1325 1328
211 212
978 981
229 238
1282 1293
110 111
1212 1216
1421 1423
474 481
932 946
79 80
952 955
445 455
1261 1276
783 786
747 751
1276 1282
352 370
466 474
705 707
731 736
100 100
685 691
1227 1228
25 27
158 159
377 378
363 364
442 451
556 560
1015 1026
1226 1227
727 729
707 708
205 214
744 747
62 72
961 979
1295 1308
1196 1201
1365 1374
992 993
463 471
37 38
1201 1203
471 476
758 782
397 400
1262 1264
56 62
725 726
988 992
1429 1437
408 415
1209 1211
415 416
866 869
1102 1104
1178 1181
1229 1237
738 739
237 238
638 646
55 56
331 332
561 566
512 521
1027 1034
81 82
1104 1106
138 140
1122 1129
1211 1217
1203 1209
295 305
566 568
1334 1348
899 903
402 403
594 604
174 187
18 25
1075 1076
907 927
1261 1262
1282 1285
839 840
844 846
108 109
51 55
332 334
787 806
148 150
850 859
571 574
993 997
508 512
134 138
1414 1417
495 496
43 44
888 895
574 575
318 327
487 489
496 504
1150 1154
1239 1246
1389 1414
1223 1224
378 382
360 363
947 951
3 6
434 442
1308 1327
730 731
1258 1261
1417 1429
1384 1388
1278 1279
242 243
29 30
214 225
250 255
877 888
2 3
998 1001
30 33
700 707
336 341
89 91
1279 1282
1176 1178
835 839
806 807
847 848
1133 1134
1361 1365
927 937
451 454
150 153
859 862
1221 1223
1001 1002
1002 1003
807 809
504 508
1046 1047
394 397
314 316
400 402
1134 1137
165 166
521 540
1246 1258
646 648
334 336
731 738
198 205
385 389
422 428
937 941
692 700
114 121
848 850
40 43
231 237
15 18
276 295
454 457
726 727
575 594
238 242
846 847
1147 1149
1060 1075
546 553
229 231
1437 1440
673 678
568 571
869 871
407 408
1047 1051
97 108
159 165
553 556
389 394
1181 1187
757 758
44 47
680 685
1006 1013
1093 1102
47 49
820 830
96 97
6 7
155 158
997 998
1142 1147
341 342
404 407
33 34
1076 1093
722 725
1224 1226
1193 1196
1228 1229
830 832
678 679
428 434
113 114
125 128
255 263
1276 1278
620 631
1188 1189
663 664
633 638
1348 1361
45 58
101 103
1059 1062
93 96
208 215
1257 1261
469 472
1001 1008
481 486
929 945
1426 1439
496 498
1244 1245
300 301
22 23
1261 1262
1439 1440
411 413
759 761
600 604
1159 1163
810 814
286 287
1062 1072
244 252
894 897
682 693
404 411
437 444
268 274
553 558
547 551
1263 1264
702 707
345 346
833 846
945 946
1201 1222
127 132
1133 1135
868 869
1352 1362
215 216
721 723
1107 1116
235 244
19 22
1035 1037
1142 1146
1168 1174
1264 1270
43 55
1235 1241
745 750
157 162
742 745
795 805
1194 1201
23 27
1192 1194
278 282
352 365
604 610
1227 1231
14 19
978 987
66 82
464 465
1130 1133
444 449
111 113
1014 1018
177 190
1350 1352
1222 1227
216 220
113 124
891 894
6 14
1327 1334
1392 1396
765 768
755 756
1234 1235
887 891
294 298
621 623
567 568
618 621
966 972
299 300
55 58
1037 1039
923 929
536 540
1362 1374
642 647
973 978
96 101
287 288
1086 1101
282 285
1374 1383
1101 1104
56 61
66 69
1255 1261
999 1006
39 50
83 94
17 23
1342 1362
1045 1047
69 79
484 491
715 719
528 537
358 364
567 581
1121 1125
79 83
1147 1150
410 427
1021 1022
992 999
1366 1384
749 754
1090 1102
1213 1214
1205 1211
728 736
1297 1301
913 936
1428 1436
705 706
313 316
1013 1019
561 567
29 33
778 781
1026 1031
1308 1311
583 599
357 358
661 664
1150 1155
1006 1013
552 556
846 847
949 956
781 795
365 369
581 583
603 612
710 715
117 122
1417 1418
795 804
1020 1021
765 768
1060 1090
35 37
94 98
335 341
537 552
427 448
186 190
33 34
470 477
1159 1162
316 320
664 677
704 705
50 63
1019 1020
1318 1342
37 39
815 826
763 765
677 684
696 697
956 969
8 17
1022 1025
156 157
237 246
309 310
25 29
341 357
1362 1366
1048 1060
1425 1428
1047 1048
246 253
1240 1251
1025 1026
879 881
831 846
809 815
263 309
1102 1108
612 613
1162 1165
379 380
719 720
369 372
34 35
310 313
106 114
98 106
1221 1240
830 831
1261 1262
881 883
1283 1286
804 809
380 381
638 661
459 465
196 201
720 728
1165 1205
12 18
20 30
1220 1225
1035 1037
1182 1189
243 283
760 782
283 285
842 885
783 791
891 900
1146 1173
1037 1049
285 287
1051 1063
698 710
41 59
936 958
1211 1220
481 502
203 230
885 891
618 640
1004 1008
1225 1229
1302 1313
1229 1258
1001 1004
1189 1191
1264 1284
929 936
10 100
701 708
124 133
873 874
1153 1156
386 389
1115 1125
1368 1373
552 558
1284 1286
998 1000
123 124
613 619
790 794
97 101
399 403
259 262
1000 1008
1191 1195
1083 1090
874 878
425 428
670 677
961 962
511 521
1408 1411
785 787
61 67
594 595
1039 1041
101 111
404 405
581 589
17 20
343 346
1297 1301
974 978
462 471
1 7
725 731
67 74
447 458
829 830
378 380
1389 1390
255 257
486 490
152 155
114 117
147 152
1090 1093
366 367
734 739
763 765
711 720
758 763
1229 1237
197 209
597 605
962 967
1286 1294
257 259
1017 1026
894 897
631 647
1096 1098
787 789
570 574
1213 1215
111 114
1339 1341
1164 1169
648 654
1055 1060
958 960
752 758
1171 1173
609 613
364 366
960 961
1186 1191
1374 1375
155 167
505 508
86 88
422 425
41 42
1215 1217
74 86
1173 1176
237 238
1102 1112
1294 1297
338 341
1008 1010
808 813
167 171
749 752
799 803
739 740
1052 1055
210 237
837 853
1125 1133
1169 1171
871 873
664 667
914 924
936 937
1432 1434
1313 1315
79 90
1426 1433
621 630
760 761
1316 1323
1090 1094
873 875
633 639
513 514
1068 1072
1088 1090
1117 1118
1350 1373
1172 1176
91 103
933 936
694 697
775 777
817 820
20 22
962 967
355 356
1024 1027
648 654
377 378
1246 1251
460 462
1031 1039
1 11
210 211
426 435
78 83
402 410
613 617
441 444
534 536
1417 1419
227 232
298 300
885 897
1077 1087
1401 1405
1337 1344
451 459
356 368
733 744
382 388
688 692
557 566
388 402
285 298
1145 1154
192 197
777 797
1218 1229
309 318
619 621
1233 1234
529 534
332 342
1121 1127
470 471
728 730
251 260
858 871
837 838
211 212
960 962
871 873
724 728
1048 1054
744 754
1268 1271
166 171
944 949
1154 1162
277 285
1176 1177
1005 1007
1054 1055
190 192
1433 1434
518 529
654 655
1055 1057
378 382
462 467
1162 1168
515 518
838 851
773 775
1434 1435
508 510
1310 1316
882 885
1132 1136
67 78
1169 1171
467 468
630 633
897 910
1400 1401
171 173
232 236
444 451
1290 1299
655 661
1379 1400
318 322
1087 1088
435 441
483 489
58 61
714 715
566 571
471 483
719 724
597 600
1251 1257
208 210
1057 1058
1245 1246
797 799
589 590
368 374
19 20
61 67
556 557
661 677
572 575
1422 1423
114 134
1096 1106
697 707
344 355
212 216
36 40
545 556
1344 1346
808 814
1374 1379
216 220
763 764
949 957
47 55
805 807
198 201
758 759
755 758
1040 1048
1094 1096
55 58
35 36
489 492
1171 1172
423 426
220 227
1136 1143
1039 1040
236 239
1058 1060
1299 1300
824 832
1435 1439
997 998
1373 1374
967 983
1194 1209
715 719
1280 1290
100 100
135 136
576 589
189 192
982 988
420 424
618 621
977 979
62 80
680 681
711 734
979 981
465 473
531 534
649 650
1130 1133
1249 1250
739 746
1207 1214
1018 1021
488 491
5 14
58 62
212 213
793 794
80 87
1189 1191
1219 1227
1392 1411
1214 1217
939 946
930 935
200 204
887 893
679 680
1321 1329
1282 1289
147 151
122 135
1197 1204
1126 1128
87 88
319 321
204 212
607 609
361 380
534 540
429 446
1390 1391
1120 1124
1380 1383
929 930
226 231
1148 1149
1281 1282
480 482
675 678
1113 1120
1178 1179
595 603
1139 1148
411 420
866 871
391 408
347 350
344 347
151 168
173 174
192 195
647 649
527 531
1128 1130
350 351
974 977
28 57
14 28
954 960
1084 1087
484 486
1089 1091
997 1001
882 887
1227 1228
359 361
1155 1178
1179 1189
812 825
590 593
1056 1079
118 122
1138 1139
571 572
1289 1292
1017 1018
456 465
837 861
195 196
614 618
907 929
645 647
1250 1255
554 561
827 835
1048 1051
761 777
893 897
1372 1373
686 687
336 344
1149 1151
681 686
331 332
861 863
1305 1312
1295 1300
652 657
803 806
482 484
1347 1351
825 827
561 562
746 747
1082 1084
240 274
621 635
1345 1347
897 907
174 189
511 526
863 866
639 645
1391 1392
136 147
100 117
1051 1056
526 527
1194 1197
509 510
1300 1305
196 198
1001 1017
1411 1412
334 336
1217 1219
220 226
491 509
734 739
380 391
806 810
650 652
693 697
351 359
1151 1155
960 971
1351 1352
1133 1138
446 456
935 937
1339 1345
835 837
540 546
96 100
988 997
1204 1207
871 880
946 950
1079 1080
1047 1048
1091 1095
1021 1024
1030 1031
231 240
332 334
937 939
546 550
589 590
657 675
1265 1281
593 595
168 173
321 323
678 679
635 639
981 982
1031 1047
473 480
408 411
603 607
300 314
609 614
424 429
697 711
1236 1249
687 688
1373 1380
777 793
1329 1332
198 200
562 571
88 96
1191 1194
60 68
642 651
32 37
1265 1268
965 970
1355 1363
662 672
402 403
565 591
1372 1373
943 951
957 962
1076 1077
103 110
1268 1270
1187 1194
413 419
1391 1394
1058 1060
599 601
676 678
1173 1180
871 876
1395 1398
555 560
130 131
6 15
1077 1080
1394 1395
273 282
619 620
1008 1023
1412 1415
500 505
92 98
1023 1024
763 769
953 954
241 243
65 76
744 747
535 536
1225 1239
1246 1248
805 811
935 937
1248 1252
37 39
147 154
246 252
937 941
216 218
522 524
267 268
303 307
1350 1352
292 293
218 220
1089 1090
620 627
769 780
1108 1116
444 445
429 434
551 555
1062 1064
970 1002
1155 1158
236 240
701 702
831 832
307 310
1270 1279
660 662
1302 1309
1040 1042
86 92
131 135
1212 1220
155 156
1073 1074
1121 1126
1405 1406
1116 1121
692 696
941 942
607 608
167 173
1182 1184
1207 1209
704 717
678 692
334 335
445 446
702 704
591 592
446 453
1433 1436
951 952
124 130
1312 1319
50 62
85 86
1066 1067
313 315
1158 1160
1027 1039
1240 1242
858 861
930 935
1184 1187
850 851
156 160
229 230
293 297
453 456
906 914
794 799
1242 1246
252 261
526 533
541 542
1047 1055
901 906
952 953
1067 1073
536 537
350 352
221 224
95 0
299 303
769 775
561 565
1391 1392
1296 1300
1267 1270
326 327
945 949
755 761
327 328
732 734
1274 1286
555 558
1323 1324
1424 1428
949 953
1367 1371
1229 1231
775 780
1347 1348
416 420
70 71
287 299
701 708
569 571
1328 1342
613 614
1157 1174
338 350
1017 1022
641 644
1093 1103
708 717
178 184
1406 1415
917 919
673 677
1009 1013
1105 1107
126 133
1421 1423
11 12
56 67
1399 1402
1253 1255
552 554
730 732
990 994
1047 1054
1348 1355
1346 1347
547 552
491 501
461 462
1326 1328
864 873
165 167
1040 1047
1134 1144
646 649
479 482
1312 1313
373 375
667 672
38 43
156 157
1416 1421
1090 1091
1264 1266
825 829
1300 1305
1390 1391
278 287
1153 1157
1270 1274
977 990
68 70
1175 1184
971 977
1430 1435
761 769
853 859
1231 1246
36 38
353 354
488 490
521 539
920 922
922 924
566 569
311 316
998 1009
1116 1121
717 730
184 198
2 0
10 360
1079 1429
52 46
140 156
836 892
806 824
70 92
1149 1154
729 737
519 525
964 996
835 836
192 194
1338 1341
719 729
303 325
571 584
766 774
737 766
1202 1217
92 94
774 782
482 497
1381 1439
1197 1202
553 561
1333 1338
1147 1149
549 553
411 427
1341 1381
1154 1172
1041 1058
1058 1064
1027 1031
94 100
1146 1147
584 594
399 400
830 835
211 221
1018 1024
1172 1184
718 719
273 303
824 830
1064 1068
221 234
1100 1107
1184 1189
594 608
892 935
1024 1027
959 964
1217 1223
703 718
947 948
325 326
1274 1277
506 513
188 192
513 514
653 695
608 653
480 482
1223 1274
471 480
194 211
782 800
326 399
996 1018
514 519
1189 1197
400 411
1068 1100
1313 1315
1315 1333
1293 1311
525 533
935 947
156 164
1107 1114
497 506
533 549
800 806
561 563
563 571
695 703
1035 1041
948 959
1311 1313
1277 1280
1280 1293
102 140
234 270
1031 1035
1439 1440
100 102
270 273
1114 1146
164 188
11 27
206 214
400 402
461 466
745 750
724 738
707 711
1076 1081
1002 1009
1090 1092
583 599
1290 1294
1336 1344
25 28
8 12
44 56
1179 1190
136 165
834 864
513 521
1104 1112
185 196
1256 1274
896 904
1294 1298
1393 1394
478 485
1101 1104
1095 1096
740 743
383 392
864 887
1220 1252
1099 1101
718 724
1305 1310
100 136
1321 1333
56 57
90 28
191 194
981 987
194 197
366 368
1213 1220
610 621
670 678
1322 1329
1049 1080
579 583
813 828
269 294
436 443
1207 1213
1359 1363
319 321
770 772
458 461
136 157
980 981
443 445
995 996
1047 1049
570 574
461 464
321 330
1013 1016
922 930
642 656
207 211
1417 1418
559 564
1321 1322
842 844
1369 1399
1255 1257
204 207
776 792
1257 1268
1424 1429
1287 1288
1418 1421
306 316
1308 1319
450 453
1246 1255
355 357
997 1013
228 232
330 346
1406 1411
536 539
806 808
1329 1332
232 233
346 355
915 922
1044 1047
828 838
368 372
1400 1406
731 738
757 764
17 28
622 641
445 450
428 431
197 204
857 882
2 17
1036 1044
174 191
910 915
727 729
772 776
584 587
838 839
1354 1355
792 806
882 897
996 997
1399 1400
1016 1030
851 857
1224 1236
403 415
467 474
1319 1321
304 306
477 493
897 910
841 842
1 2
493 494
357 366
1421 1424
587 610
464 467
316 319
701 711
1220 1224
1030 1036
1332 1353
297 299
524 536
157 171
1355 1359
1363 1367
935 975
932 935
621 622
975 980
415 416
37 82
237 254
431 436
987 994
656 658
44 55
32 44
146 152
300 302
637 652
1006 1014
265 271
1131 1154
447 464
558 559
280 284
1035 1039
848 850
965 970
312 313
1180 1206
895 897
1123 1125
201 228
1074 1079
846 848
802 804
740 767
934 941
820 823
868 895
1380 1385
104 106
678 684
1014 1035
738 740
284 291
1322 1326
302 312
619 624
566 573
1100 1120
420 421
823 828
624 634
844 846
495 506
573 595
970 1006
832 844
80 104
1326 1331
127 133
422 430
1393 1398
1079 1090
634 637
271 272
1154 1155
1090 1100
1176 1180
684 696
1125 1129
2 9
897 905
272 276
1120 1123
1155 1160
905 908
345 359
1368 1380
322 324
783 784
908 914
1398 1402
136 146
241 254
228 241
696 704
784 785
17 30
775 782
67 80
431 447
1039 1040
1046 1056
1385 1390
44 55
656 677
391 395
30 32
708 734
359 391
254 265
482 495
320 322
116 118
1043 1046
1129 1131
1212 1213
55 65
167 170
421 422
190 201
1213 1240
15 37
231 234
808 811
1097 1098
331 345
420 422
280 284
800 808
323 324
691 709
314 315
1405 1425
139 140
1122 1134
39 50
436 441
1096 1097
1398 1402
1108 1113
838 843
1080 1088
1264 1270
1167 1168
345 354
966 971
465 477
779 794
1292 1295
169 192
1208 1230
1252 1257
197 199
1141 1149
1134 1140
559 566
1140 1141
1181 1198
825 838
284 285
1402 1404
1318 1324
1239 1243
165 169
965 966
488 503
98 125
207 218
234 250
1198 1203
610 615
597 598
893 894
1379 1389
54 87
788 790
1111 1117
1240 1245
719 728
1078 1086
31 39
838 839
786 788
270 275
220 228
1020 1023
104 107
606 613
1142 1146
812 813
562 568
703 706
618 627
240 246
251 261
47 64
1248 1257
1395 1399
942 945
627 644
945 951
90 103
892 902
580 586
348 349
39 47
1424 1427
337 341
371 373
103 104
1146 1147
261 270
336 337
884 892
1271 1277
1034 1041
995 998
1128 1137
1374 1390
902 903
145 167
172 178
368 370
1399 1409
1119 1128
1277 1279
908 913
1372 1374
453 458
360 368
883 884
494 499
127 138
1329 1330
1338 1340
125 126
793 799
547 551
4 18
525 547
556 561
778 784
662 678
770 778
485 487
169 172
349 351
479 481
275 283
214 220
1188 1194
465 467
430 440
380 384
644 648
970 975
1438 1439
311 312
1330 1338
561 562
683 684
459 464
312 336
126 127
370 371
287 305
123 125
1427 1429
570 575
351 360
1390 1392
648 662
499 501
1062 1066
713 719
467 469
1147 1150
952 956
1070 1077
1290 1292
18 31
1109 1111
1439 1440
586 587
1328 1329
568 570
575 576
1409 1416
799 812
594 606
913 933
1117 1119
475 479
1011 1020
1261 1271
1340 1372
1245 1248
817 822
617 618
1194 1219
684 703
844 873
903 904
613 617
501 525
975 995
878 882
998 1011
1150 1166
1279 1284
1219 1229
491 494
1086 1094
951 952
1094 1109
305 311
43 58
1069 1089
839 841
484 491
380 382
333 347
415 417
761 763
909 910
1192 1200
1383 1389
695 696
1182 1192
801 802
186 191
1374 1376
259 265
1367 1368
578 579
1228 1230
892 909
654 658
362 365
1063 1065
781 801
408 415
669 670
563 567
536 539
743 745
382 391
1266 1267
558 562
369 380
365 368
1376 1383
1176 1182
478 483
626 633
250 259
1340 1342
752 758
1240 1243
991 992
195 207
1012 1029
1150 1151
1323 1327
236 250
310 314
171 186
713 721
1065 1068
170 171
291 303
874 875
642 644
1267 1277
207 232
1310 1313
600 601
368 369
35 37
303 310
915 928
314 316
665 669
58 74
391 393
739 741
1243 1266
689 695
1115 1117
1089 1095
1343 1349
1329 1334
777 778
521 525
1334 1340
405 408
841 852
3 5
550 558
1095 1099
518 521
461 462
1401 1404
525 526
1313 1314
491 499
696 697
1051 1063
1316 1323
347 350
852 856
443 461
606 613
417 432
670 685
11 23
265 291
802 828
37 98
799 805
155 158
980 981
656 659
124 130
558 560
910 923
1419 1420
866 881
47 48
1187 1189
88 89
1313 1316
1227 1232
508 514
325 327
611 616
708 722
1030 1032
359 363
1103 1106
271 272
1067 1072
661 667
407 411
1003 1004
1015 1018
1171 1175
393 396
1114 1117
573 575
824 838
315 317
1032 1034
605 607
1189 1194
1318 1319
679 680
1335 1342
552 555
167 177
995 1000
248 252
842 847
220 221
101 105
1111 1113
1154 1155
1140 1144
1294 1297
775 776
548 550
796 799
1000 1003
557 558
1327 1334
1346 1356
1208 1209
46 47
217 218
1183 1185
1257 1259
643 656
1342 1344
269 271
622 626
1260 1261
187 203
356 359
238 240
293 302
590 593
273 275
120 124
353 355
66 71
1175 1176
1402 1409
892 902
1090 1094
838 842
939 942
1297 1305
1209 1213
726 745
638 639
1139 1140
234 238
754 759
1264 1266
1423 1434
805 820
589 590
218 220
1008 1010
154 155
1155 1157
478 479
1409 1419
1018 1021
1094 1103
1051 1054
275 280
600 601
680 681
115 120
1218 1220
61 62
1237 1255
1266 1271
659 661
1046 1051
309 315
303 305
340 346
1179 1180
1194 1196
150 151
1439 1440
1320 1322
272 273
520 533
268 269
280 284
377 388
352 353
1011 1014
759 775
881 882
1319 1320
50 52
883 885
5 15
492 497
1072 1074
65 48
684 685
714 719
811 818
202 214
1295 1296
1187 1200
1418 1419
1419 1425
328 351
1286 1295
414 418
196 199
1104 1112
1185 1187
1117 1123
430 433
1114 1117
55 57
551 557
726 736
1315 1317
1414 1416
175 176
158 161
429 430
881 891
135 142
667 677
830 840
424 429
116 125
383 401
10 17
1137 1138
315 328
433 437
1388 1397
19 20
856 870
807 811
935 938
973 1004
314 315
245 246
246 253
351 352
698 706
736 743
32 36
607 612
111 116
223 240
216 220
352 371
1404 1408
956 973
1039 1041
1408 1414
1268 1270
685 691
220 222
1272 1286
105 111
479 488
412 414
1245 1248
371 383
257 261
1138 1139
579 589
1212 1217
1088 1104
719 726
1299 1311
563 579
57 92
904 927
1075 1078
418 424
502 544
656 667
265 269
1041 1062
1311 1315
1156 1160
1037 1039
1325 1326
288 302
1030 1037
142 149
176 184
1123 1133
125 135
490 492
1183 1185
760 776
706 714
802 807
1160 1183
634 656
557 563
261 265
1363 1366
954 956
1317 1325
1210 1212
1366 1371
589 597
1262 1268
282 285
1153 1156
1270 1272
253 254
13 36
326 331
1393 1402
707 728
1058 1065
246 248
789 790
340 343
1 8
1134 1154
77 83
898 905
1246 1272
889 892
362 381
235 246
583 623
1283 1290
970 984
940 952
163 165
552 553
437 484
488 493
1191 1199
165 166
118 121
870 875
176 235
683 687
260 267
775 788
325 326
623 653
728 755
1409 1427
1427 1440
248 260
1175 1176
905 915
382 389
876 883
656 659
65 75
1402 1409
932 940
267 293
331 340
166 176
405 410
0 2
541 901
180 540
0 2
0 360
1080 1440
87 63
829 843
1119 1122
897 902
995 999
387 396
480 482
707 708
426 427
495 507
1072 1075
769 772
126 128
217 222
555 565
428 430
112 114
935 936
134 135
106 112
1300 1301
772 773
1097 1103
148 159
1089 1091
373 374
492 495
415 426
1369 1376
790 802
986 994
1105 1106
902 911
135 137
942 944
1207 1217
872 875
471 480
346 360
132 134
1155 1160
802 818
44 49
37 38
322 326
507 524
464 471
314 319
235 239
953 958
191 196
1302 1308
919 922
1106 1110
843 859
976 981
190 191
546 555
196 209
970 976
1294 1295
533 534
1224 1226
1238 1242
1295 1300
1088 1089
226 235
404 411
1410 1413
1081 1083
1284 1294
1075 1081
585 592
1222 1224
489 492
1056 1072
592 596
360 368
38 44
298 311
430 433
253 254
614 618
32 37
1007 1022
239 252
540 541
1091 1097
1194 1207
1004 1007
1413 1416
411 415
1399 1404
1217 1222
579 585
672 679
936 942
1434 1440
1022 1035
757 759
137 148
544 545
1301 1302
96 106
628 631
633 638
1242 1244
1419 1424
602 605
1123 1136
545 546
260 275
222 226
332 337
994 995
159 168
944 953
188 190
760 769
1331 1345
92 96
449 464
374 387
665 670
1049 1051
631 633
121 124
1 18
445 449
49 59
29 30
1226 1238
818 829
670 672
1376 1381
1308 1320
653 665
710 757
30 32
759 760
1382 1398
1417 1419
433 445
958 965
254 259
173 188
482 488
86 92
1253 1280
1398 1399
1280 1284
66 18
103 107
1100 1107
636 647
1214 1229
932 935
1061 1066
452 470
779 789
789 796
446 452
1066 1075
685 715
108 113
775 779
1165 1167
364 373
373 382
953 956
603 612
894 902
758 766
1325 1349
796 799
956 962
1164 1165
1029 1033
198 199
1211 1214
409 428
1204 1211
1360 1369
113 133
886 894
872 874
1096 1100
1006 1013
278 288
590 600
1139 1161
436 446
1161 1164
652 661
288 294
1403 1440
1038 1061
533 535
209 211
98 101
971 974
101 103
1193 1197
200 203
911 929
1250 1272
818 830
1191 1193
361 363
297 309
993 1002
766 773
142 189
296 297
272 275
962 971
935 948
814 818
874 886
385 388
1372 1383
948 953
1197 1204
976 993
199 200
509 520
496 509
275 278
133 142
74 98
197 198
1272 1296
531 533
343 347
1013 1029
929 932
71 68
351 367
452 454
269 273
98 101
645 651
676 690
1425 1426
771 772
938 942
1002 1007
1288 1289
306 307
847 857
831 838
162 172
140 142
664 671
1105 1107
1314 1320
571 576
1385 1386
816 818
207 214
376 380
943 959
18 26
34 44
49 50
1435 1440
959 969
84 86
726 727
925 926
1052 1060
438 439
973 987
874 880
202 206
913 925
663 664
1118 1140
819 823
758 767
1195 1200
695 701
1263 1267
86 98
375 376
380 418
367 369
892 907
641 645
937 938
29 34
772 774
234 235
524 525
615 641
723 725
655 657
116 117
1114 1118
150 162
44 49
801 808
791 796
1029 1042
60 63
273 274
511 513
260 268
814 816
1182 1184
26 29
70 72
1151 1156
1390 1391
423 431
177 180
1184 1186
525 563
274 276
1213 1219
727 729
487 491
1080 1086
1201 1205
651 655
332 340
584 591
293 297
1410 1411
142 143
1329 1342
324 329
744 758
276 277
1391 1402
307 309
228 229
323 324
701 707
1094 1097
1328 1329
1402 1410
1286 1288
1426 1435
1347 1361
1411 1421
1007 1020
1142 1143
774 781
235 245
725 726
576 578
1284 1286
2 13
206 207
329 331
1109 1111
1063 1069
331 332
796 801
254 260
987 993
707 723
431 437
309 310
470 474
1222 1229
117 126
13 18
1271 1279
72 83
1371 1385
781 782
1366 1371
340 345
1300 1306
13 98
496 515
725 726
772 774
285 287
1425 1431
1393 1400
1334 1336
672 679
1116 1123
229 251
298 301
1305 1306
474 495
880 884
649 664
1412 1416
174 177
577 605
561 563
1096 1097
755 756
1252 1253
1254 1260
172 173
24 27
1329 1333
395 402
762 768
168 171
182 194
691 698
1225 1226
989 991
954 959
811 833
757 762
526 530
1357 1360
80 87
1104 1105
713 718
857 864
786 806
959 960
1017 1036
516 526
1400 1408
18 24
227 228
935 940
341 344
1173 1180
924 935
1299 1303
563 570
87 95
218 221
411 429
437 445
606 610
122 123
885 905
1095 1096
710 713
58 74
1123 1125
718 724
941 950
836 842
445 453
140 148
1418 1425
459 460
724 725
206 211
619 622
1133 1144
453 456
287 298
433 437
842 843
317 318
464 465
282 285
194 196
157 166
1416 1417
369 375
166 167
221 227
1313 1317
1200 1214
1226 1234
991 995
909 911
735 755
1190 1198
1431 1435
1373 1393
1249 1250
251 255
950 954
1333 1334
906 909
217 218
1183 1190
530 532
1105 1107
134 140
318 339
228 229
89 75
144 145
1267 1271
1174 1176
511 513
513 524
89 94
284 292
755 756
889 898
1435 1440
720 724
526 528
104 113
1084 1094
114 117
545 569
673 682
1151 1158
1173 1174
887 889
57 64
1176 1179
724 735
831 835
87 89
142 144
1271 1273
1040 1049
340 342
580 581
953 955
735 755
1169 1173
682 691
400 403
637 655
1049 1051
1159 1168
79 86
1359 1360
710 720
822 823
756 757
1052 1065
1065 1067
1003 1005
1179 1191
1051 1052
775 776
1075 1076
145 148
1397 1409
573 580
1334 1343
1265 1267
148 164
1371 1378
1409 1421
598 601
854 869
757 758
993 1003
1390 1397
201 204
764 775
1293 1307
1292 1293
190 195
1110 1118
1027 1037
53 54
776 790
569 571
970 979
955 956
699 700
223 253
655 673
791 800
32 38
758 762
179 190
113 114
1360 1364
571 572
816 821
790 791
195 201
38 41
601 634
269 284
204 223
1220 1250
805 816
292 299
1286 1292
420 424
171 179
803 805
692 695
1068 1075
1421 1435
572 573
524 526
691 692
762 764
117 142
253 262
299 322
424 429
587 594
170 171
585 587
262 269
2 32
1364 1371
1168 1169
1193 1201
1384 1390
800 803
43 50
695 699
1005 1026
823 829
54 57
1037 1040
902 939
1106 1110
99 104
1191 1192
956 970
94 99
1081 1084
835 847
351 362
510 511
1201 1220
466 469
1026 1027
829 831
444 466
700 710
1347 1359
1378 1384
884 887
1076 1081
1307 1334
429 433
500 501
164 170
350 351
882 884
50 53
528 545
898 902
64 79
581 585
403 408
939 953
501 510
1250 1265
634 637
981 993
1192 1193
1 62
132 133
461 467
1298 1303
1169 1176
872 877
613 616
840 854
469 470
772 777
701 705
1061 1076
118 119
249 252
1277 1281
1111 1118
206 207
1409 1410
777 781
1374 1377
1182 1184
1002 1003
326 331
1047 1053
139 146
119 132
542 545
215 228
1309 1318
616 621
799 808
247 249
994 1002
980 988
64 84
207 208
675 693
417 434
1319 1320
705 706
496 498
713 715
1059 1061
961 968
868 872
294 299
650 654
667 669
1413 1432
758 772
938 942
585 589
467 469
470 472
592 594
521 529
117 118
809 835
955 961
1354 1363
944 947
545 556
923 938
325 326
7 52
1348 1349
394 396
780 786
817 829
606 609
919 933
374 380
487 497
662 665
1084 1099
435 444
979 986
872 873
1422 1427
220 221
1370 1371
988 989
16 25
1185 1186
1241 1263
1415 1422
290 300
837 844
529 545
334 344
1324 1348
210 220
383 394
1371 1377
302 303
254 257
895 898
610 612
11 13
1281 1294
554 566
351 359
14 16
802 805
200 201
829 830
705 712
1182 1185
171 175
637 638
986 988
1409 1415
658 662
74 78
287 290
259 285
712 721
175 188
1186 1188
808 817
107 114
786 802
1225 1241
1377 1382
51 14
1418 1425
1357 1362
1277 1302
460 466
466 476
1237 1241
610 615
1366 1369
1028 1060
1325 1342
642 660
117 120
243 255
1249 1251
1235 1237
1169 1201
1111 1129
27 37
190 196
1099 1105
764 769
540 541
538 540
577 583
694 697
339 356
1022 1023
196 212
1372 1375
399 405
415 449
395 399
935 967
982 995
682 694
572 577
221 230
1302 1309
745 751
476 482
615 616
88 94
449 460
285 308
308 309
236 240
910 923
1142 1146
660 665
751 764
483 485
371 375
1228 1235
1417 1418
110 117
1105 1111
1251 1272
485 490
1342 1348
1129 1133
1162 1169
338 339
898 903
165 168
860 880
2 0
0 360
1079 1429
2 0
10 360
1080 1430
11 18
1252 1255
506 510
803 807
707 731
1023 1030
1085 1105
759 760
125 151
45 49
582 583
1417 1418
224 239
1047 1054
1435 1440
246 259
287 289
51 57
882 885
343 349
1331 1341
731 733
678 679
207 214
100 104
1118 1120
1320 1329
1120 1131
772 783
1181 1187
1 1
0 1
1439 1440
17 30
1052 1054
1360 1379
361 362
881 884
411 412
195 203
518 519
379 388
1038 1042
1273 1310
482 483
330 340
1140 1144
1403 1406
590 604
604 615
867 878
519 546
901 915
277 279
28 30
1317 1336
423 435
41 44
416 423
162 182
1406 1407
1042 1045
834 837
18 28
289 306
915 929
325 330
1176 1179
1251 1252
981 1019
1024 1038
435 438
182 195
764 788
680 684
566 590
615 643
738 763
51 66
1185 1195
438 474
99 3
1090 1093
1075 1078
1044 1045
618 624
874 891
246 248
386 387
1360 1361
1236 1238
802 804
143 148
1328 1336
718 722
1080 1087
1049 1062
1171 1173
538 540
181 184
640 643
1405 1419
693 694
1292 1299
517 520
858 864
349 350
404 406
1138 1149
97 101
927 932
46 62
1215 1221
509 511
1284 1289
506 509
564 580
1039 1044
864 870
1243 1244
1336 1347
777 788
342 345
428 439
648 651
268 270
358 372
554 555
537 538
9 12
849 858
712 718
555 556
1425 1434
186 188
1164 1169
397 401
1169 1171
335 342
530 534
788 802
151 154
848 849
315 321
402 404
168 181
12 13
1173 1183
1045 1048
407 410
624 626
908 913
1231 1236
113 118
672 674
1419 1422
327 333
559 564
1252 1254
184 186
19 26
651 657
1434 1440
548 549
1322 1328
1093 1097
691 693
1378 1387
139 141
1239 1243
1062 1063
312 315
932 938
157 165
118 124
607 614
62 73
1299 1311
350 355
7 9
156 157
582 586
1106 1118
643 648
42 24
1349 1357
587 598
851 853
877 880
1329 1332
1024 1025
637 638
1410 1413
1069 1071
655 659
444 447
573 574
443 444
1204 1206
1001 1014
854 864
1406 1410
950 963
721 722
1145 1151
1185 1192
963 977
627 630
97 104
268 273
611 627
187 190
546 554
557 565
631 634
19 32
1230 1232
422 427
1357 1369
190 193
1014 1022
1405 1406
640 645
1340 1347
1097 1106
193 196
34 35
449 455
1395 1399
238 268
715 717
74 82
977 978
935 941
1023 1024
1120 1122
49 54
1151 1178
839 841
1432 1436
880 886
1258 1259
1289 1291
432 443
1291 1296
373 383
535 537
1399 1402
912 913
415 422
472 481
54 85
457 471
252 253
471 472
891 900
1369 1377
115 118
66 73
1323 1331
781 783
209 213
9 15
1190 1191
1394 1396
1204 1206
599 600
671 674
640 641
1057 1067
146 154
937 939
1025 1027
504 508
973 980
954 969
1307 1311
21 23
474 476
418 424
925 926
1315 1317
740 744
1072 1073
46 47
939 940
1241 1253
1210 1216
1311 1315
536 545
1044 1050
814 819
1292 1294
344 346
448 451
733 734
601 602
1191 1197
1260 1266
300 301
517 519
195 197
1253 1254
103 108
56 61
872 876
309 314
173 176
1422 1424
1203 1204
774 780
301 307
649 654
346 351
296 297
535 536
340 343
797 798
255 260
145 146
1053 1056
139 145
766 774
980 981
744 750
1317 1320
1056 1057
823 847
1032 1033
1397 1401
1183 1190
1145 1153
725 733
90 95
1000 1001
1425 1426
1429 1433
969 973
865 871
819 823
386 387
918 922
1272 1279
387 390
752 756
1360 1367
319 324
286 287
986 996
314 315
297 300
176 180
1113 1119
1197 1203
372 382
665 668
1135 1136
532 535
721 725
217 223
678 688
1239 1241
205 209
1094 1097
324 326
491 494
783 797
600 601
197 201
351 357
1420 1422
1027 1029
214 217
108 110
876 879
948 953
1345 1348
6 9
513 517
674 675
527 530
61 63
1320 1323
1067 1068
1284 1291
1279 1284
926 937
1042 1044
1119 1135
1158 1160
1386 1392
57 51
844 846
574 578
1319 1322
922 926
1403 1433
725 737
1004 1006
168 181
1322 1325
1365 1367
342 343
85 86
284 301
1152 1157
927 929
1298 1306
23 25
819 821
324 325
1052 1053
720 725
393 399
25 31
480 481
185 187
623 627
513 519
1279 1285
1234 1237
17 19
1034 1035
1218 1228
3 4
509 510
905 906
710 720
546 548
151 160
87 89
776 779
614 623
499 500
91 107
555 556
222 249
67 75
942 943
50 55
1165 1178
1336 1339
699 702
1078 1079
556 559
382 391
909 916
660 671
563 570
1376 1380
1230 1233
562 563
327 329
694 699
742 746
638 640
941 942
31 40
570 574
852 866
824 827
1272 1279
255 260
498 499
160 168
209 215
702 706
445 452
559 562
1293 1298
252 254
481 494
530 535
634 638
600 610
1178 1202
329 331
1103 1104
315 320
542 546
107 110
779 785
931 936
1086 1092
866 877
352 358
75 83
55 56
610 614
1313 1314
981 993
1010 1016
373 374
996 1004
919 920
500 509
510 513
970 972
19 22
135 149
53 67
147 160
1305 1307
808 809
959 963
441 444
566 568
803 804
691 701
675 679
328 329
135 144
465 467
276 279
963 964
1006 1012
1407 1408
1084 1085
1203 1204
1136 1143
284 291
118 125
1418 1422
1307 1309
437 438
335 342
1027 1029
470 471
261 265
922 923
1130 1132
897 913
329 335
893 894
519 523
926 929
839 843
999 1006
1208 1214
383 395
179 184
598 620
654 658
325 328
1326 1339
500 503
237 239
896 897
752 753
726 733
943 947
947 952
1422 1431
845 852
395 397
1065 1067
89 95
186 203
490 496
781 784
570 571
407 411
639 642
569 570
563 566
283 284
887 893
1431 1434
1059 1064
9 15
881 883
377 380
668 671
35 39
854 876
1217 1228
1435 1436
371 377
809 814
977 978
499 500
802 803
1071 1073
233 234
964 969
113 115
1408 1410
843 845
1434 1435
1386 1389
1290 1295
512 515
503 510
21 29
1014 1021
299 320
1309 1322
786 794
79 84
1298 1305
647 654
1079 1082
473 485
679 683
1124 1129
701 719
784 786
112 113
1339 1346
1029 1038
1297 1298
279 283
239 241
226 229
794 802
544 546
586 598
571 572
952 959
746 752
467 470
2 0
0 1
1439 1440
72 64
143 147
798 801
1368 1374
1137 1143
178 179
472 473
703 704
805 810
1121 1126
1358 1359
1090 1106
356 366
769 777
833 839
119 121
1235 1236
1126 1129
924 928
147 151
1341 1347
494 500
612 614
810 820
1245 1246
1012 1013
539 544
202 219
240 242
242 246
480 485
97 110
1018 1019
58 69
911 917
654 669
69 80
600 608
910 911
599 600
669 672
446 459
140 142
262 266
1301 1304
975 999
301 308
121 128
1239 1245
1129 1131
315 320
346 348
1070 1075
2 3
1149 1150
680 681
1361 1368
759 763
221 229
1397 1399
1204 1220
386 397
110 119
956 960
1429 1432
196 202
1349 1357
331 335
3 4
1164 1169
152 156
95 97
1320 1331
945 947
1106 1121
397 407
544 551
907 910
470 472
1432 1440
937 945
161 162
792 794
1319 1320
465 470
325 327
1347 1349
432 446
1399 1407
1220 1223
251 255
1076 1077
366 384
595 596
742 750
562 565
928 937
768 769
151 152
384 386
286 287
4 10
1357 1358
777 792
917 923
590 595
565 572
128 130
1251 1255
407 420
287 301
824 833
142 143
1131 1137
162 178
1383 1387
1013 1017
308 309
681 687
822 824
1421 1429
1310 1319
246 251
859 864
1304 1306
1169 1185
702 703
489 491
614 618
801 804
884 892
857 859
596 599
649 652
88 91
965 975
491 494
24 84
66 67
209 221
966 994
299 300
109 113
1430 1440
1104 1119
625 630
570 578
953 955
589 597
816 817
1178 1183
666 669
246 249
732 734
489 504
164 165
597 613
518 523
426 430
178 180
1358 1371
1201 1224
1324 1325
67 76
297 299
368 377
631 641
855 859
340 341
931 933
683 695
221 223
140 146
281 285
377 378
84 103
680 683
1019 1033
1263 1271
113 127
955 966
994 997
300 323
400 413
431 435
912 918
388 389
539 541
997 1001
767 774
1158 1174
4 30
1057 1060
619 625
258 260
1195 1201
1033 1041
1394 1406
350 361
647 664
1376 1381
646 647
1326 1339
324 340
523 525
204 209
1381 1394
848 851
165 177
1149 1157
677 680
758 767
413 420
726 732
466 489
669 677
926 931
197 204
278 281
517 518
1016 1019
30 46
442 446
1238 1240
263 278
1235 1238
695 708
177 178
1157 1158
918 926
744 746
896 906
755 758
378 379
361 364
851 853
1423 1430
708 711
341 350
152 164
734 744
285 286
46 47
1351 1355
1119 1137
1001 1006
29 81
615 627
406 412
869 881
989 990
333 341
1258 1266
515 516
1369 1377
56 61
1130 1144
1337 1340
294 306
259 264
685 691
117 129
1334 1336
761 763
1000 1013
599 600
344 356
712 727
1321 1328
70 78
727 730
810 820
264 282
637 644
664 665
420 425
197 198
935 940
1225 1256
730 733
1121 1130
733 736
980 989
1266 1268
288 294
582 585
548 555
145 197
1119 1121
254 259
341 344
1421 1438
306 307
774 777
49 56
1048 1054
412 420
460 465
1174 1196
501 510
1359 1369
912 920
823 824
736 749
820 823
496 501
1196 1201
627 636
1294 1305
1054 1057
4 5
1336 1337
1349 1359
1292 1294
895 902
1013 1017
1173 1174
851 866
1057 1064
1377 1378
517 519
691 696
927 935
595 599
129 145
1345 1349
516 517
920 927
769 774
665 685
513 515
359 385
439 455
601 614
1017 1021
561 582
696 705
510 513
841 843
1153 1154
1045 1048
282 286
236 238
1216 1225
1290 1292
1096 1100
1340 1345
1106 1119
252 254
249 252
535 544
61 69
113 117
1031 1045
488 491
34 37
425 427
14 32
885 891
1416 1419
1269 1271
581 587
1106 1113
16 31
1214 1215
939 951
58 59
1178 1179
1138 1144
877 884
1179 1181
1411 1416
51 52
1225 1229
388 392
35 42
1098 1099
1286 1291
557 559
687 693
1240 1241
1419 1421
1182 1185
67 70
591 595
683 685
382 384
52 56
1255 1266
790 794
1312 1316
459 470
852 868
79 80
372 378
530 534
191 199
1325 1328
316 327
251 268
564 569
62 63
1421 1423
107 112
0 2
1439 1440
0 1
97 6
944 954
1149 1152
929 942
217 223
1111 1113
866 884
1422 1436
1354 1362
504 507
1262 1265
415 416
229 235
1036 1045
131 135
656 670
301 307
1071 1080
82 92
71 75
955 957
510 519
891 894
726 727
577 581
1052 1056
957 973
206 217
240 248
223 225
921 929
896 897
1158 1163
534 535
780 787
228 229
1353 1354
494 496
745 757
581 593
440 441
1195 1219
1095 1102
124 127
575 577
807 815
116 124
695 697
416 421
401 411
1368 1370
115 116
226 228
1007 1011
1289 1311
1370 1376
1376 1392
421 429
158 168
307 349
1080 1095
1026 1033
1011 1013
1392 1398
703 713
571 572
1228 1231
654 656
739 740
1411 1422
697 703
864 866
64 71
237 240
275 278
443 454
731 739
361 393
629 635
757 758
1398 1411
411 415
617 625
954 955
519 524
1231 1258
200 201
1155 1158
1258 1262
493 494
1021 1026
1272 1289
500 504
1219 1228
135 139
1013 1021
1056 1062
1183 1186
358 361
429 430
144 149
1365 1368
168 179
1033 1036
0 2
10 360
1080 1440
40 82
552 559
607 609
359 360
510 514
617 630
742 746
87 95
1422 1430
104 114
431 434
137 141
235 236
1349 1350
1047 1060
769 771
668 671
37 41
854 872
360 362
1271 1272
1296 1300
1409 1411
1161 1166
609 617
1300 1310
1213 1227
1261 1268
144 160
1042 1047
194 224
883 888
1370 1390
1322 1327
754 761
97 104
1189 1204
456 458
781 819
824 825
224 235
522 529
604 607
328 335
1089 1090
697 709
1031 1038
837 853
453 454
671 683
826 830
95 97
529 531
1025 1028
901 903
933 935
1110 1114
713 715
296 297
564 578
1166 1167
722 723
454 456
261 266
1187 1189
1060 1062
1090 1091
1272 1279
114 124
723 726
16 29
1091 1099
1009 1013
559 564
1135 1161
292 296
163 173
266 268
323 324
517 519
1038 1042
539 551
75 76
419 431
41 42
1411 1415
998 1009
1227 1228
348 351
1062 1072
1246 1255
985 995
872 874
1073 1089
236 237
853 854
888 890
830 837
1268 1271
303 317
709 710
761 769
1315 1322
1404 1409
1417 1422
931 933
502 510
748 754
536 539
918 931
11 16
1179 1187
775 781
935 948
341 348
43 45
1228 1232
774 775
746 748
160 163
1279 1296
821 824
1013 1025
2 0
0 360
1080 1430
2 0
1080 1430
11 361
89 58
897 900
1320 1323
353 366
977 979
458 468
319 328
298 299
366 367
886 891
647 664
70 71
966 971
208 213
156 159
676 697
721 723
728 729
205 208
46 53
798 811
1184 1198
811 820
193 200
73 85
1429 1435
1436 1440
145 153
1008 1016
229 243
63 65
1435 1436
1323 1324
1212 1215
372 374
1425 1429
165 166
600 606
1251 1252
20 34
166 182
412 422
528 530
1407 1425
314 315
1005 1008
697 704
42 46
1096 1101
997 1005
376 377
404 407
973 975
900 907
781 783
115 117
474 477
1297 1309
88 93
562 573
368 372
775 781
1217 1220
783 789
514 520
243 254
1155 1168
153 156
1268 1276
864 867
869 870
468 474
756 758
634 640
936 939
927 936
367 368
870 878
1209 1212
589 600
214 221
1077 1085
588 589
573 574
940 958
820 846
789 793
1168 1169
1021 1040
964 966
1085 1090
477 489
159 165
979 981
1140 1149
1276 1283
1200 1203
374 376
723 727
1324 1335
891 893
1347 1354
939 940
771 774
1152 1153
1066 1070
85 88
509 514
553 562
489 495
93 95
708 710
407 409
546 553
1182 1184
129 133
574 579
53 58
727 728
527 528
878 883
530 537
182 186
1283 1297
971 973
1345 1346
1102 1109
213 214
133 145
625 628
1120 1140
612 620
377 404
743 747
1242 1248
1070 1077
1198 1200
960 964
350 353
34 42
1101 1102
1258 1265
127 129
299 314
739 743
1309 1320
640 643
919 927
100 100
96 97
44 45
40 41
42 43
148 149
0 1
16 17
170 171
36 37
54 55
132 133
56 57
2 3
176 177
46 47
172 173
136 137
30 31
28 29
12 13
138 139
74 75
164 165
34 35
198 199
134 135
32 33
38 39
50 51
190 191
168 169
126 127
122 123
82 83
124 125
64 65
196 197
192 193
20 21
194 195
48 49
104 105
128 129
92 93
114 115
62 63
100 101
162 163
24 25
90 91
94 95
106 107
130 131
120 121
26 27
112 113
166 167
160 161
146 147
80 81
10 11
72 73
98 99
188 189
186 187
150 151
22 23
14 15
180 181
6 7
156 157
158 159
8 9
108 109
78 79
182 183
68 69
116 117
18 19
84 85
88 89
52 53
66 67
110 111
154 155
60 61
142 143
174 175
152 153
70 71
76 77
118 119
178 179
140 141
144 145
4 5
184 185
102 103
86 87
58 59
202 203
200 201
228 229
340 341
350 351
392 393
352 353
244 245
286 287
256 257
366 367
336 337
288 289
310 311
224 225
258 259
290 291
302 303
252 253
216 217
270 271
226 227
300 301
368 369
332 333
298 299
382 383
312 313
322 323
396 397
318 319
376 377
334 335
246 247
306 307
206 207
232 233
236 237
326 327
398 399
292 293
242 243
280 281
276 277
272 273
344 345
284 285
274 275
210 211
230 231
330 331
240 241
214 215
386 387
384 385
360 361
372 373
222 223
354 355
234 235
266 267
362 363
308 309
220 221
238 239
364 365
324 325
378 379
208 209
388 389
356 357
358 359
268 269
218 219
316 317
282 283
250 251
248 249
374 375
370 371
296 297
314 315
348 349
328 329
254 255
204 205
262 263
294 295
394 395
320 321
260 261
342 343
264 265
346 347
380 381
390 391
278 279
338 339
212 213
304 305
15 77
938 955
1035 1051
1120 1124
737 748
98 107
472 475
1150 1152
638 640
933 938
603 608
1063 1076
992 996
1304 1321
721 726
1376 1380
1238 1254
1013 1014
1322 1328
429 432
475 479
996 1000
1124 1131
497 500
432 436
977 980
1152 1160
1362 1368
1014 1021
84 86
1021 1027
248 254
30 77
258 260
598 603
1147 1148
241 248
797 809
750 753
809 818
966 977
380 395
1055 1063
548 598
617 628
980 992
640 643
839 843
260 267
1263 1269
1181 1190
655 658
628 634
658 664
955 959
778 797
843 844
684 688
900 905
488 497
1004 1013
1348 1362
1160 1167
1321 1322
1386 1403
688 694
1148 1150
823 835
1380 1386
354 356
254 258
634 638
135 148
726 737
664 680
1237 1238
77 84
1140 1143
297 324
645 651
267 280
280 297
1414 1438
1328 1338
149 172
1257 1263
680 684
1173 1181
236 241
116 135
1030 1035
913 926
86 90
23 14
1426 1440
452 462
251 252
1395 1426
582 588
47 76
1131 1151
224 251
400 402
374 400
462 466
402 426
1221 1238
1200 1221
1286 1288
264 274
772 791
588 607
319 323
76 117
803 817
209 224
1154 1190
1282 1284
1284 1286
252 257
1360 1387
702 772
466 518
1267 1282
536 582
208 209
817 861
450 452
257 264
937 981
525 531
88 69
479 491
1109 1116
1019 1022
581 583
96 102
583 590
1227 1232
1364 1387
1259 1274
491 498
1387 1410
899 902
1226 1227
728 739
889 892
1213 1226
1355 1364
1022 1023
668 675
189 190
561 573
1199 1200
1313 1316
1023 1036
838 840
558 561
1333 1339
1103 1109
1274 1276
274 281
836 838
48 59
957 977
312 322
1237 1252
1200 1213
866 870
296 303
1009 1014
573 578
30 40
4 6
1128 1134
127 138
263 274
893 899
1339 1346
197 199
1156 1158
696 697
386 388
388 394
223 227
841 844
870 889
1410 1412
472 475
1158 1186
546 558
527 530
221 223
1350 1355
1258 1259
645 668
499 505
104 116
1292 1295
237 244
643 645
613 623
1017 1019
530 546
823 836
505 509
122 127
763 774
977 982
1191 1197
526 527
623 636
1252 1253
718 728
409 427
1186 1191
236 237
774 781
498 499
1316 1333
802 805
1282 1283
1276 1279
247 255
458 472
928 929
840 841
322 327
1422 1440
448 458
740 753
343 345
195 197
213 221
1412 1413
83 96
281 285
475 479
1137 1141
1280 1282
805 810
202 207
591 613
1413 1422
913 928
675 678
1102 1103
6 22
1047 1060
207 213
1153 1154
1084 1089
953 957
697 705
72 83
162 189
1041 1047
1141 1153
1014 1017
1297 1313
892 893
22 30
427 442
1036 1038
141 144
1038 1041
858 861
1134 1137
138 141
1116 1128
525 526
190 195
303 312
47 48
1279 1280
102 104
1060 1067
1154 1156
442 448
153 162
590 591
810 823
753 763
1253 1256
932 940
1291 1292
781 802
40 47
940 953
90 52
590 610
830 834
934 940
969 985
1323 1333
54 58
1231 1235
744 747
1390 1398
1398 1403
1290 1293
1418 1419
190 197
583 587
110 118
1132 1135
796 798
1198 1200
1174 1179
885 895
531 536
431 440
446 448
624 633
484 487
1171 1174
158 162
448 451
165 177
508 509
747 754
210 222
207 210
639 643
1235 1236
16 19
186 188
222 223
1097 1098
1037 1042
1344 1346
1179 1185
39 42
381 395
514 522
1200 1205
1057 1058
575 581
633 635
153 158
65 78
1215 1225
784 789
1205 1208
1121 1129
528 529
678 681
1299 1308
1091 1093
1149 1159
458 473
1225 1230
1093 1097
713 719
223 226
696 704
451 455
1161 1162
31 39
647 659
135 146
945 946
909 914
927 929
1346 1347
1069 1075
574 575
380 381
1405 1409
1359 1364
610 619
149 152
1029 1037
105 110
119 122
689 695
740 743
455 458
1351 1359
1389 1390
284 293
869 871
87 90
1131 1132
946 963
282 284
1075 1078
1135 1143
1159 1161
572 574
1098 1121
1364 1384
553 572
522 528
203 207
1055 1057
1438 1440
1193 1198
58 65
536 548
737 740
131 132
664 667
587 590
198 203
704 706
871 882
95 97
1338 1342
509 514
721 729
42 43
1277 1288
78 83
711 713
1246 1249
241 259
917 922
620 624
1230 1231
1249 1254
2 8
662 664
756 771
10 14
1059 1069
473 484
706 711
1162 1164
1236 1246
83 84
197 198
83 8
949 951
640 645
78 81
625 630
1162 1168
645 646
951 961
74 78
861 872
630 634
332 340
18 32
979 980
600 609
289 294
872 880
609 625
693 723
688 691
297 317
646 656
1264 1283
285 287
367 369
403 412
1348 1349
800 802
169 179
287 289
1262 1264
727 730
1345 1348
797 800
60 62
980 981
1349 1354
860 861
1354 1374
740 742
62 64
678 688
894 898
360 367
1091 1133
1083 1086
596 600
40 45
502 506
985 1017
50 53
484 490
254 257
348 356
1410 1423
634 635
445 450
267 273
730 734
802 834
1017 1021
1374 1375
417 418
1327 1336
239 254
771 773
470 484
330 332
418 431
81 86
1181 1190
898 915
45 50
1240 1262
295 297
1086 1091
691 693
1168 1179
1190 1192
915 922
594 596
1136 1158
64 74
324 330
294 295
848 860
546 594
982 985
87 115
1436 1440
1423 1429
1409 1410
15 0
1119 1120
203 218
603 625
1345 1364
1407 1440
1380 1394
490 501
1078 1092
1244 1251
229 230
230 261
304 308
1364 1376
132 138
822 832
57 28
1038 1084
272 274
736 737
133 137
1218 1225
726 733
986 993
275 276
21 27
993 1007
641 656
410 454
1201 1214
1243 1250
242 244
238 239
200 203
593 594
137 188
544 551
1250 1252
1370 1373
758 761
656 660
237 238
27 35
1359 1365
477 486
304 313
274 275
1007 1016
457 473
777 793
16 21
695 708
1350 1359
539 541
1162 1168
1344 1347
322 324
718 726
1331 1338
96 115
345 355
276 282
1154 1158
244 253
497 535
733 736
691 695
889 927
355 371
953 986
1226 1232
217 237
561 575
115 133
35 40
677 691
826 828
1184 1196
1033 1038
1089 1093
1253 1285
535 539
313 321
737 745
1168 1184
1142 1144
1136 1142
486 492
575 592
592 593
1158 1161
1347 1350
621 641
1322 1331
767 777
1144 1154
1232 1233
747 752
594 621
1308 1317
371 374
454 457
82 79
259 270
989 994
718 720
917 921
1164 1169
772 788
667 670
492 498
35 39
660 667
651 660
1078 1079
591 594
562 563
525 535
948 952
557 562
705 708
921 929
4 13
31 34
952 954
801 807
788 790
235 245
1375 1380
2 4
1412 1415
1390 1396
1029 1034
386 388
768 772
857 863
356 360
174 179
1336 1350
708 712
352 356
839 847
510 513
1387 1390
13 14
368 374
137 140
1438 1440
790 797
610 615
1144 1146
900 901
105 118
730 736
280 282
513 515
388 397
282 285
397 405
366 368
865 872
1050 1056
140 149
21 23
270 275
34 35
1368 1375
799 801
1317 1336
670 680
680 695
935 944
1056 1078
740 741
720 725
230 232
1039 1050
350 352
538 546
1108 1109
854 857
1285 1300
364 366
1423 1428
473 486
1303 1306
863 865
1038 1039
345 350
1132 1134
1150 1152
701 703
1146 1150
1226 1236
1200 1222
1109 1112
1365 1368
498 510
825 829
1300 1302
221 225
522 524
546 552
725 728
741 746
184 208
584 591
374 380
994 1004
594 610
1396 1411
1023 1029
1156 1158
136 137
457 466
872 884
1250 1258
301 305
469 472
515 522
1004 1016
700 701
797 799
535 538
552 557
695 700
571 582
1154 1156
763 764
944 948
405 429
712 718
1302 1303
1306 1310
1019 1023
901 904
149 151
986 989
380 386
970 976
466 469
52 54
225 230
981 986
183 184
703 705
1016 1019
829 830
624 651
208 221
1350 1356
1258 1285
24 31
898 900
285 288
14 20
254 259
807 824
1430 1438
158 174
99 105
830 839
49 52
429 457
50 50
66 69
1288 1290
773 776
771 773
604 606
23 24
776 795
1317 1337
851 852
233 251
852 889
1283 1288
24 26
307 341
563 569
456 464
306 307
972 974
263 287
992 1012
1071 1080
983 992
59 66
1281 1283
1224 1236
579 590
163 168
1241 1246
1408 1436
606 618
1087 1105
168 175
1236 1237
697 715
821 830
363 373
208 220
439 443
15 19
443 447
435 439
1181 1184
1237 1241
1012 1051
1086 1087
1337 1342
900 910
1208 1224
198 208
796 808
934 935
1080 1086
764 767
26 36
128 131
341 363
1105 1133
734 753
715 734
1133 1149
831 851
179 198
146 157
529 537
116 128
618 619
176 179
1342 1351
220 222
287 306
1269 1281
1149 1152
1051 1071
795 796
484 529
569 579
19 23
1395 1407
157 161
935 954
6 15
464 470
889 900
1356 1362
974 983
1375 1395
910 918
222 228
830 831
419 420
674 675
1194 1208
1362 1364
560 563
682 684
4 6
1184 1190
959 969
141 146
554 560
8 26
50 103
765 769
201 226
1314 1332
476 506
1184 1207
128 148
546 582
409 412
521 522
947 960
1424 1428
253 266
522 535
1134 1147
391 395
1276 1289
707 752
826 850
266 273
1373 1400
1423 1424
1118 1124
535 546
1071 1108
1432 1440
149 178
850 884
1344 1352
399 409
582 601
148 149
1108 1118
29 50
0 2
540 900
180 540
75 87
427 431
317 323
91 105
1245 1246
545 546
968 969
856 858
1322 1323
1178 1189
1270 1273
506 510
1166 1171
1395 1399
645 651
713 720
411 421
447 453
1098 1101
497 506
29 33
315 317
585 591
1101 1112
1304 1305
17 20
202 203
166 176
1171 1178
161 165
41 42
66 74
281 282
821 827
489 497
1144 1147
1004 1014
530 533
38 40
40 41
308 311
267 281
1091 1096
1240 1241
184 192
282 286
791 795
1376 1387
1291 1298
36 38
1159 1161
176 177
105 109
203 205
366 377
652 653
576 583
214 219
1189 1197
444 447
1284 1287
219 222
404 407
962 968
889 890
244 252
143 149
234 244
1047 1048
764 773
192 196
258 260
478 488
1287 1288
612 616
564 567
385 403
82 84
286 293
1220 1228
323 324
995 1001
165 166
1342 1361
603 611
265 266
1405 1428
357 358
762 764
720 723
293 301
125 127
1436 1440
1253 1265
827 828
779 786
1134 1143
626 627
891 923
701 708
1371 1374
488 489
1161 1166
117 123
1118 1126
1132 1134
149 161
521 524
934 935
346 352
1303 1304
670 672
1033 1047
177 184
377 380
328 332
208 214
653 670
1247 1253
196 202
983 989
1086 1091
651 652
1228 1240
611 612
301 308
1434 1436
795 798
594 603
1148 1156
325 328
465 476
25 29
266 267
989 995
252 253
518 519
421 427
109 117
982 983
1156 1159
591 594
723 725
84 91
519 521
1241 1245
832 839
253 258
1317 1322
858 861
453 455
930 932
1197 1200
403 404
923 929
127 143
380 385
1288 1291
42 66
890 891
124 125
1048 1057
1127 1132
0 2
11 361
1080 1440
0 100
83 84
1033 1035
324 334
1391 1396
94 95
1417 1428
198 199
573 575
814 816
1297 1301
375 378
742 744
1239 1244
32 35
286 299
1255 1257
1004 1009
1338 1344
1379 1384
628 630
175 179
251 252
1031 1033
972 976
242 250
12 17
266 272
84 88
708 718
1226 1239
445 452
670 671
1160 1164
1428 1435
222 238
514 517
475 477
484 491
1321 1331
1319 1321
111 124
560 561
828 830
1148 1156
255 266
798 812
500 503
1084 1092
36 37
1114 1121
888 891
761 762
300 303
995 1004
1293 1297
184 189
937 954
681 682
517 519
580 581
195 196
35 36
252 255
494 495
209 214
7 12
914 918
391 404
641 642
1212 1215
250 251
319 324
179 184
922 928
170 175
990 992
600 606
1333 1338
499 500
578 579
595 600
1166 1167
795 798
1052 1053
967 968
836 838
880 885
630 640
1053 1059
1359 1376
503 509
912 914
199 201
1278 1284
909 912
350 355
1248 1255
467 468
1190 1202
640 641
88 64
1253 1254
862 872
566 573
234 238
1183 1184
437 438
653 657
937 938
474 475
829 833
628 636
781 784
315 316
1173 1179
554 564
1158 1164
1339 1340
88 89
224 230
461 463
820 821
1388 1397
894 899
1036 1038
1410 1419
420 426
1282 1293
938 946
44 48
1352 1360
48 50
1067 1068
564 566
1138 1141
1094 1114
1274 1276
1317 1323
464 465
1264 1270
1224 1225
365 375
541 544
615 619
430 437
267 268
102 107
378 398
636 653
243 246
1360 1361
168 169
84 88
457 460
1361 1365
1235 1243
179 184
1222 1224
1419 1421
1087 1089
804 806
915 923
347 358
94 100
506 515
207 211
1438 1439
573 578
1192 1194
711 726
1187 1192
1365 1381
726 732
1243 1253
545 548
946 951
1164 1169
61 70
986 995
398 402
626 628
1258 1264
1254 1258
31 32
1225 1231
899 900
1421 1422
875 877
1114 1120
705 711
1068 1070
1170 1173
415 417
600 605
135 151
247 267
605 610
613 615
417 420
1326 1339
60 61
1231 1235
312 313
903 915
1293 1296
523 528
1323 1326
679 680
1422 1424
1296 1300
1312 1313
230 233
268 285
330 334
1276 1282
1195 1198
118 122
1092 1094
246 247
122 123
1007 1036
691 695
833 856
873 875
1120 1121
473 474
70 74
1426 1431
341 347
238 242
26 31
1397 1410
857 862
997 1007
686 691
358 360
1057 1065
471 473
402 405
889 894
657 679
515 523
151 157
1194 1195
818 819
285 288
211 217
109 118
806 818
1169 1170
360 365
107 108
1199 1204
70 26
721 722
1250 1252
1253 1259
256 263
461 465
1433 1434
645 651
1100 1101
395 399
934 935
238 246
595 599
1047 1050
280 287
512 515
883 884
903 907
367 369
251 256
729 731
896 898
1161 1162
951 960
503 504
1249 1250
804 805
728 729
221 234
428 433
643 644
1008 1010
1062 1063
1293 1294
874 876
125 126
574 581
781 782
762 776
999 1000
1264 1282
886 896
862 863
673 681
36 41
1439 1440
1010 1011
381 391
126 135
603 605
170 174
391 394
1241 1242
358 367
1438 1439
98 100
519 528
1370 1381
369 370
287 290
1038 1039
898 903
1206 1215
1101 1105
203 207
2 10
1335 1341
544 545
932 934
219 221
825 831
696 703
753 760
854 859
1200 1206
530 540
1126 1140
263 264
581 590
1399 1400
272 280
555 561
504 508
1218 1223
1400 1402
1305 1306
528 530
394 395
599 603
43 44
777 778
401 404
84 96
935 944
1199 1200
174 175
331 340
13 66
392 398
1411 1419
401 410
146 154
705 707
853 854
1266 1275
465 468
555 565
671 672
1066 1072
600 603
176 177
1011 1014
1228 1232
24 28
1204 1206
533 537
1357 1358
1001 1006
1370 1377
468 480
948 954
703 705
1197 1200
955 956
1397 1403
29 62
92 94
642 643
358 369
786 787
174 176
743 747
1054 1060
1377 1379
287 288
1060 1066
62 63
1403 1411
78 86
573 574
132 140
1206 1222
1163 1170
498 501
998 1001
530 533
225 239
672 674
774 786
791 794
223 225
1232 1235
1191 1193
1116 1143
1170 1174
702 703
333 342
956 962
1185 1191
870 871
1143 1147
1287 1295
939 945
252 262
815 822
986 994
332 333
962 974
306 313
1430 1440
343 344
1365 1370
773 774
108 109
294 298
979 986
17 19
28 37
131 134
335 341
58 60
1360 1371
1195 1196
681 699
989 991
1400 1430
441 444
354 362
893 894
456 459
605 609
619 628
378 386
890 893
363 368
418 437
368 370
341 344
757 765
772 785
875 890
662 671
991 994
522 525
1298 1314
1281 1298
108 131
1166 1176
843 875
1243 1245
1021 1035
386 393
1141 1145
393 418
1217 1235
938 942
1430 1435
827 835
648 662
1245 1253
325 334
1035 1047
1196 1198
742 747
994 1021
592 601
207 241
74 78
1280 1281
765 772
306 325
1150 1159
967 986
1055 1081
248 278
241 248
1047 1049
615 619
344 350
1095 1116
699 710
538 549
165 207
82 89
148 152
1318 1321
696 700
631 633
257 260
1018 1023
645 652
204 205
1420 1429
654 659
747 756
57 58
105 115
640 645
583 584
1278 1291
357 358
423 425
83 85
906 907
700 705
1379 1380
603 605
871 879
452 456
851 853
1139 1141
1083 1086
636 640
157 158
171 179
1007 1008
1228 1231
911 913
144 146
987 991
913 917
764 765
461 463
1089 1091
617 630
1055 1057
1190 1192
1324 1325
808 809
970 973
767 769
1063 1069
1082 1083
811 823
1292 1302
279 280
1205 1227
1170 1184
1158 1161
928 935
85 92
725 731
1325 1326
1339 1342
1271 1272
486 488
7 22
746 747
565 577
774 775
1138 1139
1091 1097
358 370
474 477
478 486
419 420
1127 1131
59 61
762 764
65 73
400 405
47 50
137 141
579 581
1399 1417
777 779
255 256
405 409
581 583
667 669
1043 1046
146 147
633 635
635 636
707 715
260 261
284 286
30 31
514 538
760 761
1241 1250
467 474
429 431
23 30
1333 1335
992 1003
228 233
201 204
775 777
879 896
1161 1165
75 80
251 252
823 824
263 273
1141 1150
118 119
715 721
976 979
147 148
803 805
1369 1372
947 952
262 263
1008 1012
121 123
227 228
672 682
765 767
784 792
981 985
425 429
805 808
935 939
1364 1369
409 419
1169 1170
682 696
41 47
256 257
31 33
1344 1353
98 100
421 423
58 59
477 478
1429 1435
505 508
547 548
952 956
234 236
456 458
779 784
630 631
809 811
1003 1007
577 579
152 157
1272 1278
792 803
33 41
1308 1318
436 449
979 981
1054 1055
73 75
1150 1151
1227 1228
671 672
277 278
289 314
465 467
1374 1379
207 212
1360 1364
0 44
1080 1088
282 290
1232 1261
1119 1136
341 365
820 825
1074 1080
395 439
1158 1169
969 986
106 114
228 237
1149 1158
93 106
1183 1199
1199 1200
378 380
439 451
602 613
237 282
1169 1183
365 378
580 602
1323 1349
632 665
131 147
1231 1232
787 815
147 154
1279 1304
114 123
154 160
1200 1231
815 820
1395 1407
697 708
613 622
451 478
380 395
520 539
290 304
848 856
1384 1395
1004 1022
59 36
788 799
1004 1020
54 68
760 761
277 279
650 654
345 354
872 902
386 389
22 47
1083 1100
356 359
1216 1222
477 481
699 705
435 436
916 923
528 541
313 316
288 311
1215 1216
972 983
241 255
121 127
326 330
942 953
957 964
1224 1228
319 324
803 804
838 845
971 972
1228 1239
983 988
775 781
316 319
359 372
583 586
196 203
1183 1185
657 660
1428 1440
1042 1043
372 386
1349 1360
706 712
1274 1275
622 630
456 460
1277 1284
1401 1412
820 821
712 739
967 968
964 965
389 392
1341 1349
799 803
255 264
630 637
495 506
311 313
545 551
1058 1064
690 697
1256 1270
510 514
674 683
173 176
279 285
68 78
1313 1332
460 468
871 872
1222 1223
203 219
1123 1125
286 288
697 699
1115 1123
1182 1183
1307 1313
1169 1182
285 286
392 393
1043 1051
739 749
558 578
221 232
78 91
924 942
141 148
235 241
1126 1132
1273 1274
100 53
352 361
1434 1440
689 696
696 699
1203 1212
477 478
644 647
24 28
1430 1434
251 264
774 779
1264 1268
133 145
924 929
634 637
638 644
316 323
954 971
267 271
531 544
215 216
167 176
295 296
544 585
312 316
196 207
637 638
471 477
714 724
285 289
124 133
630 634
1225 1244
735 743
289 293
273 285
621 624
347 351
997 1004
931 944
1004 1010
1047 1056
796 803
869 876
107 124
901 908
620 621
1382 1385
480 481
761 773
1010 1012
861 869
394 403
17 18
335 347
481 483
758 761
793 796
1312 1315
944 954
219 224
754 758
522 528
18 23
28 36
145 156
1095 1097
15 17
713 714
300 312
647 667
1121 1136
803 804
64 75
271 273
751 754
1144 1153
508 522
733 735
705 713
3 15
1262 1264
604 609
1261 1262
245 246
1353 1364
351 352
423 432
1392 1398
804 822
1337 1349
971 977
403 408
1101 1108
1398 1407
1281 1286
929 931
528 529
1286 1289
667 680
432 439
1019 1024
1315 1323
1407 1415
1369 1382
98 107
1189 1196
699 705
443 471
1385 1392
361 394
412 418
1349 1353
876 877
75 98
408 412
685 689
877 901
419 422
264 267
1289 1305
323 335
207 215
1142 1144
293 295
680 685
1328 1337
1268 1272
1153 1189
1428 1429
724 733
422 423
483 508
1244 1261
609 620
36 37
1196 1203
1080 1089
23 24
1364 1369
1423 1428
1118 1121
585 586
1089 1095
908 924
1012 1019
1429 1430
439 443
1272 1273
1024 1047
246 250
1325 1328
176 196
59 19
1352 1358
1254 1255
339 340
946 947
1366 1368
471 477
13 18
313 317
11 13
1287 1289
990 992
167 170
260 286
1028 1032
485 491
113 119
1133 1151
99 107
628 638
774 775
1120 1127
1022 1024
177 184
163 167
606 610
727 748
597 598
723 727
993 998
572 573
1281 1287
498 503
259 260
1089 1095
55 62
592 594
1414 1419
343 367
388 389
393 398
584 587
132 137
231 239
1394 1402
137 144
998 999
849 852
1084 1089
858 874
695 702
406 433
144 150
715 721
708 715
1289 1292
775 783
615 616
185 192
1389 1391
953 965
1358 1363
554 560
62 74
1095 1120
610 615
573 578
1007 1010
389 393
947 953
986 987
618 621
578 584
318 319
1127 1133
109 113
171 177
530 554
1434 1440
50 36
1159 1160
657 658
421 428
1410 1421
232 240
116 127
469 478
914 925
365 375
1122 1133
1421 1423
502 532
1096 1100
566 603
1100 1122
835 870
1038 1041
925 934
714 772
887 889
1298 1300
900 914
614 628
428 459
1368 1377
1273 1278
1011 1012
4 19
1008 1010
275 284
54 55
459 469
788 823
478 486
1359 1368
1012 1015
533 540
1335 1336
1377 1379
1041 1055
1199 1211
1291 1298
532 533
830 835
1081 1093
1388 1394
1306 1328
699 714
664 671
1351 1359
565 566
1427 1434
1179 1199
304 323
1093 1096
287 304
495 502
1010 1011
113 116
1336 1350
55 112
889 900
1423 1427
19 21
112 113
1232 1273
680 699
375 379
1300 1301
1160 1179
21 54
545 549
1142 1153
540 545
323 365
156 165
1394 1398
1211 1232
1133 1142
252 253
1398 1410
1032 1038
1055 1070
408 421
169 196
240 252
43 85
295 296
14 17
425 433
1254 1256
611 615
391 392
519 524
300 303
1356 1360
1294 1298
1304 1313
113 114
577 586
1016 1029
31 33
1153 1154
641 643
661 666
498 501
373 374
830 844
979 984
925 927
1071 1072
603 611
956 959
1230 1231
446 447
1243 1244
1313 1314
778 783
851 866
1207 1209
643 647
275 285
444 446
751 757
447 448
159 164
760 761
807 815
1272 1279
379 381
3 9
936 948
360 372
1382 1399
477 478
465 467
180 181
984 985
97 104
460 461
1101 1111
112 113
1009 1010
381 382
1360 1363
651 654
595 598
484 486
1172 1178
776 777
1029 1040
1149 1153
1116 1118
757 760
372 373
1000 1007
173 180
1143 1149
443 444
687 688
344 351
26 31
1256 1259
969 977
392 415
1414 1418
1291 1294
382 387
486 489
1119 1121
994 1000
254 255
298 300
1060 1063
224 235
1437 1440
55 66
1065 1071
686 687
66 68
600 602
718 719
9 12
33 39
1121 1128
1374 1382
285 287
303 304
719 729
598 600
472 477
255 260
1044 1059
293 295
235 238
164 172
75 82
693 695
654 661
1012 1014
734 739
1084 1093
296 298
745 748
1075 1077
783 787
544 552
304 308
1251 1254
621 633
620 621
194 195
769 775
1214 1230
1194 1195
100 100
187 194
302 309
849 856
734 741
230 237
907 914
1166 1173
892 900
216 223
936 943
1080 1087
28 36
648 655
1281 1288
777 784
43 50
1267 1274
964 972
273 280
1209 1216
1051 1058
662 669
403 410
244 252
1180 1188
950 957
475 482
201 208
129 136
144 151
316 324
1108 1116
1152 1159
705 712
1065 1072
1008 1015
374 381
518 525
820 828
0 7
532 540
806 813
979 986
331 338
115 122
1238 1245
993 1000
1339 1346
676 684
158 165
460 468
604 612
14 21
1252 1260
1425 1432
172 180
878 885
1353 1360
446 453
763 770
1036 1044
1195 1202
1094 1101
547 554
259 266
1368 1375
720 727
1296 1303
86 93
288 295
1137 1144
1224 1231
835 842
691 698
1123 1130
1324 1332
1382 1389
72 79
489 496
100 108
417 424
619 626
388 396
1022 1029
748 756
921 928
504 511
1396 1404
345 352
561 568
1310 1317
432 439
57 64
590 597
792 799
360 367
864 871
633 640
1411 1418
576 583
1317 1324
1260 1267
525 532
1216 1224
1015 1022
381 388
1116 1123
324 331
280 288
727 734
1332 1339
684 691
612 619
1130 1137
122 129
511 518
496 504
741 748
1000 1008
252 259
352 360
669 676
1231 1238
424 432
338 345
468 475
482 489
842 849
367 374
1072 1080
640 648
1144 1152
1173 1180
756 763
237 244
1432 1440
295 302
540 547
1087 1094
1418 1425
1202 1209
7 14
583 590
180 187
626 633
36 43
208 216
770 777
410 417
813 820
1101 1108
266 273
165 172
712 720
900 907
568 576
871 878
64 72
93 100
453 460
698 705
223 230
396 403
151 158
554 561
194 201
597 604
1375 1382
799 806
972 979
856 864
136 144
885 892
1159 1166
50 57
784 792
1360 1368
828 835
79 86
1303 1310
1274 1281
957 964
928 936
1029 1036
1346 1353
108 115
1058 1065
1389 1396
986 993
1245 1252
914 921
1188 1195
439 446
1044 1051
1404 1411
309 316
943 950
21 28
1288 1296
655 662
68 94
378 388
394 395
519 523
904 908
58 63
868 871
957 959
860 868
162 167
1140 1147
1037 1041
442 444
299 304
1000 1006
169 182
1043 1048
557 559
1350 1358
33 34
75 76
296 299
779 785
1320 1324
792 799
1250 1253
1248 1249
26 31
1345 1350
145 156
744 749
751 752
973 974
727 728
1228 1235
702 703
551 552
999 1000
1083 1085
1048 1070
1157 1162
660 662
575 608
127 141
66 75
326 329
647 657
799 801
468 470
696 701
1169 1185
753 760
1416 1423
888 889
1373 1383
460 468
83 85
196 197
926 933
801 807
962 967
503 519
446 453
614 623
1389 1394
857 860
182 184
141 145
812 822
92 97
257 261
1334 1341
967 971
855 857
1085 1087
103 112
101 103
1260 1263
840 853
959 962
112 127
423 426
349 356
728 729
276 284
410 423
14 26
184 185
499 503
439 442
376 377
646 647
552 555
1147 1148
167 168
550 551
284 296
749 751
212 223
613 614
407 410
892 900
1078 1083
635 646
1185 1204
900 902
761 767
1011 1015
336 337
1332 1333
487 495
853 855
261 264
1341 1344
991 994
1259 1260
395 397
559 569
223 225
1238 1240
730 744
85 89
976 979
1204 1205
1326 1332
1041 1043
807 810
89 92
356 367
610 613
1403 1407
1423 1427
701 702
346 347
1133 1140
495 499
1344 1345
1162 1169
270 276
1227 1228
1263 1269
1333 1334
811 812
1034 1037
397 399
729 730
933 945
1113 1118
1028 1034
1310 1317
209 212
569 575
1205 1214
1105 1107
630 635
1284 1310
623 626
1434 1440
1427 1434
1358 1368
1124 1128
669 684
890 892
67 82
1421 1429
75 80
1316 1333
779 784
1375 1388
1196 1203
321 323
1334 1360
1269 1284
533 538
799 809
48 58
778 779
274 281
284 287
790 798
573 584
980 983
816 822
732 743
994 1003
497 500
86 91
769 776
828 831
900 907
694 701
33 41
822 828
144 157
221 222
974 976
494 497
916 917
1253 1258
587 595
1303 1316
657 659
1220 1222
222 223
233 246
701 702
450 459
471 477
307 321
374 376
749 754
614 616
1222 1229
595 604
1263 1265
110 125
917 923
125 127
541 543
976 980
281 283
838 841
108 110
923 940
1168 1171
500 523
1212 1215
58 59
63 75
431 450
193 195
223 233
859 898
384 390
523 533
940 954
631 638
538 541
188 193
1400 1421
459 471
1267 1269
264 266
1333 1334
391 395
127 130
80 83
983 990
287 298
1108 1114
549 550
954 974
1003 1005
130 136
1185 1196
550 551
1182 1185
258 264
743 749
1038 1044
1429 1440
702 719
992 994
412 414
323 345
1203 1204
266 269
853 859
1059 1061
420 421
403 412
1079 1099
719 722
728 732
784 788
91 108
604 607
41 45
269 273
724 728
351 374
273 274
907 910
283 284
629 631
661 663
477 493
1114 1117
551 562
910 916
1099 1100
345 346
298 307
1284 1288
45 48
1061 1077
390 391
83 84
1288 1303
414 420
1015 1026
157 164
1360 1364
1215 1220
776 778
176 179
646 657
10 24
688 694
381 384
1258 1259
136 137
841 853
26 16
767 771
756 766
914 937
952 954
1091 1093
791 795
251 271
223 225
1257 1268
589 598
349 353
327 342
149 150
1102 1119
1014 1025
853 867
1363 1378
537 538
1121 1133
1283 1286
213 219
414 416
684 685
954 973
734 736
1426 1428
98 100
416 419
1027 1029
88 98
353 358
138 141
148 149
640 644
1144 1150
5 22
1378 1379
1209 1212
325 326
1229 1232
709 718
1420 1426
10 11
439 453
322 333
333 359
498 501
605 652
409 413
867 878
1357 1419
828 837
1215 1221
1351 1357
972 1071
49 58
1419 1440
240 259
469 472
926 941
167 171
1177 1215
492 498
359 365
92 20
1380 1381
514 526
1121 1124
228 237
121 139
808 811
571 572
687 688
736 756
1142 1157
1201 1202
607 611
270 273
6 11
207 217
806 808
237 239
1160 1164
881 884
1060 1061
1068 1074
1213 1225
526 528
1256 1257
528 529
87 88
397 400
1370 1372
1258 1263
1414 1422
538 543
1039 1057
756 757
1061 1064
1280 1285
912 923
22 24
354 364
194 205
720 723
1377 1380
762 766
173 175
392 394
1 6
276 284
989 996
18 20
79 82
1296 1301
1339 1342
1426 1428
1001 1012
169 173
1329 1335
1018 1020
17 18
977 978
364 366
592 607
24 34
217 223
639 648
688 696
950 951
285 292
865 872
851 854
116 120
854 865
1129 1130
933 938
561 566
1236 1239
582 592
385 391
1257 1258
637 639
488 494
1026 1029
1177 1193
784 793
1193 1201
877 880
400 402
1309 1311
60 62
139 148
532 533
149 157
48 59
706 708
334 336
100 102
1020 1026
1311 1314
157 166
223 224
1246 1249
579 582
923 927
1231 1232
656 674
804 806
406 411
947 950
848 851
681 687
248 255
1272 1279
1139 1142
530 532
78 16
320 321
117 128
24 29
259 265
1064 1089
953 954
87 91
896 905
686 689
189 200
731 738
1344 1361
344 350
1401 1412
479 482
1436 1440
1268 1271
1061 1064
112 116
954 964
91 112
257 259
233 239
293 303
817 818
574 581
721 731
1165 1186
775 791
1307 1310
401 429
378 387
1093 1119
1137 1160
1335 1344
791 811
429 430
163 171
563 565
738 743
81 87
932 945
128 133
1412 1424
186 189
818 838
387 401
60 81
1186 1194
1121 1132
147 158
560 563
225 233
1216 1218
241 243
42 55
838 870
1056 1061
691 696
1132 1135
762 775
1310 1317
29 36
1334 1335
931 932
265 293
371 378
517 521
624 656
521 522
1197 1205
1424 1434
905 914
116 117
598 602
656 666
814 816
621 624
522 541
581 583
541 549
1205 1216
583 598
133 147
709 721
1194 1197
1163 1165
36 42
549 560
696 709
689 691
1027 1056
1135 1137
964 982
