100
1 1
540 600
840 900
2 0
900 1260
180 540
1 1
1439 1440
0 1
1 1
477 512
424 477
1 1
1201 1440
762 1071
0 1
726 1440
2 0
1274 1440
353 476
2 0
411 440
1241 1440
2 0
917 1440
820 917
2 0
909 1440
819 909
0 2
1281 1440
770 936
0 1
942 1212
1 0
621 1074
0 1
480 580
0 2
1063 1222
1222 1440
2 0
66 768
768 775
2 0
1361 1440
84 186
0 1
204 654
1 1
701 801
1355 1385
1 1
1281 1440
985 1281
0 2
1080 1440
11 361
0 2
10 360
1080 1440
0 2
372 411
411 548
1 1
1194 1440
634 1194
2 0
942 1151
1151 1223
2 0
120 431
1406 1440
2 0
1079 1429
10 360
0 1
1250 1440
0 2
1391 1440
984 1391
2 0
1435 1440
1123 1435
2 0
1080 1430
10 360
0 2
1254 1411
1411 1440
2 0
785 894
894 1335
0 2
813 1046
1046 1279
2 0
719 938
938 1171
1 1
0 1
1439 1440
2 0
1100 1440
1067 1100
0 2
753 1064
1064 1440
0 2
577 770
489 541
2 0
120 249
1213 1440
0 2
180 540
541 901
1 1
1396 1440
994 1396
1 1
1129 1440
699 1129
2 0
1392 1440
1081 1300
2 0
1038 1229
546 1038
0 2
247 275
9 247
1 0
1172 1299
1 0
159 283
2 0
150 200
200 290
1 1
808 1440
480 808
0 2
1329 1440
1301 1329
0 2
1018 1197
177 306
0 1
1203 1440
2 0
1224 1312
406 839
1 0
648 833
2 0
724 951
951 1061
2 0
407 778
1220 1440
0 2
1114 1403
713 1114
0 2
1416 1440
281 674
1 1
1305 1440
134 795
2 0
526 690
731 740
0 2
0 1
1439 1440
0 2
1201 1244
584 775
0 2
1164 1440
865 1164
0 1
1265 1440
2 0
730 790
1289 1440
1 0
1401 1440
2 0
451 484
306 451
2 0
1233 1254
760 867
0 2
540 900
179 539
0 2
452 565
565 1100
1 0
1295 1440
2 0
60 131
131 473
2 0
333 782
250 333
2 0
1080 1430
11 361
2 0
1325 1440
723 1230
2 0
1014 1440
867 943
0 2
0 360
1080 1440
2 0
1079 1429
0 360
2 0
594 798
1272 1440
0 2
802 921
921 1171
0 2
1187 1362
1362 1440
2 0
0 360
1080 1430
2 0
1054 1419
1419 1440
2 0
867 927
736 764
0 2
1009 1391
1391 1440
1 1
952 987
987 1440
0 2
1204 1440
960 1204
0 2
540 900
180 540
2 0
368 713
713 1080
1 1
1141 1440
841 1020
2 0
1439 1440
0 1
0 1
1301 1440
0 2
1341 1440
842 1341
2 0
1361 1440
16 581
0 2
908 1428
1428 1440
1 1
85 285
285 646
2 0
952 1086
1086 1294
1 1
993 1440
352 410
2 0
57 143
143 162
