3330410620
559778845
2068641558
2157100026
372025179
2662896136
2725177752
549203881
2614558739
2619452056
1964174151
3319651420
2345841097
3361712327
672550835
1256157744
2637527855
1374401412
3224705136
1714227978
1245828862
2036672375
2639769467
1957376718
1467399443
2008599492
2774953424
3078923878
1549536387
307114127
959949103
451802916
918251464
3103681200
3107422099
3170883477
835733721
2637814949
1712459073
666986483
1252141705
2532912940
1984558321
1427657414
2750246665
1473217818
3503976657
2074623661
3519457062
3698720579
1670958311
977712761
1069735139
1370505961
1916762878
585512339
492866995
1430026490
3786385939
3044244045
3582680035
1648483340
1911856555
698233306
2289378010
886031120
1804264637
2229690996
717232744
3223490806
1881936665
2465431459
1639382731
402759968
654935590
671457397
1401990550
2517033646
2830245019
2232466771
3346608127
1393013564
1325667612
791095747
934004403
1489570411
1327989316
3305478528
3013636248
1305694741
1637975863
1083346375
2396657824
3146940071
1401816641
795228029
2541751813
2993845210
826673089
894807253
14225146200
4938534075
14012222535
21347334347
19924817662
2978997697
996119022
9863066024
24498702004
27263355440
12931326244
28017117287
13918955111
13062797327
22576845553
18019137898
18615948426
5110477009
5177996877
12413862304
29101625152
996586639
26942053157
2459272299
14320850132
2160991554
26658209128
13129273353
2509637858
12713529012
17581073102
15450070552
20003166300
18905391533
10566887631
10401583647
1230174562
930381064
24671950364
981457479
23805999008
7748674169
9675426618
12901275130
23339076183
3480840383
16857672818
17766889345
9798021852
27506609272
7545148398
25561113758
7020897564
1725991625
19707226750
21779049470
25924289929
11138347478
19841051850
9937496319
18280976108
17819794025
20173139301
3257631293
11668747516
21473632928
1982112337
25893140895
10523937246
23916979784
8985340377
2112958085
27456517478
22269356799
26804303564
19484639217
10733790878
24635726677
26516261680
26234374514
48233926960
60735071968
13940806470
82293170459
142386637941
47521917712
184572040711
178501202066
218883971494
237103540472
150455442252
61020804021
96136361175
144333264373
254271321185
167915957220
131721315972
191812714281
214076429663
177557987339
1653512014514
1994299807865
2515878770634
10
7
57
