100
2525 1
2400 5
300 2
120 60
60 90
912786011 100
35476879 5156
648591689 3027
770012019 4461
405034853 8369
406950982 7528
218538454 9277
227979255 8953
419303139 4396
822143802 3525
480769438 3729
402549323 2674
226965988 3719
815767197 2833
430374223 9325
67596053 2498
244369697 4042
802739585 7849
546995416 1663
290634014 3694
388535535 7126
311351455 8836
378692425 4185
16024375 7307
576379102 5803
628869402 4044
615962404 1381
881546714 9797
95275602 1596
767673295 8277
627433624 4773
35890373 9896
867211215 7391
267839225 8736
359176187 6238
433754373 9461
741013994 659
212884715 2868
679153321 3925
244765661 7610
155066521 1606
159265858 827
348746205 2019
686134490 6330
45185214 1679
273515812 2636
621138449 5243
861105982 6854
737256381 9959
46729883 6057
437648278 1547
438714508 2514
432126450 6633
128248856 7363
357511229 4666
208394451 2138
586098522 6231
193168937 5704
895409988 1800
730553021 1879
159455150 4583
421772949 1609
28110744 8092
881584236 5608
662119017 5668
269983785 903
419379529 137
66653723 5820
896563846 8635
29789341 102
891790694 6518
613343778 2492
437748473 6473
218551668 43
766678429 8769
853835884 2701
105375774 9442
743702329 7444
711597367 7828
327410117 4277
818455323 1513
713287930 42
832029979 1122
276225257 1502
408414740 3619
487477303 4086
774890209 5230
293671684 1204
603598242 1573
159119957 1804
584563703 8345
258811425 4893
582918641 557
753447080 1364
435545967 3611
169129080 4710
894977465 2106
282320114 4090
357870169 9404
518485765 609
157662880 9939
200000 100
7632 6
4557 2
6222 9
5746 6
9426 10
7904 10
4491 7
8297 10
7572 3
4720 7
9850 1
690 3
6944 3
6897 2
1584 2
4274 6
944 2
3815 5
5000 7
958 9
553 10
1615 4
6332 4
6833 5
1638 7
510 10
5194 7
5540 6
4228 8
1221 10
1915 6
1554 10
9186 8
9795 8
8568 6
4217 7
273 5
7556 9
9849 7
8035 9
9071 6
2951 9
2857 4
5563 4
7039 7
9847 3
8594 8
2363 10
4161 2
5221 2
6890 2
6678 10
2764 2
2539 6
2709 7
329 4
7903 6
7739 2
807 4
9239 5
4385 4
6868 9
3926 5
1126 8
9179 2
5073 2
1611 9
352 2
9033 7
2590 9
199 2
1534 7
6719 4
1748 5
3801 8
9104 5
8890 7
3909 3
5284 9
4277 10
3394 7
26 4
7580 2
2525 3
3423 3
5735 4
6294 8
6302 3
8451 5
4992 8
4230 3
6458 6
8065 4
4977 5
8209 5
2628 3
5692 5
4848 6
2020 5
8442 10
200000 100
6110 4
9935 1
5210 2
9805 8
4676 5
2467 4
386 4
1438 4
8823 10
9502 5
1885 5
5942 5
1135 7
2393 6
2270 2
517 4
845 2
4022 10
5985 8
7300 6
26 10
1157 4
8086 6
8329 6
9934 6
121 10
3472 9
9671 7
8559 4
3214 8
6244 9
4125 3
5063 3
7699 2
1119 3
5659 8
4295 4
3675 2
9224 2
4987 7
5657 7
3280 5
2664 4
94 8
348 8
7808 6
7901 9
9615 5
6389 7
2042 3
3671 10
7775 9
3358 7
9263 7
9130 6
7317 2
7569 9
3614 6
3909 8
5997 4
622 7
8071 10
9305 9
2300 8
2951 9
9858 10
365 2
4238 7
5974 10
4497 5
9587 8
3110 5
1793 9
5675 3
7770 10
746 9
1406 8
862 9
1133 5
6621 9
9383 8
1149 6
899 8
3070 6
4695 10
8260 5
9526 2
6928 7
7754 7
3010 5
7359 6
8863 3
9692 2
8533 6
4338 5
7685 2
5000 5
1645 3
4234 3
950 6
203248208 100
49046219 1928
190028107 1240
24756547 4722
114039020 5965
45359441 3420
181611949 3026
168332539 2676
129312452 2311
132933191 6592
51742198 4774
139244080 7244
168761618 9696
202296657 3573
38081108 9330
73921852 8092
138775276 458
153057787 7914
59810848 2714
91099413 7838
126547267 9436
195351489 3678
165349889 2097
142172116 1777
183238488 8155
57816871 9684
65194279 9483
21612552 9689
197287057 8384
12594548 3227
29146502 6360
158659691 3988
44486727 4885
199322322 3917
81604361 1916
177785280 790
139099715 7204
167433562 4471
71633581 6729
126478286 864
131700103 2591
27040339 9088
110619231 7046
67747220 7298
3410043 7066
126410361 7886
196764013 194
136493743 19
41883317 5480
199115985 9221
59793096 9240
189175663 102
61138076 3990
71544166 7916
131599019 5489
153085884 6221
141839565 4633
98277560 1354
100645500 754
2466190 7026
162328948 7246
169967774 1209
52378282 6902
70419767 7625
107668200 6232
181261909 4302
77504974 3519
9376060 3991
79710751 3361
193688887 2574
158583384 768
172045737 5984
44524864 2274
146447340 1228
176277833 5599
146129160 140
60664930 1239
127623402 5263
58893895 6380
193592066 957
189153970 7818
123645366 943
113524930 8508
103904474 9179
139542210 8544
73301875 4609
181313745 9340
119260001 4596
143991001 6632
102749236 8135
188259347 6654
99676704 2899
105026151 8885
71178596 5175
95222016 359
11389997 3075
41152309 9258
108410243 7705
36468777 5729
176480777 4302
40185224 1480
159589977 8
21213785 4993
100892374 9517
152774864 4547
141985292 3893
110454897 7748
143609964 4903
48621286 6964
21046087 2931
1000000000 100
999999914 85
999999960 39
999999901 98
999999954 45
999999973 26
999999952 47
999999965 34
999999971 28
999999913 86
999999905 94
999999961 38
999999964 35
999999944 55
999999912 87
999999921 78
999999906 93
999999902 97
999999900 99
999999922 77
999999993 6
999999997 2
999999981 18
999999988 11
999999929 70
999999982 17
999999990 9
999999945 54
999999898 101
999999910 89
999999984 15
999999991 8
999999992 7
999999942 57
999999943 56
999999941 58
999999936 63
999999928 71
999999924 75
999999955 44
999999957 42
999999956 43
999999926 73
999999958 41
999999995 4
999999947 52
999999968 31
999999959 40
999999987 12
999999932 67
999999920 79
999999970 29
999999974 25
999999930 69
999999909 90
999999946 53
999999907 92
999999931 68
999999935 64
999999918 81
999999975 24
999999917 82
999999972 27
999999938 61
999999934 65
999999950 49
999999925 74
999999923 76
999999916 83
999999911 88
999999953 46
999999908 91
999999985 14
999999903 96
999999940 59
999999948 51
999999927 72
999999969 30
999999963 36
999999951 48
999999976 23
999999933 66
999999937 62
999999986 13
999999915 84
999999989 10
999999978 21
999999967 32
999999962 37
999999980 19
999999949 50
999999966 33
999999979 20
999999899 100
999999904 95
999999994 5
999999977 22
999999939 60
999999996 3
999999983 16
999999919 80
377922194 50
251787411 7103
99590794 9765
335069806 4496
287515477 7321
305587055 6631
214346340 9131
210514384 4289
220722535 7078
140283109 4788
227101876 4724
370035518 6592
16164500 3627
258073126 7671
6626142 276
159426983 6102
10914198 1905
298141696 9791
227356366 646
146079729 8081
368013994 6779
164219989 6656
101493194 9726
282807121 9223
18197183 918
298538694 9484
240981516 8418
325199521 6496
175096960 1406
298538564 7472
37119915 4861
172216970 2456
189586640 3857
213434112 3704
151664692 6244
260451285 5201
263523440 2868
155464059 1810
224526345 8644
74847984 4258
59106347 5809
254925094 1057
9501923 9433
182221475 9502
235131770 2031
53459390 9094
362405385 5227
248944146 4520
95106023 1140
368530825 2081
91623577 3953
1000000000 100
999999987 14
999999924 77
999999917 84
999999934 67
999999906 95
999999902 99
999999953 48
999999983 18
999999940 61
999999977 24
999999993 8
999999925 76
999999967 34
999999974 27
999999928 73
999999992 9
999999936 65
999999991 10
999999999 2
999999901 100
999999937 64
999999981 20
999999932 69
999999990 11
999999939 62
999999948 53
999999994 7
999999958 43
999999959 42
999999905 96
999999916 85
999999984 17
999999933 68
999999920 81
999999972 29
999999913 88
999999965 36
999999962 39
999999969 32
999999923 78
999999941 60
999999912 89
999999989 12
999999947 54
999999952 49
999999971 30
999999915 86
999999954 47
999999931 70
999999985 16
999999976 25
999999903 98
999999966 35
999999995 6
999999911 90
999999982 19
999999910 91
999999986 15
999999909 92
999999914 87
999999978 23
999999921 80
999999980 21
999999950 51
999999908 93
999999960 41
999999944 57
999999975 26
999999964 37
999999951 50
999999988 13
999999904 97
999999935 66
999999927 74
999999973 28
999999929 72
999999922 79
999999938 63
999999979 22
999999907 94
999999943 58
999999963 38
999999970 31
999999930 71
999999945 56
999999997 4
999999996 5
999999961 40
999999998 3
999999900 101
999999957 44
999999968 33
999999942 59
999999946 55
999999949 52
999999926 75
999999918 83
999999919 82
999999956 45
999999955 46
22592707 5
11757683 3415
3701197 4321
18771216 7762
1121680 5250
21351429 6393
364784988 22
40989361 8414
298698329 2798
335287663 7035
200382194 5706
358869532 9869
173059595 8212
127774977 8996
297470007 1170
288765671 9417
150609432 7230
76764557 8619
263394472 2602
265511546 9142
90444924 5679
322601182 8841
216804314 6133
360197955 7881
261442294 8716
234553394 5449
245996331 1029
18723879 5567
301073276 6572
232683395 20
21428585 9551
47044052 8642
213332911 2098
37905312 9281
153715885 1555
22203452 439
1990824 1588
21724229 8282
148701327 3233
88833613 6457
184570481 7840
189420050 8591
144646095 5972
129797785 8002
107453088 7964
78969641 4846
200500162 634
67797701 6581
12081266 3384
8067711 3963
663409572 41
630106008 235
614272016 4204
299171201 1833
147486515 6316
47488189 9595
649737574 5847
567877592 2122
635665351 3217
410982744 8583
281844281 4838
218546386 6090
356182355 3360
418790530 2436
247704047 4002
29885067 5796
613284401 9098
171248726 3063
638724312 6473
443797200 7320
108282808 4687
67051235 3154
30912942 6713
609177233 6798
191869957 8695
413026441 8017
452659031 6627
187332783 1316
244400807 6322
485989475 4678
83874317 5562
385236200 8252
576897435 9437
160095059 8594
341391444 6678
426095390 4086
437503851 7014
510320385 9658
451077577 523
403058084 7869
556124641 5722
148279400 6941
1000000000 100
7000 285
7800 256
2100 10000
9500 10000
3000 666
4600 434
7700 10000
6300 10000
1900 10000
2200 909
8000 250
7500 10000
5200 384
500 10000
6000 333
5700 10000
3200 625
7900 10000
1400 1428
3700 10000
8400 238
3800 526
1600 1250
8100 10000
6600 303
1500 10000
9700 10000
9300 10000
4500 10000
4200 476
8600 232
9600 208
1100 10000
3900 10000
7600 263
5000 400
6500 10000
4000 500
400 5000
5300 10000
7400 270
3300 10000
5800 344
200 10000
5400 370
9000 222
9800 204
2700 10000
6800 294
1800 1111
8500 10000
2800 714
5600 357
1300 10000
4100 10000
4400 454
2900 10000
6700 10000
4900 10000
3400 588
100 10000
9400 212
1200 1666
9100 10000
3500 10000
8900 10000
2400 833
4800 416
300 10000
6400 312
2500 10000
7200 277
9200 217
3100 10000
3600 555
5500 10000
6900 10000
800 2500
2300 10000
6100 10000
2600 769
7100 10000
6200 322
5100 10000
700 10000
5900 10000
8300 10000
4700 10000
2000 1000
8700 10000
10000 200
600 3333
900 10000
8200 243
1000 2000
7300 10000
8800 227
1700 10000
4300 10000
9900 10000
739274055 17
657614662 8913
193141696 2451
124229176 9053
712446323 1205
359082847 3188
302182368 7338
632968434 6494
59418639 8825
666429654 8599
319891340 1018
142695945 5296
21128510 7005
167275187 5700
162633769 7916
227950870 3783
339744343 1042
266931494 16
498626876 36
182322877 1588
250993181 1410
315539888 2320
54340700 369
105822378 2333
321709239 623
131014112 4528
420249910 971
157803601 32
490469881 9686
213087008 6870
429364563 8966
115278947 9816
290953605 1832
61797224 1473
433942967 9011
7173014 7445
127556060 4531
76917681 8517
494282469 1713
221782259 3363
248757106 5521
81389867 7121
440841839 2213
368064482 1786
193663393 8350
255087736 6007
446993182 7820
336902514 379
204257474 5183
400578308 5092
82042598 6028
370585164 3392
290495403 2881
491172123 8514
267835878 8244
245014474 30
98587119 904
198288099 2539
144236302 6106
156993090 7392
159753320 1364
45321653 4929
148727496 4755
159523838 6764
75787060 5884
26763274 8836
130451336 5056
160305082 9215
176052288 3720
20331260 3727
50319137 7093
52722413 8472
157677030 3484
193063147 9561
175502027 6872
3833752 2847
240182707 5079
161703769 7230
215837241 8039
159454821 2921
99176631 3389
208982151 4283
71207880 1787
102109304 4493
200048420 4724
17035004 5287
496848332 15
331003589 7426
32569732 7570
426405347 6890
47455232 8204
204008529 5231
179684423 484
387150658 6027
304137419 6538
129697806 6635
51597639 7893
485615807 9071
327256304 1777
96551467 9636
132022458 8745
224714756 5949
551730573 5
127987668 2645
71598312 4185
332246037 8690
225376640 3570
542416522 305
200000 100
2062 5
5349 6
1152 8
5444 2
9757 6
2920 4
3889 3
9138 4
4649 7
3711 7
5682 3
9533 10
9860 6
6452 2
5683 3
3178 9
4362 4
8180 3
7782 8
2427 7
5000 5
33 4
2155 8
6470 9
9295 6
483 2
7880 8
2800 8
5262 10
5769 3
3365 6
2486 5
3290 10
3232 9
3850 9
580 6
3283 6
4242 4
2159 4
7074 8
5771 8
5204 5
5054 2
5217 9
7414 7
783 7
4798 3
2280 6
3459 6
1315 4
3927 9
3480 5
966 6
6976 10
1281 9
8935 4
5929 7
9872 1
5174 10
4985 5
3223 10
8345 10
1425 7
4594 3
5844 9
7300 4
1640 5
6534 5
8892 10
1365 9
5899 5
7577 8
915 3
9458 6
5881 8
7020 2
5636 5
7385 5
5318 2
6547 8
4906 5
2771 3
1567 6
3351 3
676 3
274 7
1181 5
2841 10
9263 9
7889 4
7299 5
7835 7
9871 7
8719 5
845 7
911 4
2056 8
4091 5
9607 3
118 10
1000000000 100
999999972 28
999999953 47
999999929 71
999999973 27
999999950 50
999999924 76
999999997 3
999999958 42
999999985 15
999999909 91
999999959 41
999999902 98
999999981 19
999999899 101
999999910 90
999999947 53
999999961 39
999999913 87
999999963 37
999999990 10
999999965 35
999999931 69
999999966 34
999999962 38
999999996 4
999999911 89
999999914 86
999999949 51
999999916 84
999999922 78
999999944 56
999999951 49
999999917 83
999999943 57
999999908 92
999999988 12
999999992 8
999999915 85
999999977 23
999999918 82
999999905 95
999999974 26
999999994 6
999999921 79
999999937 63
999999907 93
999999942 58
999999968 32
999999934 66
999999982 18
999999903 97
999999975 25
999999991 9
999999979 21
999999941 59
999999945 55
999999926 74
999999955 45
999999976 24
999999912 88
999999952 48
999999967 33
999999948 52
999999933 67
999999939 61
999999971 29
999999935 65
999999927 73
999999957 43
999999969 31
999999925 75
999999995 5
999999964 36
999999983 17
999999932 68
999999930 70
999999984 16
999999946 54
999999998 2
999999928 72
999999919 81
999999906 94
999999901 99
999999956 44
999999938 62
999999940 60
999999960 40
999999954 46
999999980 20
999999900 100
999999987 13
999999920 80
999999904 96
999999989 11
999999970 30
999999986 14
999999978 22
999999993 7
999999923 77
999999936 64
723726087 16
78210003 6560
630826408 637
31527608 111
143414309 2712
550386572 5871
262762455 5169
484030428 5525
535048908 1777
645316745 44
390762699 3348
427844085 1646
365709124 2492
601549785 4
509913436 3913
327014463 5486
321442179 6858
573597086 10
293891047 6156
167017004 2211
456363800 9136
148197780 7089
359352684 3046
199573496 2866
542279223 3170
91778376 8731
23468478 394
300559478 8197
721155246 1
29243310 816
633189314 100
226306228 9746
179738917 458
45798617 9499
518406087 5572
415626137 460
134203789 272
552054758 5273
526629019 9715
277756492 3768
555432358 5684
367016956 9391
231226737 5057
65142206 4049
271985389 1606
623694008 3054
152593364 6522
191498905 6096
369281470 4756
565434395 5437
274040254 3195
144920926 2732
168661755 4626
134426148 9160
110097401 3074
528164071 3741
549421132 6016
1299938 7222
581249491 3833
116403227 3609
247759502 2359
141817803 9774
615379580 2194
314096630 9772
91645043 9059
67115545 8415
417254769 2255
457002828 8798
75919690 5274
159101859 3534
517532608 4909
55292904 817
118379660 1793
225848175 9481
180961856 4860
468729667 9128
139065461 1619
34602891 6697
195545610 987
403851422 2808
367636845 2488
104229446 842
379123085 3502
451097280 2723
489336416 2906
319326905 1206
576351959 5626
401182603 9032
118264693 6133
252559936 7086
334066555 2305
487348605 6940
611967299 9871
287839784 4581
580024210 3276
197266948 4420
265111131 4930
256228119 3754
155668573 5499
628856759 8874
457541420 7382
395313362 4951
607464865 7456
137799824 7533
429789416 266
340827072 3196
201521680 6995
440192753 8682
536494072 5239
559026457 1357
441600614 7207
264291741 8654
459281603 3275
461061610 8009
112652282 4239
359172342 8265
122568703 1221
171369814 7868
576147841 3765
425138199 5023
199727758 4888
523573834 9998
404756909 8128
524878028 630
242025813 6863
24374390 4845
506203042 8766
181944812 5214
320442166 8782
216058750 4972
385873936 937
5741298 48
4563146 4088
1280226 5537
4262712 5101
3793653 1241
3937667 5626
446222 4092
1337542 1955
3315346 7913
5534052 797
4060089 4561
2325840 2563
2614242 3708
4324491 2996
3102637 4880
5389818 9424
4404115 1443
3258436 3826
552735 5100
1933089 2876
3305225 6614
3592231 2470
1378343 158
944259 288
2201493 1548
284288 6017
3976123 7694
614351 7305
4117961 6946
2657404 8357
4125681 5223
2927982 9170
426278 1177
3833714 3872
5358170 394
3261881 1241
4610766 4157
4027097 7754
5724014 4925
1019133 1575
4471567 6901
3728025 2354
4343576 4427
3379053 9448
2481349 4627
4011104 4759
4550810 4847
3272634 415
1387782 6955
198466759 4
110314456 7582
39866829 2733
105159004 8558
139370151 4763
1283232 100
509644 7077
647413 6057
1146658 6469
332195 1633
153993 4337
362150 5283
1244080 4094
246510 4260
1118501 6290
1012734 7214
216030 6534
1265154 51
1128997 3609
341888 3818
931234 3028
478039 6792
350061 2185
1151545 3653
488523 7543
1050171 8412
113498 3992
326802 3562
387693 1534
826127 1181
682789 4234
519062 9259
685707 8998
831893 33
744038 572
85513 3520
578702 9728
1232332 2581
491178 9289
30757 9791
1080652 3361
471614 5865
410123 2858
1100258 3067
401604 4659
444306 2737
1078130 5852
261777 5582
545693 3565
992174 4207
266817 9078
553375 475
1022906 3213
758793 9473
1002048 8935
30848 3463
1123113 8628
1168595 7084
705935 1468
551845 190
409191 2290
257761 1937
258362 5935
131798 4259
293254 923
657062 7404
1239842 2604
1216950 1272
1243481 1602
78592 6975
623248 3370
364426 3354
1158625 1960
512564 1294
1122602 4945
543582 7466
59498 8995
21762 3214
421399 944
391889 9311
177740 4945
514395 3001
1131558 8306
20901 5258
555447 5043
1107234 8541
959852 3815
870226 5071
635782 6432
96883 8474
119505 4807
1140235 9335
705966 8743
1191172 2735
314541 715
837492 4027
532504 835
640313 5676
1042358 9157
265376 9343
959749 6489
612329 7476
193188 4798
77851 5982
151150 8071
966474 4981
25519208 100
19236510 4041
17651320 880
5112735 1065
11527271 5823
20832093 1170
22157839 1449
2512619 7921
6747449 6679
9910048 9904
25428885 6987
1638407 444
1380896 204
22009198 5328
22420935 4165
21584952 4502
17216367 3725
18575113 4501
21963012 627
4615644 7967
11977141 7839
13619209 5534
16892662 2824
17215979 6689
4481972 9745
10648335 9621
422555 6964
17692956 2366
1576782 8785
20215440 3163
11672678 2879
25257412 7399
16322044 9605
16364444 5938
11979388 3665
9757812 7421
6732370 3646
23972105 1809
23425996 132
3525915 8511
2355440 9055
14998989 7109
13583660 9082
16278440 1045
14855485 6612
9304561 9660
24762838 922
8153870 4836
2626266 789
24841032 9320
23740998 145
14418563 881
7524623 4866
20425306 8759
5568121 5859
9927288 1127
16412428 5082
20863635 4906
18482308 1366
17619352 2147
2573273 2325
16850249 6286
19510414 7214
3152061 3688
10902758 3849
6885973 771
19483914 9865
22706647 2836
11409248 8584
22350379 6877
2158537 6018
6725068 1877
47932 5852
13316455 9819
14285538 9431
7620031 1242
406573 4269
14406403 5343
10187798 635
12622589 2298
21154401 6554
6579479 7628
9032511 6429
23278550 88
14294888 4391
17983476 7673
18599283 1023
3754634 3270
444743 5245
1545913 3229
106073 2387
13421732 2022
13218885 7653
18952872 5520
14444502 1377
20397623 10
5753923 9863
3466442 1630
23573402 7834
15848013 8100
14998645 7142
249859493 9
76453308 8163
34084908 474
199925537 6285
235768431 5501
81615398 7952
217713867 7242
158550292 888
200023282 7690
42571673 1927
911172051 1
578816411 823
200000 100
409 9
7745 8
9705 6
926 6
4333 3
9279 3
2587 6
2966 2
6261 5
4222 4
2901 2
2028 7
2233 5
4550 2
3022 7
8079 7
6268 10
6575 10
9340 10
3096 5
6965 2
9887 1
4284 6
7858 7
605 3
2332 9
7984 7
8028 4
9041 6
2939 3
6492 10
9886 8
6993 9
3434 6
8581 6
7136 6
889 3
2260 2
6410 2
6520 10
5223 6
5129 6
6254 3
9775 8
741 4
9087 7
9524 2
227 2
4911 2
7032 7
4231 7
720 8
2053 10
6877 8
2454 5
6225 8
3038 6
2509 6
9143 10
3899 9
1525 9
3161 10
9270 2
1229 4
9225 5
3943 6
943 4
7177 3
8511 6
1182 8
5000 10
5082 5
9190 8
5265 9
3593 10
5885 10
5503 6
4566 6
2871 2
2549 5
5167 10
8227 5
3085 8
4294 2
914 2
9207 5
3282 5
3018 3
3513 8
4232 3
1692 4
3776 7
6603 3
1818 4
4825 3
8204 3
3598 2
4458 2
3863 10
5429 5
840434283 100
51663207 6991
665852238 2930
731966259 4428
647155604 5260
711053897 7805
357690275 7698
119029389 2683
275651457 7593
204066758 2404
792983663 2642
753497521 3418
540641325 169
148120471 7289
258455596 6633
622046073 3165
203695675 6476
767214515 3594
618978819 6267
192543696 7521
90495375 4530
149189707 5548
372745881 1500
318669289 9154
319300080 3562
248309109 6255
480659088 1161
782014143 6312
140826756 7835
405061781 5689
109107105 2318
64492939 4090
565073946 3518
670457512 7602
481286811 785
123096805 9883
581391079 9397
551597877 4440
191765811 2690
389805463 8282
605724209 6368
190826495 6139
713264283 445
27847091 1495
284733799 7219
705880594 8464
637766976 1778
32127088 5526
187450344 7331
406216261 6830
478160946 9791
717085385 888
610181777 7470
58436283 6177
724282570 1035
801351074 7361
420147553 7435
528828104 8710
257822242 7238
535660328 7229
768983085 2550
71192476 667
118333230 7577
781817426 1061
324602261 971
11666712 4626
618496967 1216
836246785 3986
495816388 4982
813196548 8770
326172829 5646
3721776 9365
498019196 2992
411207380 9329
742473013 1813
502133380 7994
165055766 5682
820191948 7456
409966007 7175
787095507 2908
508836774 1456
384283802 4330
347162208 7714
542524192 9356
471027917 1549
488216251 1312
266162328 7981
302047846 4868
65129606 918
182915461 1815
230660030 6204
676905601 3394
43647439 4304
513371856 1340
571224103 8252
550105766 1693
12650318 9661
714884804 5104
42422743 2549
203467925 4847
37256809 2891
51339063 3
4537002 4589
30708266 4943
41349591 4082
39413777 100
31429143 2782
7909117 3311
16026736 6463
36243774 8838
38830456 683
12820196 7564
10642338 2204
3129382 9917
7278542 1684
10971172 6034
2150230 3015
23489174 835
10017583 7131
32652195 4347
5074924 3065
17997869 4217
3088630 2211
20070511 916
29019587 1249
9947052 3571
929256 1610
22359840 2315
22396105 2663
37585704 9321
7855000 8011
26346558 9832
28766850 5044
15130903 3371
21779645 3043
31679016 6168
9098110 4451
30216525 8884
32693345 7619
13737581 4593
18379803 6459
25757009 3054
778649 73
28187244 700
7542453 1701
23161354 5232
10408619 8886
754458 9520
20397137 9650
5155145 378
3802647 74
6403585 204
22292005 7489
10961303 4139
3306448 7242
3930920 1878
15418173 7240
22153124 2677
38732709 8094
22387754 764
31293337 2662
28715248 6971
17921389 999
2465171 596
23988962 8934
4118932 8462
9348206 152
26796406 681
6060166 4400
20372413 8594
39240323 8144
4139133 1572
34316936 5982
21720421 2990
18365534 8465
7366070 2840
32363659 719
11847869 1187
34352795 6482
25069 6174
11581780 6798
14094018 5338
32797627 9934
10318578 4665
23774419 8529
20736266 3827
34091183 4913
26320985 9347
27882874 5060
22342335 9422
22029934 9366
1501033 7266
33645643 850
23730378 5952
9457206 1986
28332750 3691
2979856 9955
28108318 8329
31348424 2793
24199415 5957
36421708 6589
23464160 1403
16634136 345
11017628 758
27801013 8847
9641520 7688
2 1
1 10000
1000000000 1
1 1
7494900 65
3392960 5705
3107654 645
7367988 6407
7159599 4222
2422404 1054
720454 5884
5046345 9057
2865765 1414
5929433 4652
5272132 2312
5341810 2954
1333430 7176
1862165 6866
3882610 6525
1246923 4081
7202745 176
5745088 558
1390110 2681
4916912 3266
2901454 6155
2627091 8900
1619505 7773
6756270 2809
2204930 9646
625774 7352
6103976 5416
4337959 5317
6710844 3018
2639715 7497
1349374 4312
908872 8168
5254651 7011
2501364 6839
982965 9671
4576280 1996
6693624 7703
4427796 9030
3342337 871
942893 1445
1467816 95
3204169 5168
4680102 3250
3824828 9171
4162344 9896
2911256 7762
3311899 479
6340351 9005
7493719 3369
7016827 1196
6908746 661
4575574 9604
1275363 1035
3677260 502
6135964 637
3821572 3076
4291266 9939
4088813 5835
1765142 8301
3642757 6992
528637 4711
5292951 7870
1174072 5686
4059482 374
2974195 5426
595171 6494
687015482 25
450744108 5885
211296084 3999
171445474 9059
516210892 3155
442856308 3273
10855418 9720
457157637 9744
683756735 2459
375134725 1739
467953573 9896
574210618 4798
395253719 4074
459437017 1453
66176214 7368
91404502 917
287124839 6251
434624659 4843
42724427 7557
395293646 4815
658470293 2717
402536303 4566
319568835 1248
609548510 2677
435720258 5497
613621153 439
574072163 67
526037016 7116
114174706 4454
277965049 4674
169395588 569
199377463 8371
448326415 9009
394817508 6319
544957705 4941
453377336 9814
65374267 9757
97019221 9590
8792725 2251
5380976 5218
489817853 6991
150790238 2633
409661982 4344
453928917 7754
474916877 1950
459483168 7814
167268875 5893
572428840 5033
130721131 4235
401569709 3060
382598805 8158
81525683 4136
128683845 9653
202411291 1393
212300732 4926
20599405 9757
118271921 4569
172813545 7429
452587523 3282
513915302 6277
502204840 7677
185986127 5250
528764910 2414
513355416 4460
57548411 9147
410973381 207
434969041 316
487859719 5598
379652173 8870
202719492 8049
330406882 7909
216477041 9987
428853920 8800
278632136 4780
262559313 946
286268563 6082
299144035 1423
502395665 5411
320412039 6060
138634888 319
264502904 6557
530631795 5547
7376681 6882
426935123 2599
387954267 5034
254417970 2244
410452365 660
83891030 508
254630534 9355
56960357 5672
365345483 3352
390369202 5082
138154969 4501
17688962 5617
200000 100
4817 7
7508 7
4136 10
5482 10
736 8
1626 7
6928 9
2588 8
5231 10
1776 3
2541 2
5125 7
7115 4
2391 9
8757 7
1847 3
7866 2
6964 2
4737 8
3481 4
9349 10
233 7
1890 2
5000 5
6468 6
9032 2
9237 9
4897 8
1807 8
2444 6
1871 6
7491 4
6601 3
7890 8
2609 2
2639 9
8179 10
7495 9
9763 9
2424 9
5887 9
6795 2
8910 8
1261 2
6279 4
9903 4
8574 9
6060 6
479 2
695 6
3393 8
1231 2
2353 5
9055 9
7451 4
4316 10
44 3
7490 8
3883 5
6627 9
6642 6
3978 2
2120 5
4983 4
9712 7
3766 5
1413 5
5772 6
204 6
5538 2
6633 10
4336 3
6452 2
8499 4
3386 4
3401 2
6406 9
9438 8
2342 2
245 5
2835 2
8545 3
5100 10
3103 4
3548 5
8915 6
9366 9
4987 6
9904 1
3409 6
848 10
6242 2
6477 10
9220 6
1194 4
7386 5
7334 6
7039 3
172 5
5870 10
774067833 100
525774603 3244
626028308 6202
200208875 8444
511922060 5575
295286187 7159
325311552 7743
319978327 7399
459602556 8626
405641896 7668
7010491 2437
6491329 926
332672214 180
773261988 7918
184166382 1329
729911561 6534
188453084 7176
118942989 3683
430515219 3327
750512074 6961
364869504 2068
605597528 8490
583598221 2130
622193508 8450
256313724 5096
238638745 3844
416408098 6186
85609334 4826
119577350 1444
24778970 7715
689162541 1409
132456073 1609
636533085 4641
190737030 7793
771535738 9680
267672175 4694
346338218 6380
624803556 4629
399833342 2889
370651339 3526
269643124 4373
3952586 4876
313788425 285
562951438 8891
317357847 9314
440455606 7492
559747239 2295
327530540 1393
328673825 1709
7978109 4030
385943059 4380
582593101 95
745575467 1742
580607969 2316
184179524 7727
94734825 8446
536355571 8408
712962392 4406
8043985 226
666697930 3709
371659466 7515
285001882 116
457600616 6481
608697511 8533
172507935 4970
523838937 6298
385604394 8217
102119418 6606
329056668 1034
355043357 1767
688938400 4654
550700115 3382
221626815 8559
285382280 8817
166476921 8402
694418714 5984
663811632 8554
352507269 5453
634995370 3734
753842262 4726
198592982 5769
49192273 7545
579548600 8682
606410727 6891
531262365 4319
138839528 5573
208897848 6723
61975419 3277
747224152 4738
722975710 5807
510080850 7607
749968924 1356
325881866 6052
469497142 4149
703027265 6487
301143122 4447
291825980 484
620128271 4069
295428229 5476
32202706 2937
688097309 8830
134185983 53
30367587 8166
45651808 2488
82807196 4371
23541488 7118
27024511 7096
35741727 4742
125511995 513
22421120 7482
110837391 9532
82504380 4038
14910415 1571
5937259 145
52688842 619
7337655 250
42304447 1077
78641487 7784
25988428 1262
75421426 5578
68720939 8631
76952915 9203
131121930 1935
7528285 2264
69265162 7251
67717635 7880
82097435 5542
6529311 4781
1122119 960
159631 6478
70006543 8266
57955068 5751
66972375 1635
131330047 3914
57021877 5874
133979210 8640
6439736 1804
87833226 6320
115753590 6770
120674100 164
16718866 8361
4651742 5255
84258440 580
39935528 9857
103243377 2553
112519258 2501
76951345 9797
7570837 310
48232837 2585
58938087 6421
107476225 6968
26254652 9092
104623626 2743
100653458 5577
67265868 6527
200571652 55
120873064 6980
108076951 6436
89318089 3487
105801332 7327
47252527 4640
37636470 1674
42902995 2343
78623030 3639
153399742 5994
8899479 8487
41221401 895
113444308 2256
138947751 9431
99567289 7473
109010865 9511
31097105 6619
96261567 187
39998288 1914
158400464 6442
22444089 5006
14546322 3026
118790404 7552
170912598 1955
180522757 112
187115270 537
200050315 2163
115146765 63
104330152 1884
44824091 8769
79273716 6805
14445780 5318
29059733 1906
85063394 8448
180966821 6033
87511983 2607
84898031 4767
103545942 8341
123351021 8188
127159101 1259
81885989 1722
175036584 298
67299915 5883
119549044 3733
30583987 3139
162340084 2391
104794914 1191
32901642 8236
51067485 2854
133195041 9619
105184511 4412
90763185 1598
190542824 6904
8232967 6547
65283790 423
183019762 4917
1000000000 1
999999999 10000
40128108 12
16637795 4509
8762418 3905
14790094 7070
32706357 6018
24304740 4179
11810470 7374
22368101 4924
36939293 9079
40057630 8854
8101500 6155
23458054 4321
12683106 4541
371487538 18
312187055 3681
93510959 3038
208242334 3614
266150993 6386
336112827 4089
47964039 234
189616925 2100
254587515 9362
192928661 8442
4705649 7450
232935313 75
121629593 7947
184681135 7362
352655443 2168
58417165 8817
105296058 6984
285906764 583
127885660 8696
802850604 71
391660825 8601
369076024 9051
96854950 2035
427682083 6788
457844044 1565
244394857 2137
489752121 6602
246904109 4006
619070097 1346
313346273 419
123574138 9108
76394607 9247
213425224 382
454738730 2854
445775879 6101
145952598 5646
565099853 4528
232410428 591
320226893 5075
561723107 3951
119488755 1559
497275165 1051
202231449 1751
302958296 9211
140061785 1595
520770876 9447
694614577 5154
149037991 6715
701287440 1965
230607295 5306
369797975 8793
698585523 8407
500560145 7555
630836111 6873
27987441 3900
717167307 5439
580688781 8904
600832034 339
646715283 9732
155386629 1135
584381933 5762
40389791 7955
497975526 9264
601159493 2415
168077516 5538
15131267 7691
175637534 5632
699709673 4933
519057059 3175
56617210 1950
685597250 2270
386994373 8860
66071848 3650
309531151 1887
636793373 6480
460611411 9791
423398235 972
679550736 2469
527269681 7133
757344507 4640
702562144 7764
336033995 8720
389940541 3081
308816882 4590
497201984 8069
49780788 8859
265167973 8032
483715505 4290
361184367 4243
189615223 1472
301183466 253
89445510 9
49775409 7053
3339636 2353
63883097 4106
75394798 292
47163004 2288
64757080 3981
41050299 1770
83718749 2211
84790879 5512
1000000000 1
1 10000
267756783 4
119446972 1616
59257757 7677
180385185 4604
149845234 7726
567987731 8
224055048 5066
114151471 8743
81503257 6431
478280790 2698
228457625 3660
108968802 6030
41789648 6423
276316664 5395
375870913 1
316942186 7378
504452425 8
467404852 4732
180724926 7635
259146905 3106
161821112 8906
120730428 1030
265250885 7996
244117430 2987
33475553 7693
200000 100
2489 4
9455 4
7582 6
221 9
3757 10
2033 7
2360 2
9025 8
9711 10
4986 7
5924 9
1781 4
3240 2
2123 9
5732 9
9405 10
5000 8
3161 5
9170 4
8758 5
8726 9
9452 10
6748 2
7992 8
5414 3
8373 3
7491 3
2513 5
8635 10
6526 5
7671 3
9871 5
7424 4
701 4
3519 8
4615 10
9942 8
5791 8
3839 9
9704 6
8494 4
9543 9
7454 7
6299 8
2019 9
8060 7
7575 3
9468 4
7943 6
9943 1
5415 2
3215 4
4984 9
8449 8
2175 6
9042 8
5965 8
1429 2
8749 8
6487 10
184 6
156 6
7566 10
882 6
1815 7
2651 5
9645 5
913 2
8033 3
5140 8
830 7
4027 3
1820 6
2683 7
7970 6
7349 3
5038 3
8991 2
3125 10
8519 9
6376 4
1344 5
6920 4
7479 6
1568 10
3693 2
9877 2
1063 8
2319 3
4767 9
5440 5
1899 10
3636 10
4384 10
5264 7
1598 9
4661 4
3385 10
9160 5
4852 8
462092761 27
429623452 1024
125690016 8296
450628185 8830
105578694 2330
8488705 4825
405131788 6800
175469501 4609
366158773 2870
11592465 7609
459042342 4090
87228667 1517
116444700 3987
365014014 11
241233911 3132
431596952 4208
421766088 9870
342456248 6224
71315436 1173
16964249 6726
345521672 7268
428302452 8344
52526632 2306
220983346 8011
407473338 6836
253318926 8813
433522165 180
43214313 1669
924750724 1000
462852554 6848
521527549 5449
751428793 790
619202659 6122
92487810 3771
491690811 9046
65041263 6799
421980383 314
543660450 3101
20829308 8959
227587568 8597
802631454 6143
464087916 9689
484865235 9690
726448369 7355
724547126 1092
19012992 4618
540146758 6846
904070854 5359
858582921 753
440842046 4642
730825595 7376
563408414 6912
627859859 3743
42867937 2710
794038411 7116
726502584 9133
404877040 5285
95756487 3432
596983547 4480
908917626 6044
516471651 408
123675900 2134
858089483 7969
791133739 6227
459166886 383
445067957 5947
745700217 9548
402630078 5511
522422586 3591
793464328 2542
742198275 508
605550536 5566
271887204 4698
856460597 9360
220394466 3542
7941378 2578
388056477 1309
734510306 4536
87760830 9547
904521794 404
72214973 1697
819312683 6397
49459094 3616
14241329 2212
541228261 4814
902174757 2090
889388316 886
400154053 913
392508676 9687
755538011 4752
154793032 357
213387069 1874
688123665 9877
716509361 2863
429555931 2668
765510011 9678
763078950 9476
384937625 988
448969546 8410
190148054 6482
765472019 9996
742908326 2076
900301547 7465
224427741 1363
441437004 3435
63520126 1014
824156702 1225
107626130 6240
54953167 1128
29474816 9173
904989915 8039
263936243 9721
834109456 5172
755019830 4310
907850870 9441
511914387 1873
353372795 9791
893048777 301
704484713 3380
225453602 1584
866895555 192
893750934 1756
715983250 7712
173871725 1579
306505058 5786
565418080 4588
877643825 3375
405298634 4144
114921510 2199
469004281 3565
642451957 9842
313367868 2546
674967949 6073
740839384 5763
683912576 6674
447898067 6609
209080606 4815
277063191 4375
58404196 1871
839014726 7950
338945802 7059
643669652 3716
857068621 9476
262222853 4250
702500441 9086
100219301 2462
408078416 8941
720660150 3131
292127663 6346
27639493 2282
687727605 4365
454202410 4986
248243201 2913
88874441 2439
339806231 7038
63197830 4736
164748827 1078
259311229 3559
319366102 2546
897578075 1895
186836233 3570
35366857 483
304791780 9509
48330264 212
332369281 6539
677145364 6378
921521659 7896
834629857 8883
227775813 6710
329205017 6265
339667483 8825
328066410 8270
549496277 4652
159470109 1876
753293198 8316
876058833 6393
658820027 2042
915681658 2869
748788536 5655
817684725 7475
687490220 2121
508748283 5770
369295405 5579
877333861 3988
170195867 1674
365890102 4015
473400392 6137
96341812 3143
409345906 1165
306536116 5072
750690077 2086
857598699 9061
126439865 5475
18531699 4668
481102946 5385
598002793 9146
212657926 3105
762885633 7309
227729620 550
613938942 2037
290306613 4615
771351769 484
801764179 3347
181169252 7769
666626600 2900
640626667 7342
30533791 90
57105379 711
634984565 5068
657567253 7029
839380389 4972
546785359 5904
255081533 8925
456961362 8236
566707416 7625
308041384 6804
550243267 9533
899669778 8179
877496203 6060
405006846 2454
747449411 3167
295530204 9282
628044288 4041
152485561 97
648724698 8589
840527912 146
364841753 7490
695612156 6890
203116668 1114
892931841 8339
787984669 3598
643926446 9533
158989570 1900
374253364 4418
289895424 2477
174973453 5459
827325380 5381
597970219 7776
169845156 9992
818987346 848
651507979 8075
190323782 2289
402872392 2804
530301715 6890
646576621 9666
402433067 1234
819933458 6213
329115295 978
114746237 968
324428790 3106
446881194 9311
519255070 9479
703628576 5682
326021198 1280
836257904 5370
267748918 3735
481263925 8949
570624153 1147
65386762 4180
491056958 5266
208912091 7707
95797401 4348
559296717 476
88291106 4958
101128295 2787
57013117 6941
271982501 7316
181587660 3103
125598006 9844
860712816 8600
673416463 9096
705829416 5500
402147009 9390
352773254 228
246032322 8547
427536703 4957
857413020 4311
76003697 1497
202361749 3016
674771566 7027
415794963 1228
525832758 8893
711947705 9085
895283309 7372
169212056 3088
269376838 3633
843581434 3206
373240885 2166
392234212 5178
222372846 2357
219247523 5065
374580353 9055
468591290 9245
329302083 7378
814104922 8242
540892632 4572
428160638 7729
61586664 6879
523067442 9554
602235174 287
1230099 4310
354094148 1749
710779797 1055
708667969 2569
169098651 2931
72038570 9603
68092630 5680
277034884 7933
703506266 1946
907103622 1483
122060500 794
852711967 2744
376711022 9848
121892992 9322
922989953 5211
23727898 4113
617637021 3898
316266814 4996
801244099 6428
326271471 1279
382527135 7751
152816105 276
193109948 5461
129520741 1232
122516090 3139
243388657 1334
149315456 7388
76880142 1028
294717838 5426
740151097 640
310833160 7578
837692917 7846
92864542 7990
576304770 6823
380803975 2981
352622423 2700
134085710 4515
492818060 5694
670116333 3257
27527510 8620
915476695 3673
345307318 2831
500697078 7525
878948911 3602
620265433 6467
448016906 7829
625597636 499
417753355 8373
517213460 4681
840103595 5380
396062775 718
576472447 1031
348043679 8054
76452525 3413
731094233 8577
381290855 5204
875750462 9645
137914491 6583
789388433 2436
19098196 4571
874139232 3760
7287095 6638
578897991 5510
666104005 8488
802214665 2480
19957638 5385
497461275 9934
524956804 4471
477874446 1911
825887984 2451
355910712 3468
530307583 6293
678322019 5565
141315971 3148
581288956 1143
331891683 3116
736058173 635
385641969 4974
881998206 3321
832189836 3979
225888607 3831
642956406 4243
891391984 3931
250423516 854
144645964 4526
796336726 9728
98585671 2207
56144546 4750
569726791 1729
672730245 1811
272312757 6647
597336394 2478
364701300 4543
147078354 7921
701491210 7386
704375397 5688
402901031 3932
101306533 5130
112912715 7379
867998997 6959
278441855 8348
120586206 6686
567892559 4800
263004319 113
558254139 7379
710462433 1128
810751941 6661
681842553 4709
623982772 1699
855529517 5044
567636958 574
784289796 105
535148993 7773
621134611 2067
608739441 2510
165665451 5378
778649776 4538
346457326 6596
766063666 8663
567659698 4811
165207995 1058
652267862 6254
342040686 8594
204511600 5248
588678165 9347
352260698 9498
709767264 912
205512407 8772
278656848 2615
603560644 846
709420628 3784
292758845 3776
908488827 1436
882775649 3823
654910151 2333
588163428 417
525839795 9328
373501514 864
886791354 8477
803856679 9256
252263412 9471
206896463 6151
211187213 5525
467272307 8436
271558131 3366
613425015 5131
282112075 1053
815201481 4930
170486383 4028
653918647 800
329784346 9238
340232124 1232
899575223 7914
883651148 3401
61045632 2071
633655897 5124
111014695 2753
191336590 8251
52007798 621
846243839 4997
578033 1437
840587505 1290
482399754 9270
152828348 2056
619574567 2305
516931105 504
212907887 5391
61903781 536
461590556 5538
854395564 2052
467032522 8025
216081307 6724
110880899 7678
266247853 8654
583891361 2726
484031419 4888
535274252 365
912360679 1604
492474161 4152
879415832 8581
450968085 5761
889104548 8584
434133168 6146
501090936 6355
681602235 3179
105549525 1361
914691275 9518
275244800 3129
472474055 2077
833046860 6129
153531618 5758
660110632 5994
188637612 2464
733400714 9459
606186053 2285
923075216 8552
591854434 1550
680004659 2848
16037740 7953
305988246 7840
127020229 4673
384590469 3085
64638249 1017
19684968 8075
698974496 6618
882357223 8387
841470414 9633
427158543 9926
852586387 587
794670329 7149
397301262 748
393721872 9535
95587296 5390
376358920 6863
627692298 3030
229028519 8758
118029357 1664
769464518 5806
882653229 605
326451746 7164
7655885 2800
811144552 4207
712894067 3490
418022435 1493
657179401 3860
260858413 7884
176510382 9519
483429604 8553
786046708 7035
37630386 7010
233083016 3701
901793858 2198
187686681 2922
440523149 3206
58141304 7657
103046380 9328
164165434 499
540360448 5006
775447122 7318
75695468 1325
248312289 2575
609049586 833
279384207 656
814997511 5273
823793580 5843
364356287 5221
480145285 5441
34409070 7148
668508743 9050
103627823 7870
235715770 1717
871338414 8500
262872997 8206
292944459 7144
892870891 6513
34782251 8237
545087012 4755
590037564 5030
865898158 6582
317727465 956
871585376 1850
97925548 8675
160174240 5566
406473591 1805
385494062 4511
542903171 6156
15005145 4851
80094369 2881
641921529 4525
536087347 8564
669479049 3560
333869791 5763
186818153 3856
246601780 8446
152149149 6291
873214764 7412
734311961 7056
302292938 8168
836051697 6838
875966510 2922
493541489 6478
298022295 8288
306818184 3809
220166598 3742
135556067 6711
830961849 2541
615425071 3887
705952799 9801
841259580 3469
592788744 7601
547335362 3427
765363610 1538
492783986 8009
178878104 604
527539563 176
831082482 1068
412383496 2707
747581866 835
80369024 1454
419067776 6532
651764367 8738
167420209 4078
374439282 7032
693365735 9211
741939506 7523
269021855 6516
247457019 2222
120891217 9673
848673624 3697
508327494 391
855708554 2297
306928349 6153
484423900 2155
851762712 4701
724477174 3400
101869849 135
229898918 8052
910047442 7991
872230437 414
288607937 7417
340314872 6922
491418688 3191
479363183 6754
613120661 1489
444909704 5659
54480197 298
132926453 1122
38009276 3155
103836547 8412
873753220 483
194138691 6078
541412397 9370
726407906 9713
613438310 6620
115520891 2139
746908723 6245
132442542 6115
550771305 6367
704489551 6975
512816336 1415
360398380 5820
428423855 6786
460788142 1472
659693763 7891
402705470 1124
660785685 3608
302957310 287
250467776 7721
224110680 2878
37654825 9351
501424618 9652
842016455 9268
308551162 5147
210234875 8939
48551845 3397
425330562 9783
211481813 5950
823834612 8093
730657749 6520
381024089 7613
470562903 7
670294814 9753
797394964 9167
325893776 9977
642315031 4895
296694562 7581
903043574 5261
673985975 9714
213005791 3806
180237190 3476
291055415 8063
712438096 1563
717747641 7744
44854458 1052
303139317 4407
797065574 5458
152377768 8259
278230965 626
597044616 9440
441257917 1827
576935474 5761
564917492 114
846324788 2127
408117190 1091
900562134 1510
775395685 2603
633152965 5861
640791296 8160
41355853 1540
261493690 8730
623632425 602
309339044 9896
118953915 4940
23112680 8830
8588955 4188
765493742 9131
54893756 7304
894181686 3535
702252510 6316
464020067 4469
189768287 9930
144831555 9835
26388368 2450
161184118 4304
683436855 48
80298602 9851
461438451 478
455909995 4003
794965375 334
25955305 1999
806910815 9933
601195617 3404
907777480 9709
821908443 9780
835360754 4892
208703262 5246
850464984 7776
196280281 1270
289995180 9417
910005471 3552
245260445 4096
727963640 7983
919006240 3519
496752250 1184
130920818 1087
603274594 2525
747098126 3579
796045153 5785
180949788 2920
521713997 8168
812642198 2723
165192288 8081
536121614 7087
613679092 4814
287643120 3592
764206807 4756
279913169 3459
895619593 9619
811825208 9895
4650338 1234
818346777 9814
189312690 4075
254424589 7259
688742948 8534
712942570 9012
96344707 1026
456038242 6858
458550856 3472
494684733 4050
737776172 102
635025410 6776
159683020 7569
143385775 7869
736181885 6953
3523376 4009
303454526 8503
75944348 1591
58413844 5420
738905327 2234
755764037 2493
379097808 8119
763617172 2882
746389550 1885
231935331 1516
228533504 5922
763359018 4736
108176895 2059
876292392 8348
854367396 3336
794760138 388
775913402 6712
898827975 7177
827537320 2617
496780475 1885
418485277 5285
519170782 6518
7712086 6748
667400032 2363
690490569 8204
62187578 7695
787738714 6889
829589142 5861
480458399 9580
773891895 569
599508365 5648
116426227 8185
645227642 1401
312201563 8897
55216622 1118
120008597 325
169498935 4024
648950634 7671
892749191 847
691149500 622
226715066 8158
17410346 1329
375275582 6096
64338756 4829
357473736 6311
478264576 4910
488450712 171
559341857 258
123932833 9425
17708801 9449
107368635 920
198152343 8738
402814934 8357
818266738 6193
579685410 5548
908607483 9150
891444700 9439
242982371 6968
640277455 1079
102392244 4730
82954418 13
3866203 3820
753986084 2986
549027423 5068
786980846 1010
301722255 58
909810240 3411
35123745 9088
104971339 7528
6738935 741
480316110 3473
277681804 7250
146869647 564
875906348 8194
850432751 1377
840126123 7557
609542866 1823
104480923 6836
186314093 2171
263153037 222
627513032 1621
225376760 1375
722996529 6264
703879495 8599
108492150 2430
76859020 867
237500888 3060
264051852 3305
163851030 5373
115486470 498
820230174 5643
521536475 3115
863600902 5732
22115766 2659
168764897 183
305793443 2485
905242927 5681
760560947 4811
306547447 6346
577926088 3632
737222270 9830
837338485 9836
559453638 1944
120189682 3843
131752216 2694
681158439 6569
789278561 7581
698269222 5177
500980508 5879
234773419 5800
260403916 1477
388508189 3924
722757251 5707
742340468 3674
781983316 2083
571680110 8548
105845912 956
820568166 1024
118923908 3436
109087047 3886
76959079 902
559302864 9337
869326885 6680
416890356 5362
835454676 2995
657202768 3591
556244133 2399
796906644 1994
314932910 3823
719231848 1052
394325114 7318
805690419 8249
449272674 6192
547950346 2123
720447429 745
20156139 5253
55763674 5915
273543407 8192
896515500 9783
406795622 6737
191645811 6163
153447871 2026
250262462 2299
738461690 5729
75461832 7050
188522988 2411
290133754 9628
496156999 5969
149838916 7434
512446957 9996
666009761 6386
404857603 6442
23560083 4728
231597424 9761
625056379 4569
839856698 2692
231848571 4343
373852764 9445
890504519 3094
92051800 7500
409205624 378
735934100 8360
838296893 8715
126242181 4469
708771023 1079
60272618 4902
338405107 1044
177359649 4364
31959889 1066
509718748 5168
238787919 5038
921965554 5369
424125582 4365
131950526 2110
644383908 3272
326780885 16
473978032 1070
388238238 6854
739184539 5797
226746095 542
799274725 2404
139660922 9024
343253041 6411
659672862 143
676019477 7235
815972134 278
88147935 2711
786304679 8894
206871089 4306
515756926 1136
513373486 3225
333455805 2907
204557737 6621
918279907 2462
842348170 5288
773744722 2569
97504972 7951
389413223 3952
502416453 1707
179550782 52
442070270 2045
770664077 1534
421710438 5267
352674110 8383
118564808 5118
606639623 4048
233261777 5388
470379023 5171
859857403 111
460626789 413
220235192 9890
637776270 1036
232402173 4273
590436895 7400
827637790 1673
414836085 2678
38586603 9418
366161708 3507
840316400 6372
458603744 9587
122241917 8109
771467457 7842
263669002 3281
559198599 8703
299027199 2765
742361940 2769
790127793 5675
258216343 3268
709289271 296
879798194 6376
53522003 9129
868518428 7865
28489872 9125
770646543 4245
563238087 2643
364698073 8153
314933907 8692
87455571 4716
313332475 5619
862902491 8733
399150031 8939
308161719 6908
536197981 1284
321625251 2949
80872478 9523
805873953 3859
670741656 973
417981617 5247
152039128 1522
684940676 3599
181013261 5503
504180089 5543
231043024 3418
460700627 3142
9253919 3281
28312658 5271
712324831 3783
909607523 1705
768707325 7096
546657182 1632
562849868 8388
40883510 1827
347192411 4344
204959162 6134
380827568 4655
645957095 163
204134208 1347
642069540 2868
191661655 6214
70124727 59
31505136 1959
884410153 8508
816998212 4998
217564808 1135
849461442 9771
321276901 25
118158577 1575
223931062 9116
181740937 2915
147575832 6061
65208882 5020
117866542 2329
170860677 1051
214530672 6800
211744519 4745
117235791 3600
215844703 1185
97835136 5957
72376895 8752
29904382 7142
79067559 4007
272089375 3934
52000264 2413
318427663 2776
132896634 8109
100517376 5386
297240731 3434
15329805 9085
100952099 6432
60468163 6743
129803774 9737
1000000000 100
12345625 53
12345659 19
12345616 62
12345586 92
12345628 50
12345606 72
12345615 63
12345610 68
12345602 76
12345672 6
12345627 51
12345646 32
12345588 90
12345605 73
12345652 26
12345653 25
12345594 84
12345642 36
12345666 12
12345593 85
12345577 101
12345617 61
12345582 96
12345630 48
12345595 83
12345611 67
12345649 29
12345645 33
12345643 35
12345589 89
12345639 39
12345609 69
12345674 4
12345613 65
12345640 38
12345612 66
12345654 24
12345633 45
12345596 82
12345621 57
12345626 52
12345656 22
12345667 11
12345637 41
12345671 7
12345665 13
12345638 40
12345631 47
12345601 77
12345585 93
12345583 95
12345650 28
12345580 98
12345632 46
12345651 27
12345603 75
12345658 20
12345636 42
12345581 97
12345664 14
12345634 44
12345629 49
12345657 21
12345600 78
12345587 91
12345673 5
12345578 100
12345647 31
12345614 64
12345620 58
12345607 71
12345644 34
12345623 55
12345635 43
12345670 8
12345648 30
12345592 86
12345675 3
12345584 94
12345655 23
12345622 56
12345604 74
12345599 79
12345591 87
12345590 88
12345661 17
12345662 16
12345597 81
12345641 37
12345676 2
12345598 80
12345579 99
12345608 70
12345619 59
12345668 10
12345669 9
12345663 15
12345660 18
12345624 54
12345618 60
820543033 60
352728149 3646
179486606 5024
52533918 7467
803567426 1268
103485349 9562
514285771 3295
578812796 5704
61239399 6418
275098523 8960
722644425 131
565764638 3020
459433137 4778
317877421 3651
400547318 1530
725893972 6749
188654266 6099
607271340 744
813430633 5285
497817574 5266
730233727 9463
302310993 4948
202433769 5921
175503347 6072
567931133 243
339375888 3427
128567567 4364
738790603 8756
610824990 1498
491774028 4320
153393877 5702
140525439 7997
552267730 9064
613642417 3024
729680566 1494
422148384 8155
31295459 8141
73741098 1424
517798453 8289
164476524 3089
706484033 3363
520740349 2286
662835919 8825
617199526 3514
708454167 517
29800470 7115
203453235 8896
706974265 5833
763680397 8585
430001155 1632
444675663 9400
425386240 9659
232076354 7627
666895043 8394
505644233 1140
212398007 9272
613424145 3688
679490889 62
68088408 9212
654119179 7890
731626798 5817
650944114 100
398834716 2366
222715991 5663
299858755 1750
565523474 6751
575428034 1409
49657817 1724
290840653 2969
102716283 3606
397643521 8744
245226964 197
583485905 6712
393785873 5238
479403050 5814
283129478 8657
145878403 4738
515575058 8394
558236135 2415
6136686 3943
429574400 1399
384385640 3042
354563345 3665
241993278 2547
474619933 8101
13005888 8328
586518117 828
248170510 363
358052575 6472
72733040 5033
195781154 1316
265933779 9014
137331741 4834
396687066 8536
200922034 4052
277208004 9775
615307283 2037
312704120 8680
124531175 4070
215970534 5110
91767860 6276
125506724 9382
427888331 8570
375332977 8611
94418567 7105
227673562 8461
150585860 9774
558721095 698
30213473 6927
312763017 7021
117375295 5294
482409861 2874
567927117 9895
633036445 6280
537327882 5365
237789494 2693
291032921 3377
206544765 8267
50291164 4443
332732360 9553
609026107 3202
80761209 5679
498620128 5053
373216119 4886
271878910 2527
590487895 8889
329170298 2900
550789727 5670
190832668 410
314484950 317
397491189 6722
280950597 4058
271898076 3602
487419298 3975
34567085 3266
180673385 8936
61037295 343
51086508 6263
322969954 2886
543609633 5886
536623522 3372
380160135 9520
254494925 8708
65517267 158
217946308 5740
441061957 4973
296150697 8074
217942442 3963
265315074 4850
586807594 5383
256518467 5947
513782770 9074
388833426 3168
140993621 5159
132481444 9535
253215267 5112
38127750 6695
138234962 8867
95628463 2667
128948098 8537
570128613 5243
576433756 5301
691611150 30
635539180 7990
594060631 7079
626539714 3731
137674796 1966
633817119 6350
324015286 5078
492757489 5280
270149239 3267
341220701 2271
579694404 8754
119471505 6717
410410682 8175
321375255 6133
45538090 1792
563089568 1602
242347014 5413
561720950 9325
419708844 6136
36704368 8717
409541705 9628
542173136 3181
439743948 4401
261000519 1390
303848013 5847
179871185 5009
465729696 1075
164419809 2082
633966758 5485
609765199 5346
147949855 9337
1000000000 100
908000000 1
951000000 1
960000000 1
984000000 1
970000000 1
952000000 1
929000000 1
968000000 1
919000000 1
975000000 1
916000000 1
940000000 1
900000000 1
910000000 1
963000000 1
923000000 1
932000000 1
925000000 1
950000000 1
902000000 1
944000000 1
946000000 1
964000000 1
987000000 1
906000000 1
966000000 1
930000000 1
922000000 1
986000000 1
971000000 1
949000000 1
996000000 1
998000000 1
992000000 1
958000000 1
909000000 1
918000000 1
979000000 1
948000000 1
942000000 1
995000000 1
921000000 1
961000000 1
945000000 1
983000000 1
969000000 1
962000000 1
938000000 1
985000000 1
957000000 1
912000000 1
937000000 1
905000000 1
991000000 1
917000000 1
976000000 1
928000000 1
933000000 1
920000000 1
936000000 1
904000000 1
999000000 1
974000000 1
935000000 1
993000000 1
954000000 1
981000000 1
931000000 1
924000000 1
939000000 1
947000000 1
989000000 1
955000000 1
990000000 1
934000000 1
982000000 1
953000000 1
941000000 1
914000000 1
978000000 1
913000000 1
973000000 1
903000000 1
972000000 1
956000000 1
977000000 1
994000000 1
907000000 1
911000000 1
967000000 1
915000000 1
926000000 1
959000000 1
997000000 1
988000000 1
901000000 1
965000000 1
927000000 1
980000000 1
943000000 1
641670425 50
348262423 6048
76224438 4519
16659075 8359
24439065 2705
149577583 215
139333928 2767
463560211 1849
488478537 3266
340633903 3338
544178641 8708
527972343 7232
224166934 3881
287833644 9767
620240251 1102
326653672 2383
63557072 1750
162543605 5615
547482347 7526
568833600 1412
222103137 1228
430874590 3818
176757039 3247
620404339 3485
500296186 6611
589654116 6296
58438322 7772
9808940 4651
169868288 6299
300242476 295
110214955 1163
330598810 8302
406260851 9666
444721976 7978
439438011 240
379354793 3351
433423374 9946
384376029 3446
39104790 8385
508852373 4909
428011033 7590
304442391 7695
340463408 6693
467609612 1408
160668409 6812
298562387 4543
138314009 4562
342436381 4262
83664488 4980
622154601 267
393155678 9894
200000 1000
4434 6
3822 3
6090 9
3535 2
605 2
8636 2
6720 5
5256 7
611 5
1245 2
8160 6
5134 7
3056 5
2328 10
1957 3
8600 4
8035 7
2859 7
6620 2
3791 9
9201 6
3644 3
8113 10
3490 8
8588 2
9889 4
4512 4
8851 8
6860 4
3343 5
8897 9
6763 3
7826 7
4928 9
541 10
8791 4
1480 5
1059 4
8112 8
327 6
6438 9
5252 8
4465 3
4665 9
3883 5
161 7
8048 7
9157 10
7762 4
4677 9
174 10
8695 10
9612 4
5084 10
6967 6
5242 6
2036 2
8453 7
8266 4
1919 3
7356 2
4757 4
685 3
9927 5
1530 3
1063 7
2896 3
8232 4
6461 5
3719 7
1576 3
6103 10
7178 2
1118 2
9853 8
2749 10
5894 5
575 7
6856 4
6453 2
2489 2
2848 9
8518 3
1110 10
2846 10
2909 9
5546 7
6735 7
5680 5
5338 6
1954 6
5808 3
2156 8
5871 4
5962 2
4916 8
8598 2
1115 2
7681 8
7959 4
6436 6
425 7
2175 9
8652 8
2398 9
1929 5
3172 4
2806 3
5034 8
7355 8
5383 7
489 2
3873 6
1179 6
2549 9
7855 8
7064 8
2812 6
6741 5
8385 6
1525 6
6789 9
2008 6
1923 9
856 9
4869 7
3692 9
6258 4
2091 6
4906 6
2304 7
6310 9
7118 3
9401 2
9578 10
3410 8
1604 3
1461 5
8468 3
2327 2
7377 10
7425 7
9396 5
8745 2
9562 7
9894 7
365 5
2408 6
2090 8
7683 4
8728 4
998 7
1113 2
599 7
5308 7
1844 2
5909 5
3164 4
8175 5
9617 6
4721 8
788 10
7470 2
5494 7
2739 7
6163 3
5179 2
3641 7
8091 2
2796 8
1719 2
3504 6
2568 10
3586 7
7938 2
9470 6
725 5
7319 6
4607 8
7336 10
7814 2
5697 10
8217 5
8528 6
7024 8
2546 5
4251 5
9794 3
6530 10
671 8
1400 4
6418 5
152 2
9707 4
4427 10
9810 10
961 4
6069 5
4083 9
3341 3
620 9
910 8
8500 4
4097 8
4994 6
4915 3
6831 6
413 4
134 3
8181 3
4514 9
9054 6
3788 2
1924 3
9379 10
1756 7
2483 9
3560 5
8139 10
2216 9
4751 7
7310 2
6930 10
797 3
4690 7
8092 3
9871 7
7723 9
1550 3
1196 8
5248 4
1990 7
4870 10
45 5
6569 9
6038 9
6337 8
172 7
7784 2
3336 2
7058 8
9481 7
3232 2
5606 5
6882 9
6811 8
5310 2
6586 2
7225 3
6513 6
9023 5
8894 10
544 8
2153 6
938 5
1605 3
8057 7
8792 3
407 2
4327 8
8472 6
6299 3
7345 3
9788 8
1686 9
6409 4
8967 8
8760 10
385 5
8280 9
2589 4
7052 8
7964 7
4938 4
2121 6
345 7
3811 7
329 4
857 7
4674 10
9777 9
1739 9
6017 9
1112 6
1259 6
4124 10
934 10
9189 3
7694 10
6373 4
2889 9
9199 2
1771 8
9942 9
7972 6
4265 8
5423 5
8415 5
4179 8
9993 5
8595 7
9373 4
65 7
3677 7
5671 10
6158 6
5019 7
8106 6
8475 4
6648 7
8989 3
9294 10
1146 6
7618 5
6056 4
4834 3
5408 8
3080 10
9192 7
3205 6
3735 5
36 2
9163 3
2066 9
5559 4
5097 7
4015 3
6523 9
8872 9
1750 2
9596 10
7112 9
5071 9
3357 8
83 8
1332 8
7415 6
8375 7
9285 2
7007 4
3987 6
1644 9
4608 9
1288 2
5109 9
766 8
8606 7
8399 9
4078 6
8297 4
9832 10
5024 3
3819 9
5081 2
2223 6
7661 8
9585 3
9872 10
9428 6
5578 8
730 3
8680 5
3772 4
2871 6
3697 5
4782 5
7720 2
2887 10
3574 8
101 9
3019 6
1225 5
5722 9
962 9
9024 6
4105 4
4238 9
1710 5
2092 4
8478 2
1328 2
8913 7
221 7
1238 10
5849 7
4810 9
5073 7
6251 5
9685 10
4576 5
6750 2
3248 9
6394 10
2880 9
4679 5
1161 4
5454 7
6482 3
2675 9
6173 8
5807 5
4685 10
9287 3
8635 9
3996 10
4152 10
5572 10
5992 10
131 3
6843 7
8613 4
4771 8
3068 8
4440 4
1615 5
9861 5
1854 6
4788 3
2358 8
1308 8
4324 2
8627 6
167 7
1018 3
4335 5
132 2
2995 10
8331 8
5284 4
451 2
7905 8
753 2
9563 9
5249 9
933 3
9165 10
3648 6
684 10
900 6
6319 8
770 4
3548 10
8373 7
558 6
6079 7
8481 7
3738 10
1599 10
2143 9
6179 9
6055 2
7693 5
675 2
9499 10
4696 6
7016 2
3363 4
7706 7
6415 9
2491 7
5675 5
2088 7
2653 7
468 7
7898 10
7257 3
5793 2
4333 10
2003 9
1409 8
9076 3
3542 7
2059 9
5102 8
2253 5
5951 3
6958 5
254 7
8713 6
6642 7
4484 10
4565 7
7773 2
219 4
1201 10
958 10
4680 4
2339 6
3442 4
7825 7
7934 7
9394 2
8081 6
4451 2
9622 10
6971 4
7539 6
301 2
2703 3
1457 3
7369 3
2862 8
5235 7
6120 8
3661 2
2906 4
2460 2
2431 7
9483 10
6673 4
6919 5
3755 6
4151 9
6785 9
7911 10
2605 9
4903 10
2126 6
6170 7
2049 5
1759 3
5021 7
3097 10
417 4
1974 9
4284 2
4469 9
5729 4
6853 3
3652 10
9245 7
6011 10
4529 6
6499 3
9674 2
4827 8
4644 7
5247 4
9989 4
3774 6
3794 9
1369 3
7802 8
1139 3
787 4
2913 6
3694 8
5177 7
8590 9
6328 5
79 6
3523 4
3439 9
9530 9
3935 4
1723 9
5990 4
9077 10
7405 8
6661 6
2960 9
7074 4
7666 8
2507 6
8053 3
4233 4
7916 5
4435 4
576 10
9305 9
1010 2
7871 4
6253 3
9161 7
6308 10
9238 7
4197 10
9274 2
4625 7
6382 9
3545 9
2232 9
2341 8
1392 8
7291 8
1678 3
7851 10
8881 7
5730 8
1717 4
5657 3
9954 2
3689 3
520 9
7223 9
7382 7
2324 5
1418 8
7274 5
2238 3
7247 2
8495 8
2217 2
2476 8
2914 3
9906 7
4654 6
2146 6
4591 6
7465 8
9372 8
3647 3
8754 6
1145 8
4211 2
1415 9
5181 10
2310 6
9148 9
477 9
2180 6
4828 8
7352 3
1659 7
3233 5
3112 9
1407 7
7950 4
4836 9
3328 5
9080 5
9898 8
5757 2
1784 2
1524 2
6576 6
9586 2
7867 10
261 7
6389 7
1834 8
64 6
7284 4
7106 4
2465 6
7943 4
3230 5
763 4
9529 6
1481 4
4369 10
8337 7
2048 4
8286 7
1742 7
6887 9
7226 5
153 8
8826 3
8614 7
4952 10
7302 7
4951 6
8655 10
8487 3
6666 10
2609 2
6665 10
2440 3
1357 3
9611 7
1058 8
6915 8
9538 9
5345 7
5767 5
2405 9
9734 2
7098 10
7421 2
4282 6
8010 2
121 10
2947 2
3078 3
9630 6
9113 2
7189 10
4106 7
6582 2
7759 3
3038 7
4579 4
431 3
646 2
5636 9
1647 5
4826 9
6595 5
9629 8
1963 9
562 4
4102 10
949 4
1705 5
8344 4
9963 5
6402 8
2754 4
9039 4
165 2
6031 10
899 5
3415 9
6086 6
2751 7
78 2
3555 7
6099 10
5846 10
1585 9
3645 4
7339 9
4089 10
5519 6
2785 9
6421 8
3430 4
3565 6
9967 7
2345 7
5000 10
5477 8
9751 5
7813 6
8747 7
473 8
8644 6
4709 4
1934 7
596 2
1185 4
2715 8
7081 6
9676 9
7892 7
5957 3
5042 4
394 2
6764 3
6769 6
3261 7
6250 8
3291 9
360 2
4930 10
9219 7
4245 7
8409 7
386 6
9657 3
3483 10
9152 8
2626 8
9551 8
3186 7
5754 9
8406 6
3571 9
593 2
9645 4
349 7
5130 2
9240 5
4227 5
1817 4
5022 3
5667 6
7222 7
8945 10
9608 5
1846 4
3132 9
7383 2
9462 4
625 8
3573 9
3812 8
2183 5
7188 5
6015 2
691 5
9542 9
5851 2
8737 6
4209 5
4960 6
9796 9
6617 2
7896 2
7877 3
9516 2
4948 2
7634 2
7988 3
8230 2
4004 5
3042 3
7402 5
3827 4
3737 2
28 10
9051 7
4941 5
7921 6
8668 2
8915 9
5970 7
2985 4
7604 7
926 7
7114 3
2098 2
2315 3
7365 4
5625 10
1211 7
8322 4
633 10
8997 9
7216 4
4563 2
5638 5
3752 7
1926 3
3875 3
522 2
9112 4
8833 3
8504 9
7865 5
6600 10
7939 2
2141 7
1587 2
7391 8
9125 6
3198 5
8073 8
1240 2
4622 4
3425 2
9557 10
2656 3
5295 6
2169 2
854 4
5164 6
8510 7
8748 5
5059 9
3489 6
7214 4
8782 6
1697 9
6545 9
3257 4
9210 2
1200 2
4807 5
4526 7
1910 4
2798 10
2788 5
9689 8
258 9
6777 9
9247 5
9994 1
9725 4
4839 9
5950 5
6434 5
5795 9
868 10
3361 8
1094 6
9397 6
1057 5
8847 5
7620 9
592 2
5506 4
1815 9
4400 8
9109 9
6525 6
5452 9
3396 6
5008 8
2964 5
8144 8
2325 5
4240 6
5221 2
1527 10
9677 3
8921 10
4356 6
4115 3
271 9
9714 2
84 7
5309 10
9636 2
8196 9
6516 7
3709 3
8886 3
6830 3
647 9
8709 5
1643 4
4013 6
311 10
1213 2
9034 10
9120 5
2182 4
3917 7
5759 9
940 4
2461 4
7985 2
5301 8
7014 10
3100 10
411 3
8121 4
1682 8
1232 3
4597 3
3584 3
7645 5
483 6
1657 8
8972 6
8017 5
3840 4
3372 4
5443 2
5842 5
8212 2
159 9
8456 2
1096 7
4171 2
5623 8
7884 9
8717 8
1177 5
8558 2
9609 10
1702 2
53 10
9037 5
2877 9
6524 2
3646 5
2939 2
9368 6
6987 5
3836 5
8739 3
398 8
8009 3
8256 7
2660 8
8535 8
2447 9
1194 6
5185 9
7370 8
1309 3
5364 4
1948 8
197 4
6291 9
2116 10
1445 2
7485 10
2470 6
9407 7
3395 10
892 9
2184 6
8704 7
700 10
585 8
8771 5
571765771 55
156462743 6562
527685899 490
348645556 5473
29007520 4259
317698868 4061
564769797 4609
50270977 6392
310877055 6884
68034565 7552
7523321 7502
376075851 6158
336421505 4808
78886253 5028
189007564 5565
109961391 2999
478870411 4642
256064707 8018
320516956 6271
297987169 4551
385483771 8845
358805510 6382
376266350 6333
198333858 5082
281130075 5573
407651331 3244
4420218 6267
489241867 6395
79168096 150
411399193 5611
252281794 8219
176079584 7701
478356915 9027
302062955 5822
252480369 5644
163309330 6144
44055464 909
444437404 2811
287446693 8627
418299046 1910
417147159 8495
99310082 6885
471565543 8289
219880279 5790
56756708 934
270653692 9303
230974604 5765
445380084 4393
394077581 9476
401507198 4812
139381096 9071
437943960 4249
168432499 3647
425815204 660
95203509 5733
327606475 9725
434467998 7
61689809 1327
220689 5793
291793946 7057
44156933 1215
244517639 1624
3186764 8790
22681022 1536
520089918 1
515181180 2330
360881991 8
356453246 9036
65620295 2723
168839260 5036
79384780 8337
101579402 464
209199509 1351
250697523 8604
110821454 6284
307694394 22
95636242 7154
76836672 6602
38624704 1029
236345359 4258
149771691 5238
135757727 8833
14119482 2427
271196292 1526
88236840 357
65727246 8313
131344893 9152
113726206 4898
147454810 50
187456322 742
80400336 1692
194028091 9088
242808625 1736
53637910 9459
153412198 9106
186717662 2188
160470063 7187
35058017 8490
634970041 1000
123686913 5139
246068015 1555
154440900 1353
10237854 1430
221181575 5944
502431720 4396
149719783 4738
188175663 5021
224385714 9035
548995915 4165
285004826 438
201826813 4739
28973561 2174
259350198 2588
278028649 6843
593007583 7292
233955096 2260
98584872 7713
29247820 2797
596922704 5731
273310306 2786
455630622 6470
210229546 9952
353859333 5324
42169901 7596
431052958 2210
583074391 215
353321300 1101
143383153 7710
404121640 357
67043576 8056
323388246 5548
319855084 1038
526925030 609
130933091 9673
116837222 3780
546255748 3266
106843757 3609
489053681 3164
218947790 4845
469887627 6234
8189212 1901
58364314 2413
256767191 3113
499962481 176
30156708 6436
561262386 4768
216815083 7262
208196948 21
192259351 2426
556713096 6783
163112625 256
580684518 6125
256430918 9945
500119224 1054
145657917 963
214960679 87
112219180 128
451751675 7192
527171776 4662
359032400 6247
328485992 7071
91356001 4067
580324779 426
56480632 4579
76415404 2355
342888692 4286
366938810 2673
461641560 444
310348072 4038
333817443 5350
624575045 9602
370480629 8813
571327241 3313
183964631 8135
305733682 6092
248898063 9008
196920654 6379
326147100 1512
205771599 895
41861883 6320
362954852 406
451069441 630
622304478 9659
179073972 1454
517337379 1941
360923753 4587
290641861 563
441777018 730
413736960 5319
298784382 9078
350398852 3132
475986994 7065
114621767 3481
145115132 4678
201564144 9434
340825007 5555
503092783 22
329242674 280
396077951 4117
514204812 8764
139235755 6543
625936921 4986
419622186 8098
411251526 6249
506960452 1707
238754086 1474
183326619 7260
245476302 9935
539463891 1288
89707872 3180
336896519 9288
266066451 3766
613791810 5102
333719340 1678
126710887 1045
616089095 7263
161007487 3628
179581574 3939
498457985 2808
87083616 5304
227854448 6347
489953481 4616
191409370 6272
176466354 2880
328391568 4245
482312974 224
46272747 7956
606881004 3001
249462421 6236
182673106 5761
590883349 6360
266809995 6947
359469690 7654
82386018 8060
597082924 3182
327832853 4108
490818899 7725
101452012 351
233765498 9284
168204193 3644
370203545 8829
334510228 2635
595969215 4484
578431296 109
538773710 8936
315331971 9983
408206950 1070
266768958 506
268628758 2995
343934205 3091
346451087 1637
274729910 537
280373554 5096
57317502 7687
435592254 2420
420717545 4576
36302169 1450
376900918 2337
346894779 9628
122067564 6834
306094238 3838
164729995 9353
54793594 6509
45480257 5986
442871585 4667
399285451 7981
284773666 1163
239158160 5599
442274159 7065
279969255 8737
593192193 441
502149419 5924
100946489 1565
15813337 3042
47098743 7814
64754885 3464
549748128 2236
231824878 6614
405509032 4554
543426051 1559
577577946 9753
364362387 5953
372156139 4600
173703653 3720
518796311 8829
485806346 3363
146787566 9466
142772972 7011
561451578 8884
174123590 3245
511090280 1074
206413816 8718
128484019 5018
338503164 4063
315530376 4316
29506832 4132
477318516 9323
387748739 9318
26030737 7803
135715719 4031
249604328 9896
91719479 6532
430356208 6880
328649686 5931
312443955 6740
414381258 3153
5257551 9398
450741163 7460
308648045 1053
311672409 3395
630882343 5069
358349980 6260
615455882 5324
441918875 8047
272880830 8297
28005094 3979
242152221 9290
80446242 6266
297999538 5270
588750448 8636
573036041 5891
597656174 1962
250619740 8697
590497634 8244
322492513 1596
422114528 7547
355739229 5779
187863455 3104
508514959 595
300002434 9585
271314450 9175
131516974 8355
533265657 4436
586382340 320
212742608 2936
491119527 4681
331765964 6629
546326304 8729
254695613 6427
392167725 1648
163449197 4889
15316005 8347
213476179 7916
630287527 8704
508397078 767
311477865 9178
459407949 1874
629341725 2970
342379396 2964
353525386 9416
64560799 3579
294808677 7343
462593505 3655
627660692 9343
267622862 2776
517621576 8826
13740954 8492
447946504 2271
96156127 8563
541620465 7122
277620925 8311
417898151 4034
576103369 8518
479451394 3368
319011042 5366
287282149 4468
221128682 2928
121483679 8863
138972678 932
111303195 5703
464893687 741
182133440 1248
257047284 4144
233381411 9709
179811993 5139
324632487 9559
97483634 3422
489346010 9446
474354396 4750
584283994 2230
517044129 2769
146724196 1374
634727275 8952
308681954 352
481658357 7807
118712426 3483
231645577 3466
303480338 3261
116059718 2604
356602242 5342
13408016 9291
216665746 9188
595629348 5389
50297448 4291
497896136 7445
444240842 9254
55821090 5580
389935235 1429
263492106 2870
468514572 8949
189487862 1806
500123980 9182
440349703 2376
88794324 4809
60598225 6992
597838287 3484
363363078 9075
165089549 8717
216480370 9035
41248642 1543
357942871 8428
150505680 2917
459794048 1463
551351325 3081
590114567 8793
341460581 7632
235455147 1770
97404006 5540
134525091 1038
458512954 9502
594819945 511
30561157 8082
236690905 4220
553751240 9996
561013462 1655
38312323 6781
554232193 5753
76969573 9730
253993471 4201
448817474 5949
167758168 7439
460692958 9183
421439887 9632
97535918 3424
213695081 9290
136933490 5804
462159928 578
115235751 7609
409314536 9256
426429499 2337
530520243 8801
516534727 4728
246316973 9149
310420268 6991
232834760 8847
281392489 8356
69833010 5028
234513676 3078
456815372 945
584587947 2465
564576937 3147
534318652 9824
113479575 8433
601811542 5938
482283958 381
148195428 7966
454886367 850
481582393 9595
14898591 7717
597371466 1595
298266044 7955
130279474 4231
548710164 7855
631204132 9396
270719164 1542
530543923 216
631250830 1513
411606910 1930
384334230 2283
172022590 8249
460042308 8885
38656311 2269
541136964 8320
313950426 6167
20330417 8519
132922609 9982
67580397 770
264376133 6460
114606095 3321
527008667 5212
523224977 5447
74976769 3796
398796383 7870
608364226 651
270476091 4661
471613749 5884
591418365 7829
34576812 4839
149469692 8894
557920734 2658
562397354 7211
443873493 8553
140378779 3479
164129625 4282
566644450 6218
444248330 7438
449246542 4966
516034485 5440
132608095 6183
549841410 2949
333080969 751
394656430 6223
473082354 9527
479523618 4806
556341599 6001
132073513 3589
11326718 5261
144154292 7183
129093591 8122
268831710 4002
488824945 1792
190713983 6474
420537841 2009
88502126 4227
186532907 9901
280275405 7658
607534306 8925
324535708 6318
621496895 3930
214074427 6972
619472033 8870
263686501 1954
156947811 6594
170598934 2603
45799697 2539
380992831 2738
328796531 1301
109237934 2563
558591497 1885
617785330 8001
603215613 8576
111823454 5592
394619576 9838
314642910 5001
62037297 3743
251046421 6527
193139334 4191
113915128 3570
200112780 3817
303697600 6599
249608709 9147
28377177 7577
370529207 1802
63412537 3118
409816488 1602
99386552 6739
515203962 7627
210785047 8651
457681193 231
294204466 4374
471812601 4256
231825464 8730
215030991 8465
466300265 6568
436050029 6425
139239697 8530
60228275 9344
533965361 2777
316382543 5385
240957706 4261
381807273 3020
617028249 103
579922877 2970
63195942 5986
393002223 2227
81910814 8486
179212124 9699
24107610 1332
549204865 6502
184399365 8652
393352873 1541
565111148 2243
477768899 4084
425093171 1474
10038869 3258
457710900 9718
294795748 2276
85308781 8830
609127480 9996
559327585 2604
69347258 2164
480585252 4623
384009488 4683
401256221 9605
498126144 4291
259504925 4535
31738769 9912
24765060 247
215738195 8572
573921585 1730
322291620 759
500093235 1135
588487384 716
246814502 151
399711958 8012
431260004 9224
371320569 9907
539974429 1737
247520768 1595
258448562 2194
502149458 6176
319129186 5397
26533771 2279
128187922 4558
449000093 3013
149180327 9884
42245119 2323
424247859 8291
575252793 7967
270281801 6145
360394980 6469
528587390 9882
400994841 9881
312360612 7167
594222493 9194
69603812 1962
578601966 8879
174483509 5615
356921243 6792
623010661 1182
577154326 373
144088688 658
458302392 372
523552955 4460
449640539 9431
396652207 2440
263803507 3719
352955230 9221
527012302 3105
170452628 1678
613856373 2354
190432247 4428
42950648 5909
429020870 7200
149200008 6645
9636180 111
516567328 5974
112350395 2171
400119307 4310
477735743 7776
572475697 2755
247820967 6641
574326434 4603
278014464 9051
188986938 8871
237508590 2571
17087498 5941
479240748 4037
397142213 3610
65541137 854
390259576 5998
99925569 488
327118836 7000
241680842 415
203327546 9841
92385264 9562
591251285 4017
196577102 2126
55538256 5554
43510548 5705
622907148 7252
213261622 125
431866552 2623
398357066 3355
133410886 1420
634787586 6151
50181153 8810
411195961 596
533170607 2589
347269954 7653
436107734 2674
332687225 1339
425685875 1774
627615260 7576
81797123 1032
93542882 3831
2124545 1273
158271550 326
256842490 3567
487914584 4679
378015021 4972
180261211 6407
419722308 981
494345684 6362
108464173 9206
32521829 3458
634476920 6367
274361014 8504
505580427 4201
102498959 7052
264952828 9614
233163308 7818
306362851 9919
94851421 6741
119549701 1773
270137316 4610
437732600 4825
338052477 3375
336462670 855
140480500 1035
318878804 9256
608342497 855
380606772 3085
62839244 1907
443107535 4174
142253994 7627
538823770 3015
325293300 9131
197147045 1915
555428352 3724
414630329 5484
493465356 7595
592330903 1438
584345101 5703
628226662 1027
263206833 1112
122065676 4231
180307537 2555
485047951 4104
550653582 6053
168241969 4952
104364223 8662
323901318 2103
356595730 9895
391176156 3256
601560605 761
595859751 8890
285493273 807
22109395 9833
391096723 5985
524325375 7191
243628432 3282
327539702 4371
22251790 8569
267530087 7373
195616527 6835
595694743 8468
569541250 1521
38740271 4653
216398266 6178
611028232 217
570404572 4491
193840139 40
265815440 8461
19085149 7554
134820521 8245
198373910 7995
240315611 2207
187500378 535
231314555 3068
220687504 1001
484048154 140
85112905 524
382332034 5863
393448576 6834
102944746 1156
121917003 3583
186372392 1782
181759111 5219
378179896 7695
12555925 1694
165666310 1157
34807886 3688
420097567 2278
349533102 1536
401845421 2570
277049832 3331
579652626 1324
257837264 363
480224731 5522
525071893 5725
276289270 7050
497321683 9932
474410589 195
284840169 696
527826050 1007
494736626 6837
50828191 6652
475551658 5246
468007848 2879
282316957 5396
365389241 6732
211099656 4943
451377861 3997
162259578 3703
42606725 1186
576063998 2615
96674203 4709
238998682 7837
457568072 671
258964267 9383
31554297 3564
314389854 4575
508794790 4401
594164123 9770
45938482 7168
276010030 1174
517712683 3900
540820609 2605
404991650 3409
532465717 3402
23341970 7745
334932402 3968
77360435 8508
436051142 5392
578172588 2184
306441601 9731
36178303 9915
160388299 5442
85965026 2696
109586621 6944
443760144 4297
401423253 8388
564024743 7586
598549392 8952
74095833 4202
163452082 4718
275222635 9780
466581707 7167
523985613 1696
384247918 4327
70074605 2963
203074339 8063
327604272 7577
425060841 494
524865191 8182
286672630 6750
541076332 3520
469285846 428
463005611 4512
301658863 2827
469505622 348
87445278 3748
284533400 6979
466222725 900
451150867 8778
407377066 2704
33287371 4072
183438491 6785
68863098 6112
461944539 984
343495949 5143
504704511 3853
483428974 8278
562037281 7004
399470514 2232
187647617 1519
326978949 7476
148329024 4510
326525378 2648
628987941 394
278727794 354
180032096 9463
225208451 7128
87022698 4722
326013074 695
221151357 3480
42128143 5343
626259672 2504
548830177 152
556687231 5799
441138779 8814
143094541 7432
604236558 8313
416539499 9608
171503695 4214
244672677 2116
312349051 6289
307758465 9279
115210045 6494
54940714 9597
404590904 9895
538873946 359
94148405 7567
267566240 4490
191501860 5273
26849106 7514
456813051 1721
487662615 41
630141195 8165
187015172 8131
308033415 1104
332395843 2522
247376946 9409
481470634 1601
610499332 8985
68000638 6718
145274161 6309
59216090 2892
366584289 3277
579753797 6257
506408902 7270
389528965 2403
340633061 4447
607280842 222
51664634 9757
570228129 934
534784534 6336
452144936 6845
346511214 3575
295847054 6688
258118299 2273
110006743 9631
425346645 9400
528568734 9722
174296152 2013
36669254 8032
554467894 2147
284928640 1587
227161060 3391
219756590 2983
63094956 8464
415525384 6099
122886474 9115
593681240 3141
304728973 3909
356324492 9176
367181738 1085
379729842 9564
575721544 4878
159457920 2812
302789087 3016
252463126 5657
211922447 7313
190349230 869
404567783 6738
170568571 6438
381932283 1577
156038929 498
476447147 9765
566558342 2483
411187740 8635
294849837 2487
181448337 1704
625415928 6367
585421036 1534
453615359 9686
167543877 5800
17169109 4644
558448557 3270
11103412 6759
50084110 7844
429216059 3148
632522272 7925
194392868 6064
144750313 4651
387360376 1687
34988609 6068
509911973 2562
492071383 2024
485362774 3546
538173646 5727
532291164 236
340271159 9584
69760633 3604
94804196 7494
293545616 3801
276124874 9992
432085236 6616
611287247 1277
116062413 1608
604424817 4791
212270811 6929
294940641 3902
4026293 8805
36034481 889
400594244 5762
140626797 8806
407712049 5864
455936318 2365
618074725 8167
542046860 7408
441626611 9028
150128361 5934
115369542 3889
556205766 7787
403437604 2604
432748855 2688
38074514 9966
84111201 3766
487159471 7524
327289416 8353
123268153 450
370862528 5278
33223857 3953
592540612 1801
519580370 4892
457576074 5947
57266065 4861
361981934 800
460499852 6829
9350283 1293
126963264 5757
153506148 8592
576007159 7427
579014856 8063
354224150 9802
281791001 5671
342127452 8138
78576301 1986
113307688 9860
232887353 2967
155209842 3095
553665812 8760
192647536 7171
193896293 1998
443821998 2573
470229652 7102
113788713 130
409818543 4593
553989022 5749
60113407 2426
544787014 3092
352850974 2358
89024764 2969
299439623 5682
241513322 1258
401945144 4221
414144637 744
143253274 5343
188578189 2472
483233022 9665
138020777 2342
217422266 6120
418591787 3969
566401501 3789
138053302 2409
115515197 5112
119636225 2081
445453575 9773
183807397 8026
348915188 600
469388593 8793
229395294 2595
482201360 8884
589435630 3429
157754195 6137
54079583 4201
481513494 4160
418242166 4611
297309023 9872
131774263 3203
586670164 5027
105580979 8282
616052707 7131
75983452 8457
33464565 9856
613444649 7794
179954830 7269
365802298 7795
44064740 3780
473819321 9913
224907733 2365
380009441 9269
250128989 3257
468185805 8678
15760445 9503
462841182 676
307449079 2074
107882113 6934
112580578 4528
196788174 3928
567869061 9082
422138990 4023
366982149 183
100569522 1081
503849160 2169
514450321 435
539872968 6784
269524162 3571
161291773 8952
544748251 7446
547280349 4230
91250198 2491
19762788 1933
573416099 5602
385880769 7115
540584099 4552
279375535 3150
104595231 6463
239665198 3347
119381965 5237
110415425 2185
399977946 6597
165976182 6580
582905392 9152
569095363 9978
231241650 9628
300838248 5563
241274376 3614
193037158 2302
351496235 6396
18511355 104
377760010 3146
608728432 6985
588987125 9643
500367053 6
487272224 9450
101044081 537
1000000000 1
999999999 1
200000 100
6710 8
4615 8
4678 7
7520 8
8809 3
6004 10
7696 8
957 7
9921 9
131 10
7495 9
2900 10
6743 9
8813 7
200 5
3858 3
9660 8
3769 4
3176 7
4480 10
2314 5
7011 9
7992 2
5094 7
3853 9
2748 8
2468 9
8732 6
1478 5
32 3
2288 3
7549 6
395 5
5685 2
1704 2
4444 6
8577 2
9874 6
2103 5
9142 2
9922 1
6184 2
2567 2
5751 6
3345 2
7552 4
3340 6
150 10
747 7
8055 4
6104 9
1195 10
8361 5
1971 2
2151 2
4118 3
5992 6
7725 5
6437 7
1910 9
9020 10
218 4
2019 6
5315 6
5000 6
8937 6
160 6
1273 9
1991 10
3730 6
6992 6
5965 5
9694 4
9347 6
921 8
6936 8
5835 7
6964 2
4124 6
6810 9
4936 6
2027 8
5998 8
9408 5
6126 3
7089 2
5899 6
3590 6
5841 6
5203 5
4746 4
756 10
9069 2
7965 6
5215 5
5709 4
7705 8
998 2
6222 8
4748 3
854250889 15
754615977 7266
725790511 1920
284572191 1958
819199167 3715
222605362 6871
294395198 3672
520033045 5466
429683284 624
762566651 3396
711651670 7122
512806205 3072
629889719 8172
362233301 2609
89255056 9816
463690112 3984
59657550 100
19145504 8632
26031694 3532
1814839 3500
43403599 2350
15746070 8514
48797769 9548
42416447 6345
16846466 9497
10759237 2643
39448013 3270
55977565 8080
14482179 2853
15704099 4830
5904521 1786
59530256 649
2657038 2054
45131292 7034
39891947 9274
705809 1996
32893051 7218
30076226 4683
24714531 8249
56227359 3200
43031524 6000
7886372 6807
40926018 3601
51804377 2643
35580397 369
45908718 4676
5611585 8388
37925028 4196
54821052 5945
37132273 2547
6134108 3602
21658363 5047
31791140 1776
16291758 8530
3629511 7329
13813479 7088
41404789 7149
50918728 367
41246933 2440
58072558 7653
46994158 1765
26835937 1299
11016754 2683
50526937 732
16305970 1582
32135133 4585
4569053 8940
8793682 3192
5463717 1949
43001248 1426
35024898 3413
42543370 7
40026227 6139
42713471 3848
34434776 1051
13493939 8845
3366764 7577
27131114 3440
53817022 7686
27535337 9269
23879301 6623
28911482 7383
5649217 695
40181774 7988
6830501 2431
12110702 8440
38560115 1881
46222076 7626
17816268 9686
46453304 5587
989977 1619
18200699 5861
56185285 6876
55779757 2890
33082580 2395
34365337 9023
13886947 7510
52248798 4729
50906246 7512
54429290 7882
58517988 7055
13142097 5282
50030084 4782
21336919 2311
37008330 2020
30641649 5627
48912891 3682
15469056 1121
19564366 8507
20445816 5761
44921768 1627
27630777 973
12627110 2818
14211866 2916
42188254 257
30152547 6100
16592550 9996
838272870 27
476853072 7457
697966659 1719
102348471 300
18753996 8277
781381100 6495
454512670 3297
625625762 4099
105940286 5207
723276431 7899
564594668 2946
120482838 1662
631741821 2543
677700954 8923
651684647 3181
766287308 4920
443360394 7437
474256183 7233
455343418 2729
504683243 3287
307913218 9029
643687019 6736
24508845 4520
423464412 3455
376273983 4275
632486380 4774
113409986 9797
287287910 3103
605130331 15
491197945 4858
482965722 8794
364704969 3998
171502668 5507
155922204 5204
313569190 2343
269321510 9673
302342167 7827
465552481 4611
57725250 2741
560852507 6805
517617708 7907
414585417 8401
175976656 8468
411441149 6398
200000 100
8120 8
5000 4
7431 6
8289 4
9404 10
4045 6
8666 6
9844 8
4499 6
252 2
6817 6
5058 8
5768 4
5054 9
6233 9
6666 3
2963 8
4650 5
5322 6
6594 3
4837 6
8084 7
7776 5
6219 8
2041 7
1180 6
7656 8
1242 4
8391 4
3996 5
6691 10
2553 9
4175 10
7197 6
9723 6
7258 10
9025 10
4306 5
5437 5
6957 2
488 9
9919 10
2690 9
8197 7
9093 10
5782 10
996 10
4756 9
1976 3
9920 1
21 5
883 5
6036 10
6281 6
3674 9
2027 8
861 9
8464 2
9147 4
5003 5
8928 6
6877 2
8243 4
2032 2
1032 6
9755 9
8233 4
4949 4
1201 2
5676 10
9042 8
6267 5
3884 4
5944 7
4059 10
1703 10
7101 5
2225 8
5207 3
3727 10
9271 6
2964 8
5860 10
9558 8
1104 5
202 2
4426 2
2720 6
8614 7
1667 2
6984 5
9573 9
4663 5
825 9
4947 8
9575 9
9326 5
1896 6
9140 4
91 7
750228867 10
364369721 1491
378117242 9606
568416209 2522
609295535 7011
544883250 3220
612787650 8288
369349659 1364
325108746 2089
682560815 5423
258912736 2441
933070748 47
84239181 7546
433859409 5476
86640104 5253
195716777 8280
339664822 7966
583341614 6491
545684619 4127
692493581 1191
454069476 9617
728857882 780
870913160 613
130256757 3942
241113525 2243
191230529 3169
406541788 5602
805038660 6396
488273633 6098
871157512 5025
414650988 4778
446362700 4145
609112546 6494
150472583 3982
110988977 2254
84357220 1959
258869739 2902
384854397 7201
930197702 9690
318845554 3607
240606883 7765
542810921 2935
557262362 9727
248184721 9615
580373508 8091
301086283 4129
154541579 768
560318178 3156
633896378 6921
530997305 829
227422965 5277
673978482 9920
666115143 3004
712067148 1740
774354926 4780
105608596 7482
858793257 3656
869248224 3465
742217016 1550
354923954 14
226992290 9492
245377806 2565
123796860 3821
328818894 5184
318575843 9094
334500838 8455
28712878 4277
256561352 9890
105870046 3202
272475269 7789
319562552 4638
341938405 7916
59585184 2778
22515169 8779
643579294 20
281766975 2917
245390 6030
242866108 3372
278507796 852
96604326 6657
590339868 1549
202711662 4092
354894227 3240
411994900 3932
363735580 2505
138860796 1977
378475362 1543
631186728 4341
195908801 4293
568234003 4135
554603858 9547
374898569 6647
510868971 5995
546913656 8987
627817538 1226
1000000000 100
972000000 10000
965000000 10000
930000000 10000
900000000 10000
915000000 10000
934000000 10000
994000000 10000
962000000 10000
905000000 10000
981000000 10000
955000000 10000
902000000 10000
939000000 10000
964000000 10000
923000000 10000
996000000 10000
984000000 10000
950000000 10000
906000000 10000
917000000 10000
991000000 10000
924000000 10000
969000000 10000
903000000 10000
976000000 10000
982000000 10000
983000000 10000
920000000 10000
935000000 10000
970000000 10000
951000000 10000
963000000 10000
987000000 10000
916000000 10000
946000000 10000
968000000 10000
928000000 10000
974000000 10000
971000000 10000
940000000 10000
954000000 10000
909000000 10000
945000000 10000
986000000 10000
927000000 10000
956000000 10000
926000000 10000
907000000 10000
949000000 10000
978000000 10000
901000000 10000
931000000 10000
919000000 10000
904000000 10000
953000000 10000
985000000 10000
998000000 10000
912000000 10000
947000000 10000
908000000 10000
933000000 10000
959000000 10000
937000000 10000
911000000 10000
921000000 10000
967000000 10000
929000000 10000
990000000 10000
941000000 10000
910000000 10000
922000000 10000
989000000 10000
918000000 10000
977000000 10000
999000000 10000
957000000 10000
948000000 10000
960000000 10000
988000000 10000
973000000 10000
966000000 10000
952000000 10000
938000000 10000
925000000 10000
944000000 10000
942000000 10000
913000000 10000
914000000 10000
932000000 10000
958000000 10000
980000000 10000
936000000 10000
997000000 10000
961000000 10000
993000000 10000
995000000 10000
975000000 10000
979000000 10000
992000000 10000
943000000 10000
839346977 41
713762027 6954
343846841 3486
378874649 1152
700199820 9019
212232868 9176
258818088 6758
281132116 198
545252043 6490
422168438 7524
426268404 971
276322097 488
616888003 844
639896834 5035
152542986 3025
281637227 3957
266309034 5410
764565439 2048
592410355 5078
771523599 4238
655267070 5583
165559769 1150
119374300 1917
8599051 5763
80613344 3883
784007104 4016
241734470 6300
614777095 2351
292607437 2252
164335549 5734
117930732 9163
188271497 3681
193932168 3241
699625107 3223
334011569 7042
783448046 7609
298430589 7734
569879031 7011
778986759 2648
390112573 1632
815125805 7552
764762400 4277
516041824 15
357941787 2467
84860903 9584
467032849 2986
470616216 9247
113567841 2324
216501219 1894
86470927 1123
497048212 4605
137140976 860
246513093 2300
93230165 8249
184203827 1772
434381013 822
75939852 5607
377041871 1924
536043488 24
327725408 5563
142680423 3028
143522388 6942
453235308 7418
395853406 7405
256496468 659
138671465 5930
151949270 2818
457934630 1795
479477390 1410
86571356 1251
42367899 5989
515904522 7482
59510861 6914
417723219 2511
302783503 4846
420904207 199
333322251 4922
287187890 7538
162784344 5117
374884197 2061
410885255 9870
249064175 8328
337890741 7903
979787332 4
158849108 2118
497676354 7765
42324509 4158
90889671 3772
255796103 50
147333319 8659
50665759 8557
46319 4323
159512640 6935
159360930 6533
247615492 4627
208575649 1296
125857498 233
240059145 1952
99916352 7792
25817371 6181
35211063 6331
214585467 9868
138810746 6526
238559645 6291
114771254 6848
56151609 3647
201222458 2119
97760071 2017
31228573 5959
205295885 8188
137381282 7659
122139608 4099
106697390 9140
6156299 5188
52590441 5378
10155155 4326
99237938 241
100279474 1692
169888958 1141
231448346 862
149448466 6396
152462133 2020
49831677 8248
108571247 2387
174572771 1819
243749640 2384
135049219 9760
64718159 1188
26438623 1096
73157023 6444
220714025 7657
175048500 6261
85887189 7976
215018959 3927
122837475 3311
131511374 8475
226538310 421
227085206 8410
12002859 2963
482621756 14
174256017 7311
172976482 7110
383599921 4856
42652435 5820
416152098 4617
461270310 5691
313861703 6026
175254126 6080
155118242 2742
181668664 4286
40716464 4957
16037129 446
71801746 6148
224772076 7705
851347430 16
301978231 3906
149145407 2408
532269002 5244
214969671 7603
809623298 1483
204195534 4794
442505151 2485
777470238 7093
32529608 340
60579311 7359
742677735 8627
300216460 5162
353883397 2820
785598925 1729
617443952 1914
100930794 7677
200000 100
167 3
4193 7
9187 5
1527 6
1228 10
5936 7
7382 7
7140 10
6467 2
620 9
8227 5
5000 6
9981 1
3941 6
391 10
7560 5
9671 8
9470 10
7939 10
3044 3
2053 8
9049 2
604 6
6495 2
386 2
107 9
9827 2
6363 2
5990 4
5043 4
1351 3
2130 7
6059 6
1313 7
8149 4
2414 8
3503 2
628 4
3769 3
9980 2
9866 8
6858 3
5688 2
1787 6
5024 2
2514 10
3602 8
7380 5
7853 8
991 4
4202 8
7660 5
3270 10
243 2
203 10
5678 6
4825 4
3443 6
4315 3
3120 2
8195 10
2529 10
253 10
2344 5
9542 9
7302 2
4901 4
6487 10
7057 7
2157 4
3067 2
30 8
5752 4
4558 3
2134 4
8530 2
5837 6
3159 8
9508 2
6668 8
3290 7
2862 5
6402 10
5775 7
7157 2
6884 2
5809 5
6985 4
7145 2
6459 6
9366 7
719 2
5431 7
9801 2
2064 10
3359 5
5322 6
6155 8
5458 3
573 5
916926968 16
300144775 6125
361396161 7009
230884908 5544
594905636 3438
273013862 7059
124102153 5592
794882998 1102
681009119 1186
437994096 9100
517949573 5695
169385732 6860
842729289 9002
478963335 2367
81728718 9588
385988440 8263
588451339 8601
671984475 17
20228513 1374
554087074 7256
528733869 8427
302889864 9683
622436021 546
475038447 2363
381309475 6653
386415658 5985
432185550 5049
192763184 4355
655747375 9419
573195768 7604
273838363 5848
621057155 1179
232975953 314
198380159 3294
576362451 960
120546241 7
57844091 414
62592767 4264
115510121 8936
98963798 1338
78304548 9303
42960346 8198
5569046 9884
200000 100
846 6
330 7
9266 5
2247 9
5979 5
5414 8
6412 4
321 3
8323 5
1358 7
1591 7
8412 2
4665 2
9334 5
6496 8
5540 6
8145 10
2866 9
5184 2
6442 6
8933 5
8467 3
6209 3
2944 8
7384 9
805 5
3846 5
8775 9
4045 10
8048 2
9470 9
3312 9
5611 6
6075 5
8875 6
3141 6
5769 2
4099 9
5497 2
1359 7
7105 9
7101 4
8088 9
7743 5
9446 7
9297 3
6420 2
9766 4
9500 9
9481 7
6083 5
2488 2
4312 3
9649 9
875 2
5967 9
6436 7
6554 5
7865 10
545 5
8993 5
6440 10
4475 8
6488 5
5004 7
4551 9
5182 8
3595 9
808 7
6642 6
5709 8
6386 6
5749 6
3121 7
7013 7
5661 7
4416 8
6433 5
5458 9
6297 6
4436 2
7561 8
5575 8
4070 3
7560 3
1401 2
9769 1
4298 8
2643 8
6225 9
2041 2
5023 7
5000 2
489 10
7147 9
7527 2
5166 6
243 2
1757 4
9768 8
1000000000 100
5 97
69 33
95 7
38 64
2 100
15 87
92 10
24 78
59 43
88 14
96 6
78 24
100 2
56 46
14 88
16 86
32 70
39 63
9 93
1 101
93 9
37 65
18 84
64 38
82 20
66 36
84 18
54 48
28 74
63 39
79 23
53 49
71 31
99 3
91 11
17 85
74 28
62 40
51 51
83 19
34 68
35 67
11 91
89 13
67 35
90 12
61 41
31 71
21 81
87 15
70 32
97 5
7 95
13 89
20 82
3 99
12 90
57 45
22 80
73 29
40 62
86 16
60 42
42 60
29 73
80 22
4 98
58 44
49 53
77 25
65 37
46 56
81 21
27 75
45 57
94 8
47 55
26 76
72 30
23 79
6 96
25 77
52 50
85 17
41 61
44 58
55 47
68 34
43 59
76 26
10 92
36 66
50 52
75 27
30 72
8 94
48 54
98 4
19 83
33 69
763110475 5
309311656 7886
328071795 9646
8833237 255
507316174 8969
462458507 6324
2 1
1 1
441526393 50
244249532 7591
337529791 5849
62778203 296
213283372 9138
332714080 730
3597458 3708
229927888 8484
388477630 7071
13628878 2335
81732342 1938
169219602 78
177774880 2650
10749134 1279
38606557 2551
438643875 5893
229091793 2894
81631987 9631
374905449 2700
281789470 5949
313574431 1667
388187982 8904
309553722 4354
202209746 7801
9087909 8708
300303893 7296
28615458 7225
37919049 5698
283659691 345
250836730 5617
415224230 7481
7762570 5992
315662218 8847
414353127 1448
89973133 938
347175995 7874
112562453 4149
294217004 7397
193317026 3275
434869522 3193
316910332 2661
97090221 2438
235691195 5764
115269843 2734
35471191 8588
378964647 813
345322897 6947
33334843 4472
166515584 9925
266574570 6113
11194110 4033
