99
2525 1
2400 5
300 2
120 60
60 90
960613202 1
178643104 1100
1000000000 2
998000000 1
999000000 1
44924994 1
32875926 9139
1000000000 2
999999996 3
999999997 2
130815283 1
93922902 824
117069399 1
62301184 2258
425825221 1
380087013 9833
942586112 1
771577085 9062
409689316 1
384991674 8439
554860988 1
336417828 8921
347265917 1
148082902 4817
226788576 1
190235989 528
421139902 1
417114775 2965
1000000000 2
200 10000
100 10000
630856420 1
362513326 9088
118205238 1
23197012 6777
591622844 1
471321116 4392
892756470 1
265163597 8138
540459041 1
536310524 9775
507326231 1
377783998 8115
580974852 1
38744062 5064
306236172 1
45813229 7020
1000000000 2
999000000 10000
998000000 10000
925754770 1
507477789 9590
713461335 1
394006580 50
822573104 1
769594143 7283
51125172 1
19028522 8533
1000000000 1
1 10000
22960370 1
7109997 2129
153310059 2
99254092 5605
85701959 9431
141394679 1
101585435 6509
684675582 1
239927923 2567
799678685 1
6166936 6508
283335397 1
135195724 4510
1000000000 1
999999999 10000
776095048 2
104548536 727
648014713 2464
56278363 1
49099300 3666
557048068 1
490314866 7598
1000000000 2
12345675 3
12345676 2
907741535 1
243314049 4275
784772854 1
188669618 2661
264157239 1
181382742 3770
645843513 1
586509850 2673
52126216 1
13651987 4085
436249448 1
96272575 6996
456743106 1
112147235 4656
2 1
1 10000
552669327 1
69142457 425
235675171 1
187954238 9246
642818800 1
551769967 8447
1000000000 2
999999997 3
999999998 2
346535959 1
162196308 3198
641276358 1
414973878 8098
33458488 1
11310640 5149
623381105 1
588739873 1419
78288963 1
21883566 2300
649805576 1
176385559 646
264908264 1
197902510 9855
1000000000 1
999999999 1
966508049 1
891593384 7000
85760768 1
8442475 5979
77547908 1
56349947 8798
1000000000 1
1 1
2839248 1
476093 2287
260557075 1
88714514 8367
642911505 1
537852231 9100
815222423 1
639932216 3349
640695660 1
490069666 5631
967573260 1
743982150 5889
744499062 1
105888482 3851
319559608 1
33948608 6486
73145617 1
17193739 7693
341234544 1
271874510 5374
851946139 1
238091541 9340
546814029 1
497454278 1084
918737048 1
295607338 1755
251508697 1
186419244 6794
1000000000 2
999999998 3
999999999 2
742207506 1
685631065 7117
559732288 1
107633351 693
369432078 1
35023483 1586
433734528 1
68904561 439
2 1
1 1
801088913 1
174114547 3032
204043182 1
175196433 1113
942107567 1
473924554 8997
401537651 1
219774614 6384
628839875 1
357572193 7873
200000 2
5001 1
5000 2
216447096 1
182532176 8190
747395606 1
620168068 9653
93481600 1
18103696 5130
744011223 1
691407432 4749
547405778 1
481533497 4943
261034851 1
13225564 5523
1000000000 2
2 2
1 3
714869756 1
628459279 8348
