30 10
0 7 6 1 8 7 7 9 6 4 5 1 7 2 6 10 2 9 6 7 6 9 6 6 10 0 5 8 2 1 
7 0 13 8 1 14 0 2 13 3 12 8 0 5 1 17 9 16 1 0 1 2 13 13 3 7 2 15 9 6 
6 13 0 5 14 1 13 15 0 10 1 5 13 8 12 4 4 3 12 13 12 15 0 0 16 6 11 2 4 7 
1 8 5 0 9 6 8 10 5 5 4 0 8 3 7 9 1 8 7 8 7 10 5 5 11 1 6 7 1 2 
8 1 14 9 0 15 1 1 14 4 13 9 1 6 2 18 10 17 2 1 2 1 14 14 2 8 3 16 10 7 
7 14 1 6 15 0 14 16 1 11 2 6 14 9 13 3 5 2 13 14 13 16 1 1 17 7 12 1 5 8 
7 0 13 8 1 14 0 2 13 3 12 8 0 5 1 17 9 16 1 0 1 2 13 13 3 7 2 15 9 6 
9 2 15 10 1 16 2 0 15 5 14 10 2 7 3 19 11 18 3 2 3 0 15 15 1 9 4 17 11 8 
6 13 0 5 14 1 13 15 0 10 1 5 13 8 12 4 4 3 12 13 12 15 0 0 16 6 11 2 4 7 
4 3 10 5 4 11 3 5 10 0 9 5 3 2 2 14 6 13 2 3 2 5 10 10 6 4 1 12 6 3 
5 12 1 4 13 2 12 14 1 9 0 4 12 7 11 5 3 4 11 12 11 14 1 1 15 5 10 3 3 6 
1 8 5 0 9 6 8 10 5 5 4 0 8 3 7 9 1 8 7 8 7 10 5 5 11 1 6 7 1 2 
7 0 13 8 1 14 0 2 13 3 12 8 0 5 1 17 9 16 1 0 1 2 13 13 3 7 2 15 9 6 
2 5 8 3 6 9 5 7 8 2 7 3 5 0 4 12 4 11 4 5 4 7 8 8 8 2 3 10 4 1 
6 1 12 7 2 13 1 3 12 2 11 7 1 4 0 16 8 15 0 1 0 3 12 12 4 6 1 14 8 5 
10 17 4 9 18 3 17 19 4 14 5 9 17 12 16 0 8 1 16 17 16 19 4 4 20 10 15 2 8 11 
2 9 4 1 10 5 9 11 4 6 3 1 9 4 8 8 0 7 8 9 8 11 4 4 12 2 7 6 0 3 
9 16 3 8 17 2 16 18 3 13 4 8 16 11 15 1 7 0 15 16 15 18 3 3 19 9 14 1 7 10 
6 1 12 7 2 13 1 3 12 2 11 7 1 4 0 16 8 15 0 1 0 3 12 12 4 6 1 14 8 5 
7 0 13 8 1 14 0 2 13 3 12 8 0 5 1 17 9 16 1 0 1 2 13 13 3 7 2 15 9 6 
6 1 12 7 2 13 1 3 12 2 11 7 1 4 0 16 8 15 0 1 0 3 12 12 4 6 1 14 8 5 
9 2 15 10 1 16 2 0 15 5 14 10 2 7 3 19 11 18 3 2 3 0 15 15 1 9 4 17 11 8 
6 13 0 5 14 1 13 15 0 10 1 5 13 8 12 4 4 3 12 13 12 15 0 0 16 6 11 2 4 7 
6 13 0 5 14 1 13 15 0 10 1 5 13 8 12 4 4 3 12 13 12 15 0 0 16 6 11 2 4 7 
10 3 16 11 2 17 3 1 16 6 15 11 3 8 4 20 12 19 4 3 4 1 16 16 0 10 5 18 12 9 
0 7 6 1 8 7 7 9 6 4 5 1 7 2 6 10 2 9 6 7 6 9 6 6 10 0 5 8 2 1 
5 2 11 6 3 12 2 4 11 1 10 6 2 3 1 15 7 14 1 2 1 4 11 11 5 5 0 13 7 4 
8 15 2 7 16 1 15 17 2 12 3 7 15 10 14 2 6 1 14 15 14 17 2 2 18 8 13 0 6 9 
2 9 4 1 10 5 9 11 4 6 3 1 9 4 8 8 0 7 8 9 8 11 4 4 12 2 7 6 0 3 
1 6 7 2 7 8 6 8 7 3 6 2 6 1 5 11 3 10 5 6 5 8 7 7 9 1 4 9 3 0 
20
8 15 2 7 16 1 15 17 2 12 3 7 15 10 14 2 6 1 14 0 14 17 2 2 18 8 13 0 6 9 
12
6 1 12 7 2 13 1 3 12 2 11 0 1 4 0 16 8 15 0 14 0 3 12 12 4 6 1 14 8 5 
8
5 2 11 6 3 12 2 0 11 1 10 1 2 3 1 15 7 14 1 13 1 4 11 11 5 5 0 13 7 4 
17
7 0 13 8 1 14 0 2 13 3 12 1 0 5 1 17 0 16 1 15 1 2 13 13 3 7 2 15 9 6 
28
10 3 16 11 2 17 3 5 16 6 15 4 3 8 4 20 3 19 4 18 4 1 16 16 0 10 5 0 12 9 
30
9 16 3 8 17 2 16 14 3 13 4 15 16 11 15 1 16 0 15 1 15 18 3 3 19 9 14 19 7 0 
13
3 4 9 4 5 10 4 2 9 1 8 3 0 1 3 13 4 12 3 11 3 6 9 9 7 3 2 7 5 12 
26
3 4 9 4 5 10 4 2 9 1 8 3 0 1 3 13 4 12 3 11 3 6 9 9 7 0 2 7 5 12 
9
2 5 8 3 6 9 5 3 0 2 7 4 1 0 4 12 5 11 4 10 4 7 8 8 8 1 3 8 4 11 
3
10 3 0 11 2 17 3 5 8 6 15 4 7 8 4 20 3 19 4 18 4 1 16 16 0 7 5 0 12 19 
