10000
00000000000000000000000000000000000000000000000000000000000000000000000000000000000000000000000000000000000000000000000000000000000000000000000000000000000000000000000000000000000000000000000000000000
00000000000000000000000000000000000000000000000000000000000000000000000000000000000000000000000000000000000000000000000000000000000000000000000000000000000000000000000000000000000000000000000000000000
00000000000000000000000000000000000000000000000000000000000000000000000000000000000000000000000000000000000000000000000000000000000000000000000000000000000000000000000000000000000000000000000000000000
00000000000000000000000000000000000000000000000000000000000000000000000000000000000000000000000000000000000000000000000000000000000000000000000000000000000000000000000000000000000000000000000000000000
00000000000000000000000000000000000000000000000000000000000000000000000000000000000000000000000000000000000000000000000000000000000000000000000000000000000000000000000000000000000000000000000000000000
00000000000000000000000000000000000000000000000000000000000000000000000000000000000000000000000000000000000000000000000000000000000000000000000000000000000000000000000000000000000000000000000000000000
00000000000000000000000000000000000000000000000000000000000000000000000000000000000000000000000000000000000000000000000000000000000000000000000000000000000000000000000000000000000000000000000000000000
00000000000000000000000000000000000000000000000000000000000000000000000000000000000000000000000000000000000000000000000000000000000000000000000000000000000000000000000000000000000000000000000000000000
00000000000000000000000000000000000000000000000000000000000000000000000000000000000000000000000000000000000000000000000000000000000000000000000000000000000000000000000000000000000000000000000000000000
00000000000000000000000000000000000000000000000000000000000000000000000000000000000000000000000000000000000000000000000000000000000000000000000000000000000000000000000000000000000000000000000000000000
00000000000000000000000000000000000000000000000000000000000000000000000000000000000000000000000000000000000000000000000000000000000000000000000000000000000000000000000000000000000000000000000000000000
00000000000000000000000000000000000000000000000000000000000000000000000000000000000000000000000000000000000000000000000000000000000000000000000000000000000000000000000000000000000000000000000000000000
00000000000000000000000000000000000000000000000000000000000000000000000000000000000000000000000000000000000000000000000000000000000000000000000000000000000000000000000000000000000000000000000000000000
00000000000000000000000000000000000000000000000000000000000000000000000000000000000000000000000000000000000000000000000000000000000000000000000000000000000000000000000000000000000000000000000000000000
00000000000000000000000000000000000000000000000000000000000000000000000000000000000000000000000000000000000000000000000000000000000000000000000000000000000000000000000000000000000000000000000000000000
00000000000000000000000000000000000000000000000000000000000000000000000000000000000000000000000000000000000000000000000000000000000000000000000000000000000000000000000000000000000000000000000000000000
00000000000000000000000000000000000000000000000000000000000000000000000000000000000000000000000000000000000000000000000000000000000000000000000000000000000000000000000000000000000000000000000000000000
00000000000000000000000000000000000000000000000000000000000000000000000000000000000000000000000000000000000000000000000000000000000000000000000000000000000000000000000000000000000000000000000000000000
00000000000000000000000000000000000000000000000000000000000000000000000000000000000000000000000000000000000000000000000000000000000000000000000000000000000000000000000000000000000000000000000000000000
00000000000000000000000000000000000000000000000000000000000000000000000000000000000000000000000000000000000000000000000000000000000000000000000000000000000000000000000000000000000000000000000000000000
00000000000000000000000000000000000000000000000000000000000000000000000000000000000000000000000000000000000000000000000000000000000000000000000000000000000000000000000000000000000000000000000000000000
00000000000000000000000000000000000000000000000000000000000000000000000000000000000000000000000000000000000000000000000000000000000000000000000000000000000000000000000000000000000000000000000000000000
00000000000000000000000000000000000000000000000000000000000000000000000000000000000000000000000000000000000000000000000000000000000000000000000000000000000000000000000000000000000000000000000000000000
00000000000000000000000000000000000000000000000000000000000000000000000000000000000000000000000000000000000000000000000000000000000000000000000000000000000000000000000000000000000000000000000000000000
00000000000000000000000000000000000000000000000000000000000000000000000000000000000000000000000000000000000000000000000000000000000000000000000000000000000000000000000000000000000000000000000000000000
00000000000000000000000000000000000000000000000000000000000000000000000000000000000000000000000000000000000000000000000000000000000000000000000000000000000000000000000000000000000000000000000000000000
00000000000000000000000000000000000000000000000000000000000000000000000000000000000000000000000000000000000000000000000000000000000000000000000000000000000000000000000000000000000000000000000000000000
00000000000000000000000000000000000000000000000000000000000000000000000000000000000000000000000000000000000000000000000000000000000000000000000000000000000000000000000000000000000000000000000000000000
00000000000000000000000000000000000000000000000000000000000000000000000000000000000000000000000000000000000000000000000000000000000000000000000000000000000000000000000000000000000000000000000000000000
00000000000000000000000000000000000000000000000000000000000000000000000000000000000000000000000000000000000000000000000000000000000000000000000000000000000000000000000000000000000000000000000000000000
00000000000000000000000000000000000000000000000000000000000000000000000000000000000000000000000000000000000000000000000000000000000000000000000000000000000000000000000000000000000000000000000000000000
00000000000000000000000000000000000000000000000000000000000000000000000000000000000000000000000000000000000000000000000000000000000000000000000000000000000000000000000000000000000000000000000000000000
00000000000000000000000000000000000000000000000000000000000000000000000000000000000000000000000000000000000000000000000000000000000000000000000000000000000000000000000000000000000000000000000000000000
00000000000000000000000000000000000000000000000000000000000000000000000000000000000000000000000000000000000000000000000000000000000000000000000000000000000000000000000000000000000000000000000000000000
00000000000000000000000000000000000000000000000000000000000000000000000000000000000000000000000000000000000000000000000000000000000000000000000000000000000000000000000000000000000000000000000000000000
00000000000000000000000000000000000000000000000000000000000000000000000000000000000000000000000000000000000000000000000000000000000000000000000000000000000000000000000000000000000000000000000000000000
00000000000000000000000000000000000000000000000000000000000000000000000000000000000000000000000000000000000000000000000000000000000000000000000000000000000000000000000000000000000000000000000000000000
00000000000000000000000000000000000000000000000000000000000000000000000000000000000000000000000000000000000000000000000000000000000000000000000000000000000000000000000000000000000000000000000000000000
00000000000000000000000000000000000000000000000000000000000000000000000000000000000000000000000000000000000000000000000000000000000000000000000000000000000000000000000000000000000000000000000000000000
00000000000000000000000000000000000000000000000000000000000000000000000000000000000000000000000000000000000000000000000000000000000000000000000000000000000000000000000000000000000000000000000000000000
00000000000000000000000000000000000000000000000000000000000000000000000000000000000000000000000000000000000000000000000000000000000000000000000000000000000000000000000000000000000000000000000000000000
00000000000000000000000000000000000000000000000000000000000000000000000000000000000000000000000000000000000000000000000000000000000000000000000000000000000000000000000000000000000000000000000000000000
00000000000000000000000000000000000000000000000000000000000000000000000000000000000000000000000000000000000000000000000000000000000000000000000000000000000000000000000000000000000000000000000000000000
00000000000000000000000000000000000000000000000000000000000000000000000000000000000000000000000000000000000000000000000000000000000000000000000000000000000000000000000000000000000000000000000000000000
00000000000000000000000000000000000000000000000000000000000000000000000000000000000000000000000000000000000000000000000000000000000000000000000000000000000000000000000000000000000000000000000000000000
00000000000000000000000000000000000000000000000000000000000000000000101010101010101010101010101010101010101010101010101010100000000000000000000000000000000000000000000000000000000000000000000000000000
00000000000000000000000000000000000000000000000000000000000000000001010101010101010101010101010101010101010101010101010101010000000000000000000000000000000000000000000000000000000000000000000000000000
00000000000000000000000000000000000000000000000000000000000000000010101010101010101010101010101010101010101010101010101010101000000000000000000000000000000000000000000000000000000000000000000000000000
00000000000000000000000000000000000000000000000000000000000000000101010101010101010101010101010101010101010101010101010101010100000000000000000000000000000000000000000000000000000000000000000000000000
00000000000000000000000000000000000000000000000000000000000000001010101111111111111111111111111111111111111111111111111110101010000000000000000000000000000000000000000000000000000000000000000000000000
00000000000000000000000000000000000000000000000000000000000000010101011111111111111111111111111111111111111111111111111111010101000000000000000000000000000000000000000000000000000000000000000000000000
00000000000000000000000000000000000000000000000000000000000000101010111111111111111111111111111111111111111111111111111111101010100000000000000000000000000000000000000000000000000000000000000000000000
00000000000000000000000000000000000000000000000000000000000001010101111111111111111111111111111111111111111111111111111111110101010000000000000000000000000000000000000000000000000000000000000000000000
00000000000000000000000000000000000000000000000000000000000010101011111111111111111111111111111111111111111111111111111111111010101000000000000000000000000000000000000000000000000000000000000000000000
00000000000000000000000000000000000000000000000000000000000101010111111111111111111111111111111111111111111111111111111111111101010100000000000000000000000000000000000000000000000000000000000000000000
00000000000000000000000000000000000000000000000000000000001010101111111111111111111111111111111111111111111111111111111111111110101010000000000000000000000000000000000000000000000000000000000000000000
00000000000000000000000000000000000000000000000000000000010101011111111111111111111111111111111111111111111111111111111111111111010101000000000000000000000000000000000000000000000000000000000000000000
00000000000000000000000000000000000000000000000000000000101010111111111111111111111111111111111111111111111111111111111111111111101010100000000000000000000000000000000000000000000000000000000000000000
00000000000000000000000000000000000000000000000000000001010101111111111111111111111111111111111111111111111111111111111111111111110101010000000000000000000000000000000000000000000000000000000000000000
00000000000000000000000000000000000000000000000000000010101011111111111111111111111111111111111111111111111111111111111111111111111010101000000000000000000000000000000000000000000000000000000000000000
00000000000000000000000000000000000000000000000000000101010111111111111111111111111111111111111111111111111111111111111111111111111101010100000000000000000000000000000000000000000000000000000000000000
00000000000000000000000000000000000000000000000000001010101111111111111111111111111111111111111111111111111111111111111111111111111110101010000000000000000000000000000000000000000000000000000000000000
00000000000000000000000000000000000000000000000000010101011111111111111111111111111111111111111111111111111111111111111111111111111111010101000000000000000000000000000000000000000000000000000000000000
00000000000000000000000000000000000000000000000000101010111111111111111111111111111111111111111111111111111111111111111111111111111111101010100000000000000000000000000000000000000000000000000000000000
00000000000000000000000000000000000000000000000001010101111111111111111111111111111111111111111111111111111111111111111111111111111111110101010000000000000000000000000000000000000000000000000000000000
00000000000000000000000000000000000000000000000010101011111111111111111111111111111111111111111111111111111111111111111111111111111111111010101000000000000000000000000000000000000000000000000000000000
00000000000000000000000000000000000000000000000101010111111111111111111111111111111111111111111111111111111111111111111111111111111111111101010100000000000000000000000000000000000000000000000000000000
00000000000000000000000000000000000000000000001010101111111111111111111111111111111111111111111111111111111111111111111111111111111111111110101010000000000000000000000000000000000000000000000000000000
00000000000000000000000000000000000000000000010101011111111111111111111111111111111111111111111111111111111111111111111111111111111111111111010101000000000000000000000000000000000000000000000000000000
00000000000000000000000000000000000000000000101010111111111111111111111111111111111111111111111111111111111111111111111111111111111111111111101010100000000000000000000000000000000000000000000000000000
00000000000000000000000000000000000000000001010101111111111111111111111111111111111111111111111111111111111111111111111111111111111111111111110101010000000000000000000000000000000000000000000000000000
00000000000000000000000000000000000000000010101011111111111111111111111111111111111111111111111111111111111111111111111111111111111111111111111010100000000000000000000000000000000000000000000000000000
00000000000000000000000000000000000000000101010111111111111111111111111111111111111111111111111111111111111111111111111111111111111111111111111101010000000000000000000000000000000000000000000000000000
00000000000000000000000000000000000000001010101111111111111111111111111111111111111111111111111111111111111111111111111111111111111111111111111110100000000000000000000000000000000000000000000000000000
00000000000000000000000000000000000000000101011111111111111111111111111111111111111111111111111111111111111111111111111111111111111111111111111101010000000000000000000000000000000000000000000000000000
00000000000000000000000000000000000000001010111111111111111111111111111111111111111111111111111111111111111111111111111111111111111111111111111110100000000000000000000000000000000000000000000000000000
00000000000000000000000000000000000000000101111111111111111111111111111111111111111111111111111111111111111111111111111111111111111111111111111101010000000000000000000000000000000000000000000000000000
00000000000000000000000000000000000000001010111111111111111111111111111111111111111111111111111111111111111111111111111111111111111111111111111110100000000000000000000000000000000000000000000000000000
00000000000000000000000000000000000000000101111111111111111111111111111111111111111111111111111111111111111111111111111111111111111111111111111101010000000000000000000000000000000000000000000000000000
00000000000000000000000000000000000000001010111111111111111111111111111111111111111111111111111111111111111111111111111111111111111111111111111110100000000000000000000000000000000000000000000000000000
00000000000000000000000000000000000000000101111111111111111111111111111111111111111111111111111111111111111111111111111111111111111111111111111101010000000000000000000000000000000000000000000000000000
00000000000000000000000000000000000000001010111111111111111111111111111111111111111111111111111111111111111111111111111111111111111111111111111110100000000000000000000000000000000000000000000000000000
00000000000000000000000000000000000000000101111111111111111111111111111111111111111111111111111111111111111111111111111111111111111111111111111101010000000000000000000000000000000000000000000000000000
00000000000000000000000000000000000000001010111111111111111111111111111111111111111111111111111111111111111111111111111111111111111111111111111110100000000000000000000000000000000000000000000000000000
00000000000000000000000000000000000000000101111111111111111111111111111111111111111111111111111111111111111111111111111111111111111111111111111101010000000000000000000000000000000000000000000000000000
00000000000000000000000000000000000000001010111111111111111111111111111111111111111111111111111111111111111111111111111111111111111111111111111110100000000000000000000000000000000000000000000000000000
00000000000000000000000000000000000000000101111111111111111111111111111111111111111111111111111111111111111111111111111111111111111111111111111101010000000000000000000000000000000000000000000000000000
00000000000000000000000000000000000000001010111111111111111111111111111111111111111111111111111111111111111111111111111111111111111111111111111110100000000000000000000000000000000000000000000000000000
00000000000000000000000000000000000000000101111111111111111111111111111111111111111111111111111111111111111111111111111111111111111111111111111101010000000000000000000000000000000000000000000000000000
00000000000000000000000000000000000000001010111111111111111111111111111111111111111111111111111111111111111111111111111111111111111111111111111110100000000000000000000000000000000000000000000000000000
00000000000000000000000000000000000000000101111111111111111111111111111111111111111111111111111111111111111111111111111111111111111111111111111101010000000000000000000000000000000000000000000000000000
00000000000000000000000000000000000000001010111111111111111111111111111111111111111111111111111111111111111111111111111111111111111111111111111110100000000000000000000000000000000000000000000000000000
00000000000000000000000000000000000000000101111111111111111111111111111111111111111111111111111111111111111111111111111111111111111111111111111101010000000000000000000000000000000000000000000000000000
00000000000000000000000000000000000000001010111111111111111111111111111111111111111111111111111111111111111111111111111111111111111111111111111110100000000000000000000000000000000000000000000000000000
00000000000000000000000000000000000000000101111111111111111111111111111111111111111111111111111111111111111111111111111111111111111111111111111101010000000000000000000000000000000000000000000000000000
00000000000000000000000000000000000000001010111111111111111111111111111111111111111111111111111111111111111111111111111111111111111111111111111110100000000000000000000000000000000000000000000000000000
00000000000000000000000000000000000000000101111111111111111111111111111111111111111111111111111111111111111111111111111111111111111111111111111101010000000000000000000000000000000000000000000000000000
00000000000000000000000000000000000000001010111111111111111111111111111111111111111111111111111111111111111111111111111111111111111111111111111110100000000000000000000000000000000000000000000000000000
00000000000000000000000000000000000000000101111111111111111111111111111111111111111111111111111111111111111111111111111111111111111111111111111101010000000000000000000000000000000000000000000000000000
00000000000000000000000000000000000000001010111111111111111111111111111111111111111111111111111111111111111111111111111111111111111111111111111110100000000000000000000000000000000000000000000000000000
00000000000000000000000000000000000000000101111111111111111111111111111111111111111111111111111111111111111111111111111111111111111111111111111101010000000000000000000000000000000000000000000000000000
00000000000000000000000000000000000000001010111111111111111111111111111111111111111111111111111111111111111111111111111111111111111111111111111110100000000000000000000000000000000000000000000000000000
00000000000000000000000000000000000000000101111111111111111111111111111111111111111111111111111111111111111111111111111111111111111111111111111101010000000000000000000000000000000000000000000000000000
00000000000000000000000000000000000000001010111111111111111111111111111111111111111111111111111111111111111111111111111111111111111111111111111110100000000000000000000000000000000000000000000000000000
00000000000000000000000000000000000000000101111111111111111111111111111111111111111111111111111111111111111111111111111111111111111111111111111101010000000000000000000000000000000000000000000000000000
00000000000000000000000000000000000000001010111111111111111111111111111111111111111111111111111111111111111111111111111111111111111111111111111110100000000000000000000000000000000000000000000000000000
00000000000000000000000000000000000000000101111111111111111111111111111111111111111111111111111111111111111111111111111111111111111111111111111101010000000000000000000000000000000000000000000000000000
00000000000000000000000000000000000000001010111111111111111111111111111111111111111111111111111111111111111111111111111111111111111111111111111110100000000000000000000000000000000000000000000000000000
00000000000000000000000000000000000000000101111111111111111111111111111111111111111111111111111111111111111111111111111111111111111111111111111101010000000000000000000000000000000000000000000000000000
00000000000000000000000000000000000000001010111111111111111111111111111111111111111111111111111111111111111111111111111111111111111111111111111110100000000000000000000000000000000000000000000000000000
00000000000000000000000000000000000000000101111111111111111111111111111111111111111111111111111111111111111111111111111111111111111111111111111101010000000000000000000000000000000000000000000000000000
00000000000000000000000000000000000000001010111111111111111111111111111111111111111111111111111111111111111111111111111111111111111111111111111110100000000000000000000000000000000000000000000000000000
00000000000000000000000000000000000000000101111111111111111111111111111111111111111111111111111111111111111111111111111111111111111111111111111101010000000000000000000000000000000000000000000000000000
00000000000000000000000000000000000000001010111111111111111111111111111111111111111111111111111111111111111111111111111111111111111111111111111110100000000000000000000000000000000000000000000000000000
00000000000000000000000000000000000000000101111111111111111111111111111111111111111111111111111111111111111111111111111111111111111111111111111101010000000000000000000000000000000000000000000000000000
00000000000000000000000000000000000000001010111111111111111111111111111111111111111111111111111111111111111111111111111111111111111111111111111010100000000000000000000000000000000000000000000000000000
00000000000000000000000000000000000000000101111111111111111111111111111111111111111111111111111111111111111111111111111111111111111111111111110101010000000000000000000000000000000000000000000000000000
00000000000000000000000000000000000000001010111111111111111111111111111111111111111111111111111111111111111111111111111111111111111111111111101010100000000000000000000000000000000000000000000000000000
00000000000000000000000000000000000000000101111111111111111111111111111111111111111111111111111111111111111111111111111111111111111111111111010101000000000000000000000000000000000000000000000000000000
00000000000000000000000000000000000000001010111111111111111111111111111111111111111111111111111111111111111111111111111111111111111111111110101010000000000000000000000000000000000000000000000000000000
00000000000000000000000000000000000000000101111111111111111111111111111111111111111111111111111111111111111111111111111111111111111111111101010100000000000000000000000000000000000000000000000000000000
00000000000000000000000000000000000000001010111111111111111111111111111111111111111111111111111111111111111111111111111111111111111111111010101000000000000000000000000000000000000000000000000000000000
00000000000000000000000000000000000000000101111111111111111111111111111111111111111111111111111111111111111111111111111111111111111111110101010000000000000000000000000000000000000000000000000000000000
00000000000000000000000000000000000000001010111111111111111111111111111111111111111111111111111111111111111111111111111111111111111111101010100000000000000000000000000000000000000000000000000000000000
00000000000000000000000000000000000000000101111111111111111111111111111111111111111111111111111111111111111111111111111111111111111111010101000000000000000000000000000000000000000000000000000000000000
00000000000000000000000000000000000000001010111111111111111111111111111111111111111111111111111111111111111111111111111111111111111110101010000000000000000000000000000000000000000000000000000000000000
00000000000000000000000000000000000000000101111111111111111111111111111111111111111111111111111111111111111111111111111111111111111101010100000000000000000000000000000000000000000000000000000000000000
00000000000000000000000000000000000000001010111111111111111111111111111111111111111111111111111111111111111111111111111111111111111010101000000000000000000000000000000000000000000000000000000000000000
00000000000000000000000000000000000000000101111111111111111111111111111111111111111111111111111111111111111111111111111111111111110101010000000000000000000000000000000000000000000000000000000000000000
00000000000000000000000000000000000000001010111111111111111111111111111111111111111111111111111111111111111111111111111111111111101010100000000000000000000000000000000000000000000000000000000000000000
00000000000000000000000000000000000000000101111111111111111111111111111111111111111111111111111111111111111111111111111111111111010101000000000000000000000000000000000000000000000000000000000000000000
00000000000000000000000000000000000000001010111111111111111111111111111111111111111111111111111111111111111111111111111111111110101010000000000000000000000000000000000000000000000000000000000000000000
00000000000000000000000000000000000000000101111111111111111111111111111111111111111111111111111111111111111111111111111111111101010100000000000000000000000000000000000000000000000000000000000000000000
00000000000000000000000000000000000000001010111111111111111111111111111111111111111111111111111111111111111111111111111111111010101000000000000000000000000000000000000000000000000000000000000000000000
00000000000000000000000000000000000000000101111111111111111111111111111111111111111111111111111111111111111111111111111111111101010000000000000000000000000000000000000000000000000000000000000000000000
00000000000000000000000000000000000000001010111111111111111111111111111111111111111111111111111111111111111111111111111111111010100000000000000000000000000000000000000000000000000000000000000000000000
00000000000000000000000000000000000000000101011111111111111111111111111111111111111111111111111111111111111111111111111111111101000000000000000000000000000000000000000000000000000000000000000000000000
00000000000000000000000000000000000000001010101111111111111111111111111111111111111111111111111111111111111111111111111111111010100000000000000000000000000000000000000000000000000000000000000000000000
00000000000000000000000000000000000000000101010111111111111111111111111111111111111111111111111111111111111111111111111111111101000000000000000000000000000000000000000000000000000000000000000000000000
00000000000000000000000000000000000000000010101011111111111111111111111111111111111111111111111111111111111111111111111111111010100000000000000000000000000000000000000000000000000000000000000000000000
00000000000000000000000000000000000000000001010101111111111111111111111111111111111111111111111111111111111111111111111111110101000000000000000000000000000000000000000000000000000000000000000000000000
00000000000000000000000000000000000000000000101010111111111111111111111111111111111111111111111111111111111111111111111111101010100000000000000000000000000000000000000000000000000000000000000000000000
00000000000000000000000000000000000000000000010101011111111111111111111111111111111111111111111111111111111111111111111111010101000000000000000000000000000000000000000000000000000000000000000000000000
00000000000000000000000000000000000000000000001010101111111111111111111111111111111111111111111111111111111111111111111110101010000000000000000000000000000000000000000000000000000000000000000000000000
00000000000000000000000000000000000000000000000101010111111111111111111111111111111111111111111111111111111111111111111101010100000000000000000000000000000000000000000000000000000000000000000000000000
00000000000000000000000000000000000000000000000010101011111111111111111111111111111111111111111111111111111111111111111010101000000000000000000000000000000000000000000000000000000000000000000000000000
00000000000000000000000000000000000000000000000001010101111111111111111111111111111111111111111111111111111111111111110101010000000000000000000000000000000000000000000000000000000000000000000000000000
00000000000000000000000000000000000000000000000000101010111111111111111111111111111111111111111111111111111111111111101010100000000000000000000000000000000000000000000000000000000000000000000000000000
00000000000000000000000000000000000000000000000000010101011111111111111111111111111111111111111111111111111111111111010101000000000000000000000000000000000000000000000000000000000000000000000000000000
00000000000000000000000000000000000000000000000000001010101111111111111111111111111111111111111111111111111111111110101010000000000000000000000000000000000000000000000000000000000000000000000000000000
00000000000000000000000000000000000000000000000000000101010111111111111111111111111111111111111111111111111111111101010100000000000000000000000000000000000000000000000000000000000000000000000000000000
00000000000000000000000000000000000000000000000000000010101011111111111111111111111111111111111111111111111111111010101000000000000000000000000000000000000000000000000000000000000000000000000000000000
00000000000000000000000000000000000000000000000000000001010101111111111111111111111111111111111111111111111111110101010000000000000000000000000000000000000000000000000000000000000000000000000000000000
00000000000000000000000000000000000000000000000000000000101010111111111111111111111111111111111111111111111111101010100000000000000000000000000000000000000000000000000000000000000000000000000000000000
00000000000000000000000000000000000000000000000000000000010101011111111111111111111111111111111111111111111111010101000000000000000000000000000000000000000000000000000000000000000000000000000000000000
00000000000000000000000000000000000000000000000000000000001010101111111111111111111111111111111111111111111110101010000000000000000000000000000000000000000000000000000000000000000000000000000000000000
00000000000000000000000000000000000000000000000000000000000101010111111111111111111111111111111111111111111101010100000000000000000000000000000000000000000000000000000000000000000000000000000000000000
00000000000000000000000000000000000000000000000000000000000010101011111111111111111111111111111111111111111010101000000000000000000000000000000000000000000000000000000000000000000000000000000000000000
00000000000000000000000000000000000000000000000000000000000001010101111111111111111111111111111111111111110101010000000000000000000000000000000000000000000000000000000000000000000000000000000000000000
00000000000000000000000000000000000000000000000000000000000000101010101010101010101010101010101010101010101010100000000000000000000000000000000000000000000000000000000000000000000000000000000000000000
00000000000000000000000000000000000000000000000000000000000000010101010101010101010101010101010101010101010101000000000000000000000000000000000000000000000000000000000000000000000000000000000000000000
00000000000000000000000000000000000000000000000000000000000000001010101010101010101010101010101010101010101010000000000000000000000000000000000000000000000000000000000000000000000000000000000000000000
00000000000000000000000000000000000000000000000000000000000000000101010101010101010101010101010101010101010100000000000000000000000000000000000000000000000000000000000000000000000000000000000000000000
00000000000000000000000000000000000000000000000000000000000000000000000000000000000000000000000000000000000000000000000000000000000000000000000000000000000000000000000000000000000000000000000000000000
00000000000000000000000000000000000000000000000000000000000000000000000000000000000000000000000000000000000000000000000000000000000000000000000000000000000000000000000000000000000000000000000000000000
00000000000000000000000000000000000000000000000000000000000000000000000000000000000000000000000000000000000000000000000000000000000000000000000000000000000000000000000000000000000000000000000000000000
00000000000000000000000000000000000000000000000000000000000000000000000000000000000000000000000000000000000000000000000000000000000000000000000000000000000000000000000000000000000000000000000000000000
00000000000000000000000000000000000000000000000000000000000000000000000000000000000000000000000000000000000000000000000000000000000000000000000000000000000000000000000000000000000000000000000000000000
00000000000000000000000000000000000000000000000000000000000000000000000000000000000000000000000000000000000000000000000000000000000000000000000000000000000000000000000000000000000000000000000000000000
00000000000000000000000000000000000000000000000000000000000000000000000000000000000000000000000000000000000000000000000000000000000000000000000000000000000000000000000000000000000000000000000000000000
00000000000000000000000000000000000000000000000000000000000000000000000000000000000000000000000000000000000000000000000000000000000000000000000000000000000000000000000000000000000000000000000000000000
00000000000000000000000000000000000000000000000000000000000000000000000000000000000000000000000000000000000000000000000000000000000000000000000000000000000000000000000000000000000000000000000000000000
00000000000000000000000000000000000000000000000000000000000000000000000000000000000000000000000000000000000000000000000000000000000000000000000000000000000000000000000000000000000000000000000000000000
00000000000000000000000000000000000000000000000000000000000000000000000000000000000000000000000000000000000000000000000000000000000000000000000000000000000000000000000000000000000000000000000000000000
00000000000000000000000000000000000000000000000000000000000000000000000000000000000000000000000000000000000000000000000000000000000000000000000000000000000000000000000000000000000000000000000000000000
00000000000000000000000000000000000000000000000000000000000000000000000000000000000000000000000000000000000000000000000000000000000000000000000000000000000000000000000000000000000000000000000000000000
00000000000000000000000000000000000000000000000000000000000000000000000000000000000000000000000000000000000000000000000000000000000000000000000000000000000000000000000000000000000000000000000000000000
00000000000000000000000000000000000000000000000000000000000000000000000000000000000000000000000000000000000000000000000000000000000000000000000000000000000000000000000000000000000000000000000000000000
00000000000000000000000000000000000000000000000000000000000000000000000000000000000000000000000000000000000000000000000000000000000000000000000000000000000000000000000000000000000000000000000000000000
00000000000000000000000000000000000000000000000000000000000000000000000000000000000000000000000000000000000000000000000000000000000000000000000000000000000000000000000000000000000000000000000000000000
00000000000000000000000000000000000000000000000000000000000000000000000000000000000000000000000000000000000000000000000000000000000000000000000000000000000000000000000000000000000000000000000000000000
00000000000000000000000000000000000000000000000000000000000000000000000000000000000000000000000000000000000000000000000000000000000000000000000000000000000000000000000000000000000000000000000000000000
00000000000000000000000000000000000000000000000000000000000000000000000000000000000000000000000000000000000000000000000000000000000000000000000000000000000000000000000000000000000000000000000000000000
00000000000000000000000000000000000000000000000000000000000000000000000000000000000000000000000000000000000000000000000000000000000000000000000000000000000000000000000000000000000000000000000000000000
00000000000000000000000000000000000000000000000000000000000000000000000000000000000000000000000000000000000000000000000000000000000000000000000000000000000000000000000000000000000000000000000000000000
00000000000000000000000000000000000000000000000000000000000000000000000000000000000000000000000000000000000000000000000000000000000000000000000000000000000000000000000000000000000000000000000000000000
00000000000000000000000000000000000000000000000000000000000000000000000000000000000000000000000000000000000000000000000000000000000000000000000000000000000000000000000000000000000000000000000000000000
00000000000000000000000000000000000000000000000000000000000000000000000000000000000000000000000000000000000000000000000000000000000000000000000000000000000000000000000000000000000000000000000000000000
00000000000000000000000000000000000000000000000000000000000000000000000000000000000000000000000000000000000000000000000000000000000000000000000000000000000000000000000000000000000000000000000000000000
00000000000000000000000000000000000000000000000000000000000000000000000000000000000000000000000000000000000000000000000000000000000000000000000000000000000000000000000000000000000000000000000000000000
00000000000000000000000000000000000000000000000000000000000000000000000000000000000000000000000000000000000000000000000000000000000000000000000000000000000000000000000000000000000000000000000000000000
00000000000000000000000000000000000000000000000000000000000000000000000000000000000000000000000000000000000000000000000000000000000000000000000000000000000000000000000000000000000000000000000000000000
00000000000000000000000000000000000000000000000000000000000000000000000000000000000000000000000000000000000000000000000000000000000000000000000000000000000000000000000000000000000000000000000000000000
00000000000000000000000000000000000000000000000000000000000000000000000000000000000000000000000000000000000000000000000000000000000000000000000000000000000000000000000000000000000000000000000000000000
00000000000000000000000000000000000000000000000000000000000000000000000000000000000000000000000000000000000000000000000000000000000000000000000000000000000000000000000000000000000000000000000000000000
00000000000000000000000000000000000000000000000000000000000000000000000000000000000000000000000000000000000000000000000000000000000000000000000000000000000000000000000000000000000000000000000000000000
00000000000000000000000000000000000000000000000000000000000000000000000000000000000000000000000000000000000000000000000000000000000000000000000000000000000000000000000000000000000000000000000000000000
00000000000000000000000000000000000000000000000000000000000000000000000000000000000000000000000000000000000000000000000000000000000000000000000000000000000000000000000000000000000000000000000000000000
00000000000000000000000000000000000000000000000000000000000000000000000000000000000000000000000000000000000000000000000000000000000000000000000000000000000000000000000000000000000000000000000000000000
00000000000000000000000000000000000000000000000000000000000000000000000000000000000000000000000000000000000000000000000000000000000000000000000000000000000000000000000000000000000000000000000000000000
