100
4 4
1.4000
0.5000 0.7000 0.8000 0.6000
2 2
1.0000
0.0000 0.0000
2 1
0.0000
0.9000 0.8000
2 1
0.1000
0.4000 0.5000
48 44
0.0209
0.5737 0.9214 0.6504 0.8939 0.3272 0.5460 0.4735 0.3472 0.2270 0.8841 0.8748 0.5264 0.8021 0.3895 0.6291 0.4072 0.7544 0.1337 0.1622 0.9641 0.1364 0.8655 0.3112 0.9610 0.1655 0.4329 0.1681 0.0675 0.8133 0.0725 0.4339 0.7425 0.5984 0.0886 0.1178 0.9778 0.6985 0.5083 0.7132 0.0411 0.4718 0.8053 0.0874 0.8066 0.2822 0.0322 0.2975 0.6765
45 22
0.0153
0.5577 0.9805 0.3389 0.8437 0.7669 0.9543 0.6330 0.9441 0.6659 0.4814 0.5365 0.4603 0.5337 0.8438 0.2414 0.8274 0.0536 0.1792 0.9609 0.0572 0.3966 0.9546 0.3638 0.4705 0.7221 0.7814 0.1358 0.2310 0.7391 0.4800 0.4634 0.4067 0.9481 0.9416 0.2755 0.1009 0.2454 0.3022 0.4764 0.3002 0.4972 0.6852 0.5673 0.6105 0.1970
47 33
0.0029
0.8888 0.6395 0.6940 0.8713 0.2512 0.8586 0.7758 0.7157 0.7836 0.9606 0.3485 0.9024 0.0471 0.8798 0.1162 0.9336 0.0275 0.3800 0.7512 0.5739 0.8864 0.6429 0.4648 0.3778 0.6015 0.9073 0.3458 0.1498 0.6536 0.0874 0.2039 0.0395 0.9600 0.3302 0.0612 0.1455 0.0886 0.8074 0.9943 0.2048 0.5512 0.0976 0.1419 0.9342 0.6473 0.9540 0.9123
46 36
9.4423
0.4660 0.6573 0.0337 0.8716 0.9820 0.5058 0.6786 0.1519 0.2873 0.1369 0.3181 0.6880 0.9912 0.6335 0.6646 0.6812 0.7033 0.6270 0.2264 0.3081 0.0155 0.8460 0.4978 0.3276 0.9599 0.9276 0.9649 0.6681 0.9987 0.7671 0.7963 0.7457 0.5196 0.1550 0.5338 0.0880 0.9017 0.2859 0.8615 0.4932 0.5540 0.6560 0.6565 0.6603 0.1044 0.9562
50 39
18.0619
0.6769 0.1586 0.5694 0.4001 0.4862 0.1337 0.6375 0.4892 0.9502 0.4546 0.8003 0.2723 0.6137 0.0628 0.3110 0.3921 0.2662 0.3622 0.2087 0.7756 0.0018 0.0789 0.3774 0.4288 0.8211 0.0791 0.6045 0.2923 0.7038 0.7385 0.4866 0.4369 0.4202 0.8290 0.5153 0.4134 0.1912 0.4527 0.4899 0.3755 0.5353 0.4640 0.4184 0.9212 0.2186 0.2433 0.3414 0.1596 0.1125 0.0563
45 25
3.5904
0.1036 0.3655 0.7976 0.6697 0.4244 0.1824 0.4654 0.5221 0.4581 0.4820 0.3324 0.3448 0.7248 0.8268 0.4568 0.5127 0.3028 0.1847 0.3880 0.3252 0.7715 0.1018 0.4972 0.5776 0.8465 0.2414 0.1272 0.3233 0.8945 0.3892 0.4520 0.1720 0.6942 0.3085 0.3308 0.5679 0.4031 0.9111 0.2692 0.8075 0.7122 0.2361 0.7398 0.4465 0.9563
50 50
0.0000
1.0000 1.0000 1.0000 1.0000 1.0000 1.0000 1.0000 1.0000 1.0000 1.0000 1.0000 1.0000 1.0000 1.0000 1.0000 1.0000 1.0000 1.0000 1.0000 1.0000 1.0000 1.0000 1.0000 1.0000 1.0000 1.0000 1.0000 1.0000 1.0000 1.0000 1.0000 1.0000 1.0000 1.0000 1.0000 1.0000 1.0000 1.0000 1.0000 1.0000 1.0000 1.0000 1.0000 1.0000 1.0000 1.0000 1.0000 1.0000 1.0000 1.0000
47 21
1.4899
0.2376 0.0134 0.7833 0.0774 0.8987 0.4712 0.8135 0.5892 0.5628 0.2839 0.0536 0.9696 0.0112 0.5459 0.9257 0.6982 0.8160 0.8776 0.9230 0.3606 0.3545 0.6391 0.9135 0.3293 0.4807 0.1084 0.9535 0.5751 0.8244 0.2832 0.0623 0.5541 0.9470 0.1936 0.7504 0.7833 0.7477 0.9773 0.3317 0.9295 0.4634 0.0663 0.3358 0.9506 0.2722 0.0682 0.3506
50 37
20.7639
0.3099 0.6892 0.4268 0.2415 0.6033 0.5610 0.5061 0.9435 0.6906 0.5059 0.3030 0.9870 0.3255 0.2159 0.6582 0.2993 0.1809 0.1819 0.9700 0.7308 0.8448 0.7782 0.9117 0.0418 0.1860 0.1459 0.7778 0.0130 0.4744 0.9686 0.5869 0.9394 0.6087 0.1601 0.1381 0.0519 0.7790 0.7678 0.4859 0.6069 0.0804 0.1200 0.5387 0.4150 0.2379 0.2191 0.0963 0.4502 0.1871 0.8128
2 1
0.5000
0.5000 0.5000
50 1
0.0000
1.0000 1.0000 1.0000 1.0000 1.0000 1.0000 1.0000 1.0000 1.0000 1.0000 1.0000 1.0000 1.0000 1.0000 1.0000 1.0000 1.0000 1.0000 1.0000 1.0000 1.0000 1.0000 1.0000 1.0000 1.0000 1.0000 1.0000 1.0000 1.0000 1.0000 1.0000 1.0000 1.0000 1.0000 1.0000 1.0000 1.0000 1.0000 1.0000 1.0000 1.0000 1.0000 1.0000 1.0000 1.0000 1.0000 1.0000 1.0000 1.0000 1.0000
47 26
2.2784
0.1277 0.9770 0.7511 0.4354 0.9963 0.1259 0.5550 0.4923 0.8419 0.2346 0.7586 0.9460 0.6562 0.9917 0.1902 0.0239 0.8278 0.2816 0.9042 0.0708 0.8193 0.5519 0.1305 0.6852 0.1664 0.8156 0.1005 0.3364 0.6587 0.1028 0.6483 0.3084 0.1370 0.1637 0.1427 0.7958 0.6506 0.9056 0.6641 0.7939 0.8840 0.4495 0.1539 0.3635 0.8489 0.3204 0.3553
46 27
0.0014
0.3223 0.8411 0.3164 0.9878 0.1651 0.6566 0.3293 0.7985 0.1717 0.8664 0.3153 0.0426 0.6163 0.7107 0.7092 0.8353 0.0577 0.0019 0.8429 0.3388 0.3981 0.0672 0.6018 0.4167 0.2225 0.9919 0.0069 0.9494 0.7529 0.2416 0.2732 0.8977 0.4421 0.3097 0.2452 0.3539 0.5570 0.4381 0.6988 0.2697 0.0311 0.4044 0.4869 0.5332 0.5850 0.5744
48 29
0.0063
0.3765 0.2304 0.4177 0.9971 0.0864 0.1311 0.8070 0.4188 0.6018 0.0878 0.3796 0.9549 0.5657 0.3468 0.0924 0.4933 0.5654 0.9765 0.1223 0.0794 0.2998 0.0496 0.7766 0.2541 0.5159 0.1597 0.7745 0.1420 0.8027 0.5208 0.2760 0.1385 0.1120 0.6963 0.6701 0.5017 0.1889 0.3628 0.9313 0.5616 0.0898 0.3362 0.8170 0.7479 0.3881 0.0361 0.2802 0.3495
4 4
0.0001
0.0000 0.0000 0.0000 0.0000
48 11
0.0106
0.7952 0.2509 0.2077 0.1191 0.0681 0.7792 0.6587 0.1856 0.6923 0.5907 0.1028 0.9062 0.3574 0.3821 0.7441 0.4488 0.0690 0.2458 0.7974 0.2807 0.4615 0.1843 0.4583 0.7335 0.2206 0.1365 0.1192 0.4589 0.8836 0.0936 0.6759 0.0644 0.9398 0.0768 0.0919 0.4506 0.3835 0.2882 0.4662 0.7494 0.1625 0.9845 0.5757 0.1201 0.0604 0.6293 0.4914 0.6954
50 50
0.0000
0.8700 0.8700 0.8700 0.8700 0.8700 0.8700 0.8700 0.8700 0.8700 0.8700 0.8700 0.8700 0.8700 0.8700 0.8700 0.8700 0.8700 0.8700 0.8700 0.8700 0.8700 0.8700 0.8700 0.8700 0.8700 0.8700 0.8700 0.8700 0.8700 0.8700 0.8700 0.8700 0.8700 0.8700 0.8700 0.8700 0.8700 0.8700 0.8700 0.8700 0.8700 0.8700 0.8700 0.8700 0.8700 0.8700 0.8700 0.8700 0.8700 0.8700
50 50
33.3350
0.3333 0.3333 0.3333 0.3333 0.3333 0.3333 0.3333 0.3333 0.3333 0.3333 0.3333 0.3333 0.3333 0.3333 0.3333 0.3333 0.3333 0.3333 0.3333 0.3333 0.3333 0.3333 0.3333 0.3333 0.3333 0.3333 0.3333 0.3333 0.3333 0.3333 0.3333 0.3333 0.3333 0.3333 0.3333 0.3333 0.3333 0.3333 0.3333 0.3333 0.3333 0.3333 0.3333 0.3333 0.3333 0.3333 0.3333 0.3333 0.3333 0.3333
50 25
0.0000
0.3333 0.3333 0.3333 0.3333 0.3333 0.3333 0.3333 0.3333 0.3333 0.3333 0.3333 0.3333 0.3333 0.3333 0.3333 0.3333 0.3333 0.3333 0.3333 0.3333 0.3333 0.3333 0.3333 0.3333 0.3333 0.3333 0.3333 0.3333 0.3333 0.3333 0.3333 0.3333 0.3333 0.3333 0.3333 0.3333 0.3333 0.3333 0.3333 0.3333 0.3333 0.3333 0.3333 0.3333 0.3333 0.3333 0.3333 0.3333 0.3333 0.3333
49 27
0.0193
0.3199 0.6891 0.0991 0.8561 0.8995 0.6480 0.0663 0.9774 0.7315 0.1331 0.5715 0.9386 0.4670 0.8555 0.8283 0.5472 0.5869 0.9822 0.4572 0.6015 0.9352 0.4432 0.1843 0.1543 0.6233 0.0587 0.4913 0.5751 0.4576 0.0786 0.4312 0.6076 0.6753 0.4041 0.5617 0.2133 0.0423 0.9868 0.5285 0.7452 0.3310 0.1779 0.0331 0.5710 0.1134 0.7564 0.4701 0.3894 0.9069
47 43
6.8013
0.3188 0.1212 0.3152 0.0164 0.5774 0.9177 0.8936 0.3080 0.0425 0.8425 0.8547 0.4795 0.7432 0.6676 0.1632 0.0014 0.9334 0.9851 0.2575 0.6644 0.8707 0.2790 0.3648 0.3371 0.4543 0.5037 0.4019 0.4141 0.1997 0.0511 0.5144 0.4364 0.4420 0.5928 0.3520 0.1065 0.4107 0.8126 0.6141 0.9548 0.2642 0.6555 0.3750 0.1929 0.5027 0.2631 0.0056
50 33
0.0144
0.3733 0.1935 0.8537 0.6855 0.5605 0.4804 0.5890 0.7828 0.0026 0.0502 0.0159 0.3090 0.2499 0.0412 0.8004 0.4008 0.7691 0.4375 0.9800 0.4394 0.4379 0.2386 0.5833 0.4794 0.4473 0.8477 0.8120 0.6780 0.7599 0.7062 0.3717 0.7046 0.2491 0.0537 0.0399 0.8544 0.6090 0.9402 0.2730 0.9538 0.7975 0.1858 0.0071 0.8938 0.9893 0.4364 0.4446 0.2798 0.3484 0.4393
1 1
0.5000
0.5000
46 39
11.4241
0.0183 0.8206 0.4221 0.7916 0.2800 0.4063 0.4429 0.5327 0.6390 0.5038 0.6561 0.3476 0.1284 0.1600 0.9297 0.6878 0.5298 0.0492 0.1090 0.9243 0.3949 0.0659 0.5315 0.4623 0.6552 0.5233 0.4280 0.4600 0.6726 0.5454 0.1694 0.2998 0.0351 0.1892 0.7640 0.7086 0.9826 0.8931 0.7400 0.9411 0.5803 0.1394 0.2171 0.8496 0.6170 0.0984
47 37
6.4170
0.2139 0.1671 0.8590 0.8998 0.2329 0.4122 0.9438 0.7406 0.2672 0.9761 0.4719 0.8073 0.4876 0.3874 0.9854 0.7520 0.6355 0.5524 0.4450 0.0597 0.9700 0.4343 0.1318 0.9710 0.5844 0.1807 0.6259 0.3004 0.9303 0.0296 0.1307 0.5275 0.4653 0.1817 0.9529 0.4725 0.4905 0.5237 0.4269 0.5482 0.1327 0.1468 0.7044 0.1562 0.7079 0.5015 0.9759
50 38
0.0044
0.4836 0.7125 0.7727 0.4438 0.6629 0.2119 0.8365 0.2615 0.4485 0.2418 0.4727 0.7236 0.0303 0.5604 0.7957 0.6070 0.1157 0.2171 0.6426 0.9268 0.2909 0.5071 0.4624 0.7948 0.0365 0.5231 0.8867 0.5816 0.0222 0.1034 0.0783 0.9509 0.9524 0.4151 0.2728 0.7987 0.5035 0.3570 0.1633 0.8725 0.5658 0.8073 0.7649 0.5332 0.6939 0.6235 0.3195 0.5086 0.8232 0.1426
48 47
0.0204
0.7673 0.2020 0.9503 0.2165 0.9900 0.9911 0.4869 0.6503 0.3407 0.5183 0.6070 0.9932 0.8715 0.9675 0.0327 0.3199 0.2927 0.3462 0.4771 0.8157 0.9567 0.2087 0.6663 0.4030 0.7428 0.8413 0.1214 0.6141 0.4956 0.8557 0.9818 0.1568 0.0510 0.1151 0.1623 0.7516 0.3657 0.8108 0.5579 0.8282 0.8181 0.2515 0.4235 0.9929 0.0257 0.0961 0.5997 0.7583
49 24
0.0029
0.1974 0.7066 0.5656 0.5143 0.2128 0.3494 0.3953 0.1696 0.3557 0.3186 0.2660 0.8783 0.1421 0.9196 0.2973 0.5211 0.6289 0.5771 0.3549 0.5011 0.5988 0.1848 0.6429 0.0576 0.9475 0.1381 0.2288 0.6460 0.1190 0.3273 0.8015 0.7706 0.0339 0.9138 0.4354 0.6487 0.1606 0.9150 0.3387 0.4273 0.5999 0.6837 0.3070 0.2708 0.7150 0.5568 0.3580 0.1790 0.6934
50 49
0.0000
0.9999 0.9999 0.9999 0.9999 0.9999 0.9999 0.9999 0.9999 0.9999 0.9999 0.9999 0.9999 0.9999 0.9999 0.9999 0.9999 0.9999 0.9999 0.9999 0.9999 0.9999 0.9999 0.9999 0.9999 0.9999 0.9999 0.9999 0.9999 0.9999 0.9999 0.9999 0.9999 0.9999 0.9999 0.9999 0.9999 0.9999 0.9999 0.9999 0.9999 0.9999 0.9999 0.9999 0.9999 0.9999 0.9999 0.9999 0.9999 0.9999 0.9999
49 40
15.3720
0.0655 0.5530 0.2074 0.3764 0.9902 0.4535 0.7839 0.6255 0.4512 0.7403 0.8986 0.6090 0.6414 0.9731 0.7937 0.5007 0.6991 0.7809 0.1117 0.0144 0.1696 0.2596 0.8318 0.0394 0.2176 0.2036 0.2445 0.5399 0.0219 0.3283 0.1660 0.9065 0.7429 0.6204 0.4705 0.9321 0.4051 0.1939 0.2081 0.2416 0.1839 0.8586 0.8180 0.8785 0.6348 0.1418 0.2300 0.2406 0.7029
50 41
18.3990
0.1875 0.9635 0.1314 0.2952 0.4947 0.3908 0.7474 0.2243 0.7890 0.0831 0.5882 0.1314 0.3632 0.6220 0.5329 0.6498 0.1165 0.3224 0.6272 0.3699 0.4117 0.1438 0.1211 0.0280 0.7333 0.8112 0.8445 0.4664 0.1699 0.2979 0.4061 0.6824 0.0832 0.4309 0.2688 0.7196 0.6746 0.4583 0.0325 0.3499 0.4760 0.5028 0.1873 0.7683 0.4297 0.3473 0.6406 0.1791 0.1103 0.5313
47 29
0.0044
0.7821 0.5380 0.4166 0.3170 0.2150 0.0715 0.6204 0.9394 0.2238 0.8247 0.5608 0.0686 0.3058 0.3684 0.5442 0.7469 0.3664 0.9982 0.8158 0.2591 0.3612 0.3257 0.4763 0.0931 0.4524 0.7911 0.7165 0.4498 0.6486 0.6332 0.5494 0.1439 0.2111 0.2173 0.6801 0.9700 0.4083 0.8097 0.8076 0.8443 0.4079 0.9686 0.5982 0.2372 0.2557 0.2691 0.5916
49 33
0.0194
0.4274 0.7589 0.9128 0.6588 0.2700 0.9423 0.9014 0.2837 0.7757 0.8335 0.5815 0.9157 0.5247 0.1521 0.6174 0.9059 0.2106 0.0292 0.1430 0.6560 0.9000 0.0583 0.2502 0.9512 0.3644 0.4663 0.7480 0.5807 0.0090 0.8405 0.0267 0.2161 0.6460 0.6412 0.9000 0.9516 0.5482 0.9270 0.6481 0.4931 0.4682 0.8183 0.5834 0.9329 0.5398 0.8793 0.0295 0.7191 0.3283
49 27
0.0156
0.0556 0.0187 0.2128 0.5213 0.3705 0.7827 0.2842 0.9034 0.6575 0.9797 0.4548 0.6128 0.7821 0.1680 0.4695 0.8276 0.5383 0.0713 0.9298 0.8720 0.4761 0.9594 0.3319 0.2542 0.0120 0.9151 0.9687 0.7045 0.1565 0.1678 0.0523 0.4634 0.4225 0.9031 0.1009 0.7340 0.9238 0.5773 0.0695 0.3442 0.5760 0.1140 0.7933 0.2644 0.1660 0.2831 0.6345 0.6445 0.2569
50 25
50.0000
0.0000 0.0000 0.0000 0.0000 0.0000 0.0000 0.0000 0.0000 0.0000 0.0000 0.0000 0.0000 0.0000 0.0000 0.0000 0.0000 0.0000 0.0000 0.0000 0.0000 0.0000 0.0000 0.0000 0.0000 0.0000 0.0000 0.0000 0.0000 0.0000 0.0000 0.0000 0.0000 0.0000 0.0000 0.0000 0.0000 0.0000 0.0000 0.0000 0.0000 0.0000 0.0000 0.0000 0.0000 0.0000 0.0000 0.0000 0.0000 0.0000 0.0000
2 1
0.0000
1.0000 1.0000
46 24
0.0181
0.3838 0.2987 0.3869 0.0678 0.6281 0.1254 0.2929 0.5621 0.6699 0.6859 0.9934 0.1866 0.8556 0.1620 0.0164 0.4961 0.2862 0.1356 0.4926 0.9256 0.4136 0.3097 0.3704 0.9283 0.1130 0.2066 0.6248 0.7823 0.0548 0.4517 0.2958 0.2990 0.0545 0.3771 0.4498 0.4230 0.3978 0.8485 0.8423 0.3951 0.0031 0.0705 0.9228 0.7457 0.0881 0.0003
49 15
0.0074
0.5911 0.0214 0.6093 0.7449 0.9350 0.3881 0.2191 0.8603 0.2153 0.7158 0.2066 0.4612 0.0438 0.9299 0.4450 0.7809 0.1348 0.2854 0.3964 0.2358 0.4563 0.6476 0.2707 0.4563 0.1374 0.2484 0.6029 0.7833 0.7315 0.9425 0.8105 0.0905 0.6603 0.3858 0.2414 0.7332 0.9177 0.6105 0.3167 0.1639 0.1038 0.7310 0.8250 0.8605 0.5362 0.2895 0.7895 0.9690 0.3896
46 22
3.3991
0.5650 0.7659 0.1586 0.3691 0.3162 0.9722 0.1952 0.1473 0.8312 0.3890 0.0157 0.9231 0.3299 0.4679 0.5754 0.2104 0.5005 0.8693 0.8228 0.9120 0.9564 0.3796 0.1148 0.5296 0.1986 0.2421 0.7400 0.5304 0.5623 0.8042 0.0917 0.4931 0.7209 0.6891 0.2456 0.4836 0.3144 0.6015 0.6089 0.5152 0.5886 0.6625 0.6886 0.2150 0.1763 0.2690
1 1
1.0000
0.0000
49 15
5.2896
0.5133 0.3511 0.9527 0.4107 0.1383 0.8774 0.2289 0.5320 0.7764 0.4782 0.7725 0.7718 0.5484 0.5914 0.7254 0.4028 0.1848 0.6715 0.0331 0.3611 0.8790 0.1000 0.7153 0.1596 0.1127 0.8011 0.1996 0.1724 0.4572 0.8821 0.2472 0.8418 0.4786 0.7657 0.4546 0.2241 0.7137 0.0528 0.9208 0.8478 0.6919 0.1231 0.8335 0.5546 0.9234 0.7864 0.1078 0.4153 0.1032
50 49
0.0050
0.9999 0.9999 0.9999 0.9999 0.9999 0.9999 0.9999 0.9999 0.9999 0.9999 0.9999 0.9999 0.9999 0.9999 0.9999 0.9999 0.9999 0.9999 0.9999 0.9999 0.9999 0.9999 0.9999 0.9999 0.9999 0.9999 0.9999 0.9999 0.9999 0.9999 0.9999 0.9999 0.9999 0.9999 0.9999 0.9999 0.9999 0.9999 0.9999 0.9999 0.9999 0.9999 0.9999 0.9999 0.9999 0.9999 0.9999 0.9999 0.9999 0.9999
49 31
0.0030
0.5549 0.9449 0.9696 0.0824 0.2625 0.9367 0.0959 0.0898 0.8002 0.2958 0.5095 0.5723 0.3988 0.4337 0.4997 0.9002 0.7110 0.6046 0.5206 0.3231 0.7451 0.4823 0.8193 0.5299 0.0376 0.0644 0.6782 0.0577 0.7494 0.4067 0.7913 0.4471 0.7227 0.7121 0.1928 0.5711 0.2107 0.8041 0.9798 0.9502 0.3221 0.6722 0.0330 0.3572 0.9658 0.7791 0.1027 0.0500 0.7414
46 26
0.0234
0.2617 0.9745 0.1739 0.9879 0.2468 0.3379 0.4921 0.8613 0.0606 0.5598 0.2559 0.7160 0.0151 0.3191 0.0886 0.5673 0.3662 0.7525 0.9168 0.3602 0.0582 0.9586 0.0511 0.9220 0.9964 0.8950 0.3685 0.6327 0.0599 0.7837 0.1801 0.0766 0.8286 0.7545 0.2312 0.4275 0.5856 0.4426 0.5064 0.4148 0.8618 0.4930 0.3988 0.0289 0.2011 0.1047
50 40
0.0020
0.3319 0.0369 0.5053 0.1734 0.3272 0.8879 0.8912 0.0142 0.6684 0.1195 0.2731 0.9613 0.8624 0.1010 0.7623 0.9480 0.1147 0.8367 0.9069 0.5007 0.5010 0.8572 0.4590 0.5395 0.3674 0.5155 0.5990 0.6311 0.6932 0.3563 0.5116 0.2321 0.7243 0.0723 0.6368 0.8862 0.1835 0.3282 0.1922 0.1832 0.5759 0.5358 0.5461 0.1431 0.6492 0.3523 0.6450 0.9262 0.4136 0.1592
49 18
0.0059
0.5093 0.7961 0.7030 0.1505 0.8091 0.9861 0.0152 0.5270 0.9668 0.3583 0.3814 0.5741 0.5256 0.7918 0.1334 0.1707 0.0564 0.6105 0.2123 0.6880 0.5175 0.8154 0.7882 0.4615 0.1290 0.3289 0.0368 0.7487 0.3909 0.5447 0.5377 0.1618 0.2991 0.6900 0.4509 0.9445 0.7286 0.0681 0.4236 0.3703 0.4706 0.8266 0.5860 0.8378 0.3372 0.1342 0.3084 0.1455 0.7005
50 3
17.0601
0.1841 0.5825 0.7946 0.0917 0.8318 0.1429 0.7931 0.7441 0.6464 0.4544 0.3895 0.7059 0.9280 0.5691 0.3846 0.7708 0.2457 0.2240 0.7722 0.7482 0.4976 0.7318 0.4526 0.3368 0.4627 0.4527 0.1260 0.0348 0.0243 0.0300 0.3215 0.9103 0.6722 0.1707 0.5647 0.7023 0.5669 0.3536 0.3953 0.2065 0.1884 0.0825 0.3387 0.0447 0.5775 0.2392 0.0670 0.8076 0.7706 0.8697
46 22
0.0007
0.7866 0.5923 0.9675 0.6190 0.9393 0.0996 0.5722 0.9523 0.1281 0.6404 0.8485 0.0364 0.1633 0.8246 0.2978 0.7538 0.1189 0.3802 0.0873 0.1390 0.5403 0.3181 0.8403 0.5565 0.0192 0.1409 0.4019 0.4010 0.3944 0.0125 0.4736 0.7272 0.2680 0.5045 0.0068 0.9506 0.4697 0.2567 0.3578 0.3797 0.7744 0.2674 0.7960 0.2742 0.8431 0.2440
50 25
0.0000
1.0000 1.0000 1.0000 1.0000 1.0000 1.0000 1.0000 1.0000 1.0000 1.0000 1.0000 1.0000 1.0000 1.0000 1.0000 1.0000 1.0000 1.0000 1.0000 1.0000 1.0000 1.0000 1.0000 1.0000 1.0000 1.0000 1.0000 1.0000 1.0000 1.0000 1.0000 1.0000 1.0000 1.0000 1.0000 1.0000 1.0000 1.0000 1.0000 1.0000 1.0000 1.0000 1.0000 1.0000 1.0000 1.0000 1.0000 1.0000 1.0000 1.0000
48 37
4.1060
0.8636 0.7325 0.2553 0.2263 0.2374 0.8817 0.5202 0.3845 0.0740 0.7634 0.7543 0.4621 0.5741 0.0174 0.6287 0.8978 0.5806 0.1439 0.1724 0.6324 0.3407 0.7027 0.7146 0.6169 0.1391 0.0013 0.7127 0.7132 0.6986 0.2299 0.8168 0.2194 0.6444 0.4779 0.2480 0.3911 0.8585 0.7468 0.2857 0.8618 0.4144 0.5390 0.8691 0.4454 0.5781 0.7469 0.7221 0.9787
47 43
8.9566
0.1108 0.6649 0.1709 0.8233 0.7757 0.9922 0.8522 0.3634 0.7203 0.9763 0.8564 0.0601 0.5626 0.8621 0.2759 0.3142 0.5612 0.6471 0.6672 0.8197 0.4448 0.5955 0.0014 0.6899 0.9286 0.1779 0.5338 0.6219 0.6267 0.1447 0.7186 0.6111 0.7873 0.3731 0.6626 0.6173 0.2442 0.2829 0.4538 0.2464 0.1918 0.2361 0.2320 0.5953 0.8384 0.9301 0.5448
46 14
0.0130
0.1265 0.6567 0.7483 0.3342 0.4275 0.0187 0.4397 0.6134 0.5697 0.2498 0.2120 0.0736 0.6812 0.6403 0.2371 0.7283 0.7105 0.7404 0.9540 0.8800 0.2581 0.3070 0.8777 0.8977 0.2333 0.7388 0.5913 0.2364 0.5793 0.6458 0.0354 0.7403 0.6471 0.6667 0.2887 0.4504 0.7571 0.8621 0.8723 0.4647 0.0725 0.1801 0.3505 0.5777 0.4507 0.3463
50 1
33.3350
0.3333 0.3333 0.3333 0.3333 0.3333 0.3333 0.3333 0.3333 0.3333 0.3333 0.3333 0.3333 0.3333 0.3333 0.3333 0.3333 0.3333 0.3333 0.3333 0.3333 0.3333 0.3333 0.3333 0.3333 0.3333 0.3333 0.3333 0.3333 0.3333 0.3333 0.3333 0.3333 0.3333 0.3333 0.3333 0.3333 0.3333 0.3333 0.3333 0.3333 0.3333 0.3333 0.3333 0.3333 0.3333 0.3333 0.3333 0.3333 0.3333 0.3333
45 14
0.0251
0.8240 0.7800 0.2829 0.7331 0.7521 0.4381 0.4596 0.2930 0.9225 0.1034 0.3488 0.3302 0.6165 0.7147 0.1395 0.9136 0.3035 0.4656 0.5945 0.1010 0.5601 0.3056 0.0278 0.0062 0.5909 0.5345 0.8966 0.0122 0.1788 0.1241 0.1014 0.3732 0.9424 0.1350 0.6875 0.3126 0.0147 0.4718 0.7737 0.4761 0.6567 0.0256 0.5404 0.8413 0.1101
50 50
50.0000
0.0000 0.0000 0.0000 0.0000 0.0000 0.0000 0.0000 0.0000 0.0000 0.0000 0.0000 0.0000 0.0000 0.0000 0.0000 0.0000 0.0000 0.0000 0.0000 0.0000 0.0000 0.0000 0.0000 0.0000 0.0000 0.0000 0.0000 0.0000 0.0000 0.0000 0.0000 0.0000 0.0000 0.0000 0.0000 0.0000 0.0000 0.0000 0.0000 0.0000 0.0000 0.0000 0.0000 0.0000 0.0000 0.0000 0.0000 0.0000 0.0000 0.0000
48 18
1.2223
0.4175 0.0821 0.3893 0.6493 0.2942 0.0888 0.3502 0.3619 0.0059 0.8973 0.0111 0.8097 0.7625 0.5617 0.2169 0.5749 0.6807 0.1976 0.7796 0.2542 0.6612 0.1353 0.7679 0.7046 0.1063 0.9459 0.4180 0.0576 0.8365 0.1333 0.7412 0.1222 0.0421 0.9331 0.8206 0.6835 0.9130 0.6262 0.1096 0.2774 0.6849 0.8292 0.6828 0.2313 0.5791 0.8755 0.9440 0.0138
50 50
0.0050
0.9999 0.9999 0.9999 0.9999 0.9999 0.9999 0.9999 0.9999 0.9999 0.9999 0.9999 0.9999 0.9999 0.9999 0.9999 0.9999 0.9999 0.9999 0.9999 0.9999 0.9999 0.9999 0.9999 0.9999 0.9999 0.9999 0.9999 0.9999 0.9999 0.9999 0.9999 0.9999 0.9999 0.9999 0.9999 0.9999 0.9999 0.9999 0.9999 0.9999 0.9999 0.9999 0.9999 0.9999 0.9999 0.9999 0.9999 0.9999 0.9999 0.9999
50 1
50.0000
0.0000 0.0000 0.0000 0.0000 0.0000 0.0000 0.0000 0.0000 0.0000 0.0000 0.0000 0.0000 0.0000 0.0000 0.0000 0.0000 0.0000 0.0000 0.0000 0.0000 0.0000 0.0000 0.0000 0.0000 0.0000 0.0000 0.0000 0.0000 0.0000 0.0000 0.0000 0.0000 0.0000 0.0000 0.0000 0.0000 0.0000 0.0000 0.0000 0.0000 0.0000 0.0000 0.0000 0.0000 0.0000 0.0000 0.0000 0.0000 0.0000 0.0000
1 1
0.3333
0.5000
50 20
0.0129
0.9816 0.6570 0.5566 0.0525 0.4597 0.8092 0.4608 0.4390 0.8218 0.9805 0.2880 0.5488 0.5389 0.2637 0.5274 0.1275 0.5788 0.4635 0.8107 0.9962 0.4655 0.4574 0.6869 0.8607 0.9880 0.7212 0.0079 0.5070 0.4412 0.9163 0.1789 0.2271 0.5885 0.2040 0.8422 0.9844 0.5888 0.4166 0.4534 0.8156 0.7128 0.3695 0.8184 0.5807 0.6382 0.8801 0.7274 0.6103 0.1661 0.3518
50 25
1.0000
0.3333 0.3333 0.3333 0.3333 0.3333 0.3333 0.3333 0.3333 0.3333 0.3333 0.3333 0.3333 0.3333 0.3333 0.3333 0.3333 0.3333 0.3333 0.3333 0.3333 0.3333 0.3333 0.3333 0.3333 0.3333 0.3333 0.3333 0.3333 0.3333 0.3333 0.3333 0.3333 0.3333 0.3333 0.3333 0.3333 0.3333 0.3333 0.3333 0.3333 0.3333 0.3333 0.3333 0.3333 0.3333 0.3333 0.3333 0.3333 0.3333 0.3333
49 27
2.2603
0.5352 0.5509 0.7064 0.8378 0.1329 0.1679 0.5337 0.7213 0.5095 0.3545 0.1762 0.8691 0.7809 0.0739 0.0706 0.6125 0.4581 0.1160 0.8561 0.3106 0.4266 0.7932 0.7444 0.4795 0.4379 0.2368 0.2017 0.4606 0.8354 0.8491 0.2235 0.6873 0.4856 0.5154 0.7961 0.6047 0.6942 0.6857 0.3850 0.0852 0.2831 0.5165 0.7481 0.7001 0.9229 0.7694 0.2869 0.5347 0.2062
46 42
14.8648
0.1078 0.0497 0.0347 0.4206 0.2408 0.3106 0.1109 0.0206 0.2644 0.3878 0.7371 0.2523 0.2944 0.4858 0.6674 0.5025 0.3138 0.7080 0.3812 0.0162 0.2754 0.2966 0.2792 0.2326 0.5220 0.8576 0.0684 0.6093 0.0021 0.1970 0.3749 0.6407 0.7723 0.2766 0.8742 0.8082 0.6648 0.8943 0.9537 0.0761 0.2585 0.2146 0.8899 0.1546 0.8459 0.7774
45 23
0.0151
0.9668 0.9017 0.1705 0.0105 0.4134 0.5737 0.5794 0.6915 0.3919 0.9633 0.9908 0.1508 0.5141 0.5365 0.9693 0.2598 0.2909 0.7278 0.9777 0.1732 0.4652 0.2702 0.5912 0.7130 0.1778 0.7801 0.7097 0.6704 0.6216 0.4519 0.6482 0.2394 0.5544 0.6720 0.1264 0.5535 0.9470 0.1563 0.2148 0.6645 0.4319 0.2009 0.3873 0.0189 0.3726
49 42
6.5211
0.3206 0.5129 0.9779 0.1803 0.2190 0.9094 0.5823 0.5224 0.8010 0.1171 0.2631 0.8341 0.6592 0.9732 0.2801 0.1460 0.8269 0.9352 0.4821 0.8440 0.0713 0.3397 0.7531 0.0384 0.7687 0.7080 0.8582 0.9362 0.4053 0.2061 0.2238 0.1948 0.5659 0.4761 0.5489 0.7758 0.3316 0.9223 0.0263 0.3718 0.7220 0.2966 0.9733 0.6603 0.0109 0.7868 0.3526 0.1283 0.5678
50 25
33.3350
0.3333 0.3333 0.3333 0.3333 0.3333 0.3333 0.3333 0.3333 0.3333 0.3333 0.3333 0.3333 0.3333 0.3333 0.3333 0.3333 0.3333 0.3333 0.3333 0.3333 0.3333 0.3333 0.3333 0.3333 0.3333 0.3333 0.3333 0.3333 0.3333 0.3333 0.3333 0.3333 0.3333 0.3333 0.3333 0.3333 0.3333 0.3333 0.3333 0.3333 0.3333 0.3333 0.3333 0.3333 0.3333 0.3333 0.3333 0.3333 0.3333 0.3333
49 41
20.4108
0.0345 0.6789 0.9802 0.7030 0.2253 0.0939 0.0578 0.8241 0.0493 0.0222 0.6881 0.4767 0.0787 0.4776 0.7874 0.2477 0.1288 0.3464 0.2840 0.7541 0.0483 0.4706 0.4844 0.4089 0.2973 0.9546 0.6253 0.7746 0.1184 0.8147 0.1791 0.3346 0.2897 0.0925 0.9069 0.3670 0.1879 0.2524 0.7334 0.8760 0.5510 0.7477 0.4840 0.1793 0.3811 0.5674 0.0313 0.3380 0.1885
50 25
0.6901
0.3512 0.9318 0.8265 0.2108 0.6598 0.3337 0.9438 0.2791 0.8091 0.9926 0.8871 0.0857 0.6759 0.2187 0.1761 0.5160 0.0770 0.7951 0.5109 0.2443 0.6915 0.7287 0.0863 0.7255 0.1224 0.6196 0.3303 0.0539 0.2665 0.2683 0.0932 0.8764 0.7417 0.0507 0.6986 0.5983 0.1090 0.7744 0.3724 0.5154 0.2215 0.8733 0.1842 0.7742 0.1546 0.9641 0.3158 0.8928 0.7205 0.3483
50 25
1.0000
0.0000 0.0000 0.0000 0.0000 0.0000 0.0000 0.0000 0.0000 0.0000 0.0000 0.0000 0.0000 0.0000 0.0000 0.0000 0.0000 0.0000 0.0000 0.0000 0.0000 0.0000 0.0000 0.0000 0.0000 0.0000 0.0000 0.0000 0.0000 0.0000 0.0000 0.0000 0.0000 0.0000 0.0000 0.0000 0.0000 0.0000 0.0000 0.0000 0.0000 0.0000 0.0000 0.0000 0.0000 0.0000 0.0000 0.0000 0.0000 0.0000 0.0000
46 28
0.0038
0.4719 0.9231 0.8901 0.1554 0.4553 0.2952 0.8254 0.3375 0.7574 0.3405 0.3713 0.7578 0.2963 0.9164 0.6747 0.7937 0.1530 0.0701 0.0048 0.8994 0.1025 0.1387 0.3619 0.5079 0.6574 0.8638 0.7211 0.7355 0.1087 0.8994 0.0084 0.8569 0.0125 0.9796 0.7229 0.2368 0.9530 0.9315 0.3092 0.8595 0.8601 0.9251 0.1024 0.5496 0.9699 0.8124
47 26
0.5837
0.6586 0.7335 0.1291 0.7012 0.5956 0.8867 0.7970 0.9918 0.2637 0.8283 0.7619 0.5373 0.8463 0.1213 0.4096 0.5026 0.5646 0.8177 0.2916 0.0343 0.5603 0.7167 0.2976 0.3950 0.0304 0.3154 0.9160 0.3682 0.0082 0.8003 0.6248 0.2756 0.8207 0.7999 0.7741 0.1457 0.4740 0.6048 0.4186 0.9137 0.3602 0.6131 0.6696 0.4499 0.5064 0.3793 0.8738
1 1
0.3333
0.0000
45 33
0.0002
0.8485 0.6095 0.8532 0.2789 0.1633 0.7796 0.2530 0.9106 0.6576 0.9676 0.6634 0.0813 0.1263 0.9083 0.9395 0.1498 0.3778 0.0801 0.3012 0.7342 0.3729 0.4810 0.1435 0.5474 0.8397 0.8894 0.4504 0.7948 0.7764 0.9212 0.5945 0.0312 0.5144 0.0008 0.1700 0.5469 0.3000 0.5603 0.1810 0.4945 0.5086 0.7503 0.1108 0.1786 0.1540
50 50
0.0049
0.9999 0.9999 0.9999 0.9999 0.9999 0.9999 0.9999 0.9999 0.9999 0.9999 0.9999 0.9999 0.9999 0.9999 0.9999 0.9999 0.9999 0.9999 0.9999 0.9999 0.9999 0.9999 0.9999 0.9999 0.9999 0.9999 0.9999 0.9999 0.9999 0.9999 0.9999 0.9999 0.9999 0.9999 0.9999 0.9999 0.9999 0.9999 0.9999 0.9999 0.9999 0.9999 0.9999 0.9999 0.9999 0.9999 0.9999 0.9999 0.9999 0.9999
47 34
0.0083
0.2674 0.7258 0.0663 0.1867 0.8760 0.3587 0.1637 0.3935 0.2244 0.8637 0.3719 0.4927 0.0884 0.7202 0.7371 0.5898 0.3470 0.5021 0.6385 0.3640 0.3237 0.0679 0.1263 0.2773 0.9357 0.4590 0.4044 0.5711 0.7777 0.8348 0.9741 0.5834 0.4424 0.1970 0.2611 0.0711 0.0854 0.5753 0.3991 0.0980 0.8307 0.0246 0.5044 0.0351 0.4292 0.4626 0.5183
2 1
0.3333
0.0000 0.0000
50 50
0.0000
0.8765 0.8765 0.8765 0.8765 0.8765 0.8765 0.8765 0.8765 0.8765 0.8765 0.8765 0.8765 0.8765 0.8765 0.8765 0.8765 0.8765 0.8765 0.8765 0.8765 0.8765 0.8765 0.8765 0.8765 0.8765 0.8765 0.8765 0.8765 0.8765 0.8765 0.8765 0.8765 0.8765 0.8765 0.8765 0.8765 0.8765 0.8765 0.8765 0.8765 0.8765 0.8765 0.8765 0.8765 0.8765 0.8765 0.8765 0.8765 0.8765 0.8765
48 23
0.0018
0.8469 0.6499 0.2310 0.8792 0.0916 0.2868 0.4443 0.4522 0.5805 0.3674 0.4050 0.1254 0.9840 0.0651 0.4962 0.4547 0.5046 0.8393 0.1834 0.1026 0.6685 0.0515 0.0873 0.2878 0.8700 0.7638 0.9584 0.6038 0.5345 0.7986 0.2282 0.8343 0.6811 0.4281 0.7320 0.3050 0.4773 0.3000 0.8415 0.4453 0.8991 0.6558 0.2442 0.9155 0.7977 0.9069 0.4793 0.3234
47 20
0.0108
0.7479 0.1616 0.6746 0.9207 0.3147 0.5206 0.9605 0.2330 0.5390 0.2444 0.6226 0.2903 0.4690 0.8995 0.9278 0.8890 0.3863 0.0612 0.2141 0.4586 0.5934 0.2582 0.0053 0.3692 0.7291 0.3554 0.6654 0.6008 0.7680 0.0123 0.6771 0.8656 0.2770 0.3515 0.8275 0.1584 0.5259 0.4804 0.5334 0.3653 0.9083 0.4163 0.3392 0.1728 0.4851 0.3075 0.5868
1 1
0.0000
1.0000
47 24
3.7214
0.2764 0.8355 0.4962 0.5725 0.2105 0.7083 0.7582 0.9680 0.1025 0.9654 0.7739 0.2222 0.2552 0.2434 0.7246 0.9369 0.6124 0.0460 0.6381 0.4108 0.7875 0.1019 0.4628 0.2885 0.1405 0.3039 0.7749 0.8420 0.6896 0.1610 0.3516 0.7977 0.9147 0.2176 0.2047 0.0595 0.8001 0.5232 0.4543 0.0523 0.9076 0.9403 0.7117 0.1608 0.1290 0.1119 0.2438
45 23
0.0118
0.4817 0.0093 0.5868 0.9862 0.9917 0.3370 0.8206 0.2373 0.4673 0.8709 0.6276 0.9195 0.9971 0.1548 0.5158 0.7067 0.0836 0.8325 0.3812 0.8457 0.6849 0.7187 0.4474 0.1113 0.2666 0.0531 0.8681 0.0659 0.4207 0.8079 0.6489 0.9901 0.0536 0.6288 0.7741 0.6523 0.2885 0.0630 0.2705 0.1908 0.6349 0.0729 0.8629 0.8954 0.0563
50 43
12.1853
0.5830 0.5063 0.3947 0.6644 0.3855 0.5799 0.8605 0.3731 0.0643 0.4902 0.8390 0.5827 0.2402 0.7182 0.8388 0.4118 0.0763 0.7729 0.1484 0.6160 0.1926 0.9862 0.4684 0.3876 0.3384 0.6225 0.2767 0.6414 0.4188 0.9460 0.5833 0.5972 0.0131 0.2944 0.8676 0.1538 0.9269 0.7086 0.3629 0.3826 0.8610 0.0290 0.8486 0.8925 0.9192 0.4012 0.7216 0.4902 0.3139 0.3032
50 25
0.0000
0.0000 0.0000 0.0000 0.0000 0.0000 0.0000 0.0000 0.0000 0.0000 0.0000 0.0000 0.0000 0.0000 0.0000 0.0000 0.0000 0.0000 0.0000 0.0000 0.0000 0.0000 0.0000 0.0000 0.0000 0.0000 0.0000 0.0000 0.0000 0.0000 0.0000 0.0000 0.0000 0.0000 0.0000 0.0000 0.0000 0.0000 0.0000 0.0000 0.0000 0.0000 0.0000 0.0000 0.0000 0.0000 0.0000 0.0000 0.0000 0.0000 0.0000
45 42
17.7931
0.7785 0.0868 0.5897 0.5324 0.6867 0.6809 0.9295 0.4551 0.4692 0.7606 0.2335 0.4903 0.2359 0.8578 0.3322 0.5305 0.5120 0.5238 0.8468 0.0442 0.9168 0.4675 0.6730 0.1624 0.9934 0.5033 0.2327 0.3200 0.0763 0.2568 0.2848 0.2393 0.3680 0.1181 0.4508 0.9076 0.8728 0.4587 0.3486 0.6734 0.4891 0.2529 0.2299 0.8780 0.7942
4 4
1.3999
0.8000 0.6000 0.7000 0.5000
48 14
0.0083
0.4196 0.2062 0.2159 0.7494 0.3871 0.1083 0.9210 0.8593 0.3772 0.2359 0.7110 0.9578 0.4253 0.6319 0.3942 0.1862 0.5092 0.2114 0.1675 0.8137 0.4722 0.0183 0.2987 0.3925 0.1547 0.4184 0.7165 0.2933 0.6430 0.1778 0.4610 0.3684 0.4563 0.7921 0.8409 0.9165 0.5245 0.9331 0.9801 0.4071 0.1918 0.0677 0.5573 0.7158 0.6590 0.2991 0.8300 0.7204
2 1
1.0000
0.0000 0.0000
2 1
0.3333
0.5000 0.5000
49 40
1.2380
0.8857 0.6283 0.2883 0.8386 0.3058 0.0041 0.3907 0.1499 0.7247 0.8380 0.8507 0.6696 0.3021 0.7522 0.7699 0.5537 0.8311 0.8479 0.5871 0.9066 0.6907 0.2558 0.2028 0.1690 0.5787 0.2124 0.0334 0.4017 0.6975 0.7597 0.9317 0.9695 0.0559 0.8485 0.6896 0.2857 0.0351 0.6987 0.2742 0.9113 0.1032 0.6127 0.6810 0.5354 0.0910 0.2261 0.3427 0.5575 0.3103
48 23
0.0177
0.2893 0.4253 0.8831 0.4350 0.8606 0.5048 0.5362 0.1042 0.2460 0.2635 0.4932 0.2433 0.2712 0.6088 0.1648 0.4582 0.0856 0.6170 0.0590 0.7483 0.0814 0.1041 0.1102 0.4143 0.9711 0.0615 0.6562 0.6239 0.5972 0.8373 0.7502 0.4491 0.8768 0.3108 0.1806 0.5982 0.4072 0.5187 0.2387 0.8694 0.5737 0.5988 0.0478 0.6353 0.9802 0.0325 0.4759 0.0105
49 24
0.0091
0.7980 0.9061 0.8051 0.5487 0.2346 0.5394 0.9713 0.4018 0.9615 0.8353 0.0654 0.2452 0.7084 0.7955 0.2298 0.8565 0.9542 0.9039 0.5997 0.8620 0.2060 0.3328 0.8447 0.1977 0.4257 0.3468 0.1704 0.2409 0.0406 0.4483 0.1513 0.3037 0.8061 0.2975 0.3730 0.8998 0.6760 0.8403 0.2821 0.3649 0.4512 0.6890 0.1085 0.0811 0.3937 0.1982 0.2515 0.7359 0.1084
48 4
0.0206
0.2297 0.1022 0.5220 0.6541 0.2080 0.6963 0.8147 0.6055 0.7547 0.6245 0.4337 0.7646 0.4461 0.3267 0.8031 0.8857 0.0533 0.9410 0.0315 0.7701 0.6905 0.3222 0.0984 0.9006 0.6292 0.6338 0.5433 0.8508 0.8858 0.8732 0.8964 0.5732 0.2387 0.0786 0.3150 0.6664 0.0719 0.9566 0.2813 0.2713 0.8816 0.2069 0.4665 0.6830 0.3365 0.4866 0.3755 0.7714
50 22
4.6489
0.0002 0.8114 0.2684 0.4704 0.7342 0.6219 0.4682 0.9662 0.3847 0.5430 0.3727 0.7137 0.7104 0.8712 0.8164 0.5416 0.2874 0.2925 0.5908 0.3358 0.5699 0.7904 0.9464 0.9702 0.9104 0.5227 0.4417 0.9724 0.2587 0.3302 0.6595 0.4153 0.6936 0.3345 0.2510 0.8761 0.6253 0.5361 0.2512 0.1010 0.8801 0.2756 0.2664 0.2213 0.4625 0.2134 0.1226 0.3979 0.0190 0.3124
50 50
0.0243
0.8273 0.1211 0.3338 0.0281 0.7097 0.4141 0.7771 0.3676 0.4510 0.1555 0.9253 0.0388 0.9489 0.6485 0.3060 0.5904 0.0478 0.2019 0.4519 0.4373 0.6255 0.1696 0.4518 0.5607 0.4529 0.6074 0.2492 0.0157 0.6085 0.3170 0.0970 0.6861 0.1220 0.1867 0.8089 0.0841 0.4979 0.1849 0.8100 0.9768 0.0421 0.2102 0.0988 0.8543 0.6670 0.2945 0.3781 0.9216 0.9012 0.5343
48 14
0.7816
0.5144 0.7080 0.7849 0.8276 0.3177 0.1444 0.7118 0.2991 0.7871 0.7976 0.3905 0.9860 0.5734 0.8307 0.0201 0.3957 0.9045 0.1025 0.1086 0.8814 0.4789 0.9661 0.9884 0.7710 0.2149 0.6794 0.6895 0.8393 0.2865 0.6954 0.6260 0.9240 0.1594 0.7854 0.5873 0.9574 0.8905 0.2615 0.1966 0.6043 0.9928 0.9154 0.3587 0.1560 0.4123 0.8191 0.8070 0.1858
