100
4 4
1.4000
0.5000 0.7000 0.8000 0.6000
2 2
1.0000
0.0000 0.0000
2 2
0.0000
0.9000 0.8000
2 2
0.1000
0.4000 0.5000
46 46
18.3333
0.3837 0.3032 0.5990 0.0186 0.8271 0.2909 0.5089 0.7437 0.9733 0.6545 0.8169 0.4514 0.7004 0.0318 0.5344 0.7352 0.8899 0.0560 0.8982 0.9762 0.1660 0.6390 0.3614 0.0095 0.8492 0.9258 0.7101 0.7053 0.2505 0.0817 0.4621 0.5985 0.3181 0.5270 0.1306 0.4050 0.8128 0.0648 0.1755 0.4844 0.4277 0.3580 0.2707 0.2319 0.2959 0.2707
49 49
2.2603
0.5154 0.6047 0.4856 0.5165 0.4379 0.7481 0.1762 0.8561 0.2869 0.7694 0.6873 0.2017 0.3850 0.5509 0.0739 0.1679 0.8691 0.1329 0.5347 0.8491 0.5095 0.7444 0.6857 0.7001 0.1160 0.3545 0.8354 0.7961 0.7213 0.0852 0.7809 0.4581 0.3106 0.6942 0.8378 0.4266 0.4606 0.2368 0.5337 0.0706 0.7932 0.4795 0.2235 0.6125 0.9229 0.2831 0.2062 0.5352 0.7064
50 50
21.1825
0.6341 0.7358 0.6459 0.9511 0.0011 0.9236 0.9247 0.9256 0.7275 0.7983 0.1017 0.7133 0.8309 0.1796 0.7796 0.0490 0.3180 0.1878 0.0933 0.1938 0.6957 0.1213 0.4602 0.2761 0.2299 0.9565 0.7048 0.0548 0.5263 0.1248 0.9707 0.9682 0.0927 0.0869 0.5087 0.3435 0.9522 0.9696 0.8935 0.3737 0.7917 0.7988 0.6026 0.3826 0.4237 0.3309 0.6135 0.9348 0.8137 0.3150
45 45
17.6275
0.7567 0.3921 0.1443 0.6184 0.0870 0.3900 0.6487 0.3184 0.7654 0.9202 0.5055 0.2622 0.4018 0.1763 0.8347 0.0125 0.3476 0.4016 0.8631 0.8477 0.2826 0.1037 0.8884 0.1242 0.5140 0.8870 0.6358 0.8319 0.6021 0.4076 0.5691 0.8377 0.5492 0.2742 0.6642 0.3458 0.2090 0.0199 0.7336 0.2563 0.8908 0.9277 0.1285 0.1711 0.8386
46 46
16.7222
0.4940 0.8160 0.3510 0.7485 0.1392 0.0257 0.7874 0.4664 0.0218 0.7342 0.6052 0.5164 0.4687 0.2170 0.3396 0.0536 0.9712 0.2454 0.5214 0.5117 0.1584 0.8819 0.4276 0.5208 0.5892 0.7900 0.5923 0.8307 0.0056 0.4959 0.6481 0.1885 0.7669 0.4708 0.8075 0.9587 0.8626 0.5555 0.5111 0.3918 0.4056 0.9260 0.8061 0.2991 0.8966 0.3086
45 45
18.3362
0.5143 0.9094 0.7092 0.2355 0.5578 1.0000 0.0968 0.4917 0.6192 0.5930 0.3612 0.3551 0.8881 0.8070 0.1478 0.3199 0.4208 0.7826 0.0811 0.5564 0.8487 0.3136 0.4121 0.2071 0.6708 0.8663 0.1258 0.4718 0.6196 0.4519 0.2994 0.5905 0.3121 0.1617 0.1471 0.2330 0.2468 0.1832 0.2427 0.9500 0.1183 0.3423 0.7524 0.7963 0.6567
47 47
15.9367
0.0669 0.0817 0.6030 0.0759 0.8010 0.9098 0.2199 0.8471 0.0592 0.4734 0.9431 0.8174 0.5453 0.5003 0.8381 0.1683 0.7203 0.6905 0.2726 0.4438 0.1452 0.8210 0.0271 0.2361 0.7182 0.5583 0.2815 0.2698 0.0189 0.8546 0.1768 0.1358 0.1859 0.6954 0.9140 0.6736 0.6694 0.8918 0.1309 0.9140 0.2955 0.2139 0.8156 0.9409 0.9807 0.2144 0.5842
46 46
22.0987
0.9236 0.5637 0.3604 0.2679 0.6076 0.9044 0.0818 0.0632 0.6329 0.5444 0.3356 0.2526 0.5140 0.4758 0.6158 0.1655 0.6181 0.3934 0.7400 0.0201 0.9869 0.5002 0.7203 0.3481 0.6024 0.0705 0.2839 0.8894 0.5323 0.0051 0.3851 0.9856 0.6351 0.7930 0.4547 0.5456 0.4976 0.4478 0.2476 0.4299 0.0500 0.1005 0.5301 0.2792 0.4878 0.7387
50 50
14.5833
0.2111 0.4007 0.8904 0.2985 0.7439 0.4412 0.6615 0.5754 0.7318 0.7413 0.0108 0.6687 0.7141 0.9293 0.8711 0.9592 0.2975 0.7873 0.1073 0.4043 0.0862 0.9266 0.3762 0.9792 0.1386 0.7859 0.9856 0.9648 0.1699 0.8639 0.5361 0.9179 0.2957 0.1325 0.8747 0.8704 0.6810 0.7198 0.6384 0.9485 0.0302 0.9699 0.8167 0.8881 0.6793 0.8826 0.5456 0.8978 0.4160 0.4751
47 47
19.2457
0.0466 0.0666 0.8551 0.2461 0.4373 0.9121 0.9281 0.8321 0.1035 0.2317 0.8383 0.0131 0.3305 0.4330 0.1095 0.2274 0.0095 0.6734 0.4932 0.3758 0.7321 0.5802 0.2012 0.6580 0.0004 0.9094 0.2919 0.0387 0.8290 0.3789 0.8721 0.6114 0.3127 0.3491 0.3989 0.9263 0.6796 0.5636 0.4528 0.7791 0.7489 0.3382 0.7628 0.5767 0.0315 0.8229 0.9921
4 4
0.0001
0.0000 0.0000 0.0000 0.0000
45 45
18.3180
0.4470 0.3008 0.1622 0.5560 0.0665 0.0521 0.8761 0.2881 0.7469 0.3866 0.5768 0.0524 0.2862 0.9141 0.5029 0.3928 0.0508 0.4257 0.1796 0.2401 0.2924 0.4146 0.2088 0.4957 0.4165 0.6568 0.6260 0.3209 0.9957 0.9202 0.6696 0.1363 0.6299 0.2783 0.6440 0.0050 0.4023 0.7189 0.6175 0.8079 0.1697 0.2643 0.6227 0.4520 0.3313
50 50
20.7695
0.7908 0.8628 0.7367 0.4665 0.4061 0.8997 0.3093 0.7899 0.7818 0.2033 0.8499 0.6850 0.9196 0.9267 0.1089 0.9466 0.9946 0.6372 0.5324 0.3932 0.8087 0.7015 0.5339 0.4335 0.6213 0.1151 0.5139 0.1187 0.0953 0.8093 0.4628 0.1207 0.9674 0.2028 0.6411 0.1497 0.8119 0.6163 0.6869 0.3572 0.8972 0.5703 0.7884 0.4315 0.9986 0.3063 0.6066 0.4279 0.1718 0.6470
49 49
16.0437
0.4246 0.8388 0.2966 0.3935 0.7453 0.5089 0.4487 0.0563 0.8567 0.3374 0.8205 0.8560 0.2203 0.9722 0.4362 0.6805 0.4640 0.6580 0.6114 0.0079 0.4034 0.6253 0.9145 0.9529 0.7858 0.2523 0.6216 0.2222 0.1777 0.7505 0.2575 0.1127 0.5159 0.4987 0.8496 0.6330 0.8211 0.6930 0.1268 0.5341 0.7102 0.7864 0.1566 0.3431 0.4114 0.4755 0.3260 0.5843 0.5813
2 2
0.3333
0.5000 0.5000
2 2
0.3333
0.0000 0.0000
50 50
25.1730
0.2762 0.1571 0.1189 0.7198 0.4463 0.6270 0.1928 0.3001 0.0998 0.4586 0.5533 0.1912 0.3479 0.8049 0.3713 0.8000 0.1430 0.2765 0.8096 0.7998 0.3786 0.8129 0.8342 0.4340 0.6398 0.6324 0.3133 0.7821 0.6389 0.0351 0.2881 0.3754 0.1832 0.1930 0.5238 0.6328 0.7126 0.3143 0.3413 0.5360 0.1766 0.7365 0.8124 0.1839 0.5909 0.6414 0.4356 0.4814 0.1811 0.3571
45 45
17.8010
0.6400 0.9855 0.9246 0.6610 0.1605 0.1982 0.3059 0.4752 0.3273 0.2444 0.4410 0.5333 0.4819 0.4098 0.5206 0.8855 0.8721 0.0795 0.3472 0.1869 0.8399 0.9643 0.7617 0.2948 0.2725 0.1810 0.9740 0.3059 0.5047 0.7314 0.2264 0.3027 0.6303 0.1954 0.2653 0.0584 0.2284 0.9296 0.5716 0.4786 0.3942 0.9698 0.3336 0.8007 0.5515
49 49
16.4275
0.6369 0.7547 0.6494 0.0419 0.7293 0.1165 0.0109 0.9515 0.9798 0.7510 0.7982 0.3562 0.9016 0.6677 0.9228 0.9362 0.7316 0.6923 0.3915 0.6999 0.2637 0.0345 0.0873 0.1501 0.2564 0.0870 0.2634 0.1383 0.3011 0.4565 0.7995 0.8627 0.9269 0.5990 0.7267 0.6577 0.5899 0.1417 0.8576 0.5158 0.2830 0.5577 0.2346 0.2991 0.0357 0.3090 0.4165 0.5459 0.8432
49 49
20.8130
0.7417 0.0445 0.3958 0.0905 0.0285 0.9160 0.4481 0.5886 0.2936 0.7910 0.4682 0.5951 0.3486 0.5606 0.0998 0.2825 0.2911 0.0611 0.9945 0.5762 0.5765 0.9878 0.8353 0.6158 0.0062 0.8633 0.1314 0.7862 0.9666 0.1273 0.6941 0.1121 0.1195 0.5387 0.8899 0.7874 0.6155 0.4112 0.5642 0.7332 0.0186 0.0254 0.3992 0.4691 0.3138 0.6603 0.6617 0.0521 0.4478
50 50
33.3350
0.3333 0.3333 0.3333 0.3333 0.3333 0.3333 0.3333 0.3333 0.3333 0.3333 0.3333 0.3333 0.3333 0.3333 0.3333 0.3333 0.3333 0.3333 0.3333 0.3333 0.3333 0.3333 0.3333 0.3333 0.3333 0.3333 0.3333 0.3333 0.3333 0.3333 0.3333 0.3333 0.3333 0.3333 0.3333 0.3333 0.3333 0.3333 0.3333 0.3333 0.3333 0.3333 0.3333 0.3333 0.3333 0.3333 0.3333 0.3333 0.3333 0.3333
46 46
20.2895
0.4370 0.9037 0.7005 0.0805 0.8271 0.9681 0.4651 0.4857 0.3794 0.0911 0.9374 0.8190 0.2936 0.4132 0.5114 0.2880 0.8132 0.5821 0.4907 0.0281 0.9509 0.4346 0.4091 0.4628 0.2242 0.8491 0.3463 0.7804 0.5176 0.1886 0.6980 0.7005 0.7069 0.4864 0.8997 0.7448 0.0464 0.4159 0.3060 0.6824 0.0922 0.4670 0.4091 0.5592 0.4870 0.4357
49 49
17.1917
0.6762 0.0693 0.9404 0.0685 0.3428 0.8369 0.9510 0.0828 0.1180 0.8970 0.7472 0.9651 0.1528 0.6886 0.3758 0.0089 0.9961 0.0489 0.8852 0.4155 0.5714 0.4224 0.8966 0.1095 0.4909 0.1958 0.5254 0.6767 0.4047 0.6697 0.2214 0.5436 0.5120 0.2433 0.5357 0.8975 0.1608 0.9831 0.9195 0.3134 0.9310 0.8142 0.5526 0.8952 0.1718 0.5204 0.1669 0.8976 0.2669
46 46
18.5047
0.1687 0.5227 0.5459 0.5915 0.0020 0.5760 0.0651 0.8557 0.7029 0.4672 0.6191 0.1718 0.6755 0.1975 0.0334 0.2813 1.0000 0.2558 0.8634 0.7222 0.5733 0.8627 0.3840 0.0310 0.8583 0.9648 0.3136 0.4540 0.8150 0.7397 0.1528 0.3556 0.8149 0.1612 0.0070 0.1641 0.3249 0.8897 0.1136 0.4075 0.7810 0.4526 0.0888 0.9660 0.9446 0.7831
50 50
0.6901
0.1090 0.6986 0.7951 0.0507 0.9926 0.6598 0.9438 0.2215 0.8091 0.7744 0.8764 0.7742 0.3158 0.7255 0.2791 0.0857 0.7287 0.3512 0.5154 0.6759 0.3724 0.3337 0.9318 0.0770 0.1546 0.2683 0.1842 0.2665 0.7205 0.5983 0.2443 0.5160 0.9641 0.0863 0.3483 0.0932 0.2187 0.8265 0.6915 0.2108 0.1761 0.0539 0.8928 0.5109 0.8733 0.1224 0.7417 0.3303 0.6196 0.8871
50 50
0.0050
0.9999 0.9999 0.9999 0.9999 0.9999 0.9999 0.9999 0.9999 0.9999 0.9999 0.9999 0.9999 0.9999 0.9999 0.9999 0.9999 0.9999 0.9999 0.9999 0.9999 0.9999 0.9999 0.9999 0.9999 0.9999 0.9999 0.9999 0.9999 0.9999 0.9999 0.9999 0.9999 0.9999 0.9999 0.9999 0.9999 0.9999 0.9999 0.9999 0.9999 0.9999 0.9999 0.9999 0.9999 0.9999 0.9999 0.9999 0.9999 0.9999 0.9999
50 50
17.7877
0.6115 0.7017 0.0225 0.8860 0.4981 0.1964 0.2046 0.2230 0.5309 0.2266 0.1976 0.8654 0.2516 0.3690 0.6851 0.2349 0.3695 0.2321 0.8131 0.6502 0.9747 0.0731 0.2519 0.7588 0.1778 0.6143 0.9214 0.3970 0.1721 0.0416 0.8013 0.5666 0.3030 0.9166 0.4631 0.8815 0.6207 0.6608 0.6056 0.6716 0.2580 0.4840 0.0106 0.1744 0.1969 0.7300 0.0681 0.3173 0.8076 0.8434
46 46
16.5374
0.0420 0.1428 0.3480 0.8609 0.6093 0.5340 0.9279 0.2987 0.6004 0.1556 0.0697 0.4893 0.9824 0.9805 0.6508 0.2198 0.8285 0.5134 0.9677 0.2501 0.4701 0.4878 0.0737 0.0913 0.2197 0.8325 0.2192 0.8823 0.3021 0.2727 0.2402 0.4734 0.6792 0.5726 0.1254 0.9242 0.1644 0.2213 0.7307 0.5528 0.6423 0.8789 0.0386 0.0869 0.7664 0.5378
50 50
0.0000
0.3333 0.3333 0.3333 0.3333 0.3333 0.3333 0.3333 0.3333 0.3333 0.3333 0.3333 0.3333 0.3333 0.3333 0.3333 0.3333 0.3333 0.3333 0.3333 0.3333 0.3333 0.3333 0.3333 0.3333 0.3333 0.3333 0.3333 0.3333 0.3333 0.3333 0.3333 0.3333 0.3333 0.3333 0.3333 0.3333 0.3333 0.3333 0.3333 0.3333 0.3333 0.3333 0.3333 0.3333 0.3333 0.3333 0.3333 0.3333 0.3333 0.3333
50 50
19.5706
0.4044 0.7154 0.2774 0.9669 0.3044 0.2003 0.4209 0.0369 0.2761 0.0618 0.3513 0.5780 0.1370 0.1471 0.7872 0.0640 0.5085 0.3474 0.2759 0.4411 0.9603 0.9690 0.3978 0.2696 0.1257 0.5448 0.0898 0.3103 0.6794 0.1002 0.8599 0.1148 0.3835 0.3310 0.6535 0.1788 0.8392 0.3847 0.9367 0.1947 0.2363 0.5646 0.6184 0.8782 0.9837 0.0473 0.4326 0.3503 0.0430 0.7972
45 45
3.5904
0.1036 0.4581 0.5776 0.8945 0.3252 0.6942 0.8075 0.1272 0.5127 0.4465 0.6697 0.2692 0.4972 0.4244 0.7976 0.1847 0.3085 0.7248 0.4820 0.3880 0.9563 0.7122 0.9111 0.8268 0.1720 0.3028 0.4031 0.3892 0.3233 0.7715 0.2361 0.8465 0.3324 0.3655 0.4520 0.3308 0.4568 0.2414 0.1824 0.5679 0.1018 0.4654 0.5221 0.3448 0.7398
47 47
16.1880
0.8104 0.8861 0.9131 0.1620 0.6800 0.1766 0.0745 0.7670 0.2124 0.3029 0.3231 0.4745 0.9678 0.9038 0.6281 0.4047 0.1970 0.2886 0.6913 0.5770 0.8973 0.2132 0.8937 0.7408 0.9679 0.6262 0.2759 0.9798 0.6999 0.4807 0.2708 0.6303 0.7502 0.9925 0.1446 0.6071 0.2924 0.8792 0.4758 0.5996 0.9304 0.9500 0.0144 0.4306 0.7532 0.5340 0.3280
48 48
23.1635
0.7665 0.5769 0.2932 0.8900 0.3075 0.3251 0.6085 0.3856 0.0253 0.9332 0.8758 0.2100 0.5570 0.3625 0.5729 0.4461 0.1326 0.6633 0.3661 0.1370 0.4533 0.9781 0.1120 0.8449 0.9356 0.2230 0.2524 0.1451 0.8192 0.4135 0.0031 0.8503 0.1202 0.1623 0.8055 0.6467 0.6088 0.1312 0.2219 0.2495 0.8331 0.7068 0.8748 0.3089 0.0066 0.2471 0.7181 0.7600
49 49
18.0665
0.2617 0.3460 0.1107 0.9388 0.1768 0.5619 0.0110 0.5950 0.8464 0.2227 0.2697 0.4171 0.1528 0.7836 0.0601 0.0554 0.4754 0.8573 0.1647 0.0012 0.5400 0.9736 0.8573 0.8060 0.7410 0.4437 0.1153 0.6291 0.1155 0.5275 0.9183 0.8583 0.2282 0.7504 0.7156 0.9943 0.2084 0.1419 0.4799 0.9023 0.7274 0.2469 0.6682 0.2952 0.9326 0.7003 0.3684 0.6180 0.7266
50 50
0.0049
0.9999 0.9999 0.9999 0.9999 0.9999 0.9999 0.9999 0.9999 0.9999 0.9999 0.9999 0.9999 0.9999 0.9999 0.9999 0.9999 0.9999 0.9999 0.9999 0.9999 0.9999 0.9999 0.9999 0.9999 0.9999 0.9999 0.9999 0.9999 0.9999 0.9999 0.9999 0.9999 0.9999 0.9999 0.9999 0.9999 0.9999 0.9999 0.9999 0.9999 0.9999 0.9999 0.9999 0.9999 0.9999 0.9999 0.9999 0.9999 0.9999 0.9999
46 46
16.7005
0.2427 0.9160 0.2323 0.2043 0.5246 0.8503 0.9125 0.2969 0.7474 0.5513 0.2291 0.7988 0.3464 0.5777 0.7457 0.1952 0.2065 0.2209 0.1771 0.0030 0.7477 0.1866 0.0863 0.5042 0.5436 0.3694 0.3656 0.1495 0.6216 0.4352 0.5286 0.4327 0.5315 0.9480 0.5426 0.1235 0.8918 0.7545 0.6310 0.4217 0.6847 0.6441 0.9998 0.1552 0.5283 0.4201
45 45
21.7309
0.3263 0.1812 0.6859 0.4323 0.2290 0.9393 0.7421 0.6505 0.4287 0.6695 0.2649 0.4904 0.1181 0.0092 0.9561 0.9958 0.4234 0.2967 0.0417 0.1820 0.0860 0.8603 0.7178 0.7553 0.2557 0.0129 0.7201 0.2294 0.9693 0.4519 0.4538 0.4405 0.6173 0.8435 0.9720 0.7872 0.1542 0.3547 0.2682 0.1786 0.7050 0.2776 0.3539 0.0171 0.6574
50 50
22.2670
0.1511 0.9448 0.8750 0.6565 0.3390 0.2710 0.1345 0.9957 0.6507 0.8550 0.6386 0.1838 0.8224 0.2375 0.5023 0.3075 0.6974 0.2596 0.9557 0.5284 0.5316 0.8940 0.1753 0.0891 0.1212 0.3965 0.3359 0.2856 0.8228 0.9220 0.7234 0.8074 0.5490 0.0322 0.8195 0.1719 0.0064 0.1842 0.4475 0.4746 0.1183 0.8316 0.7245 0.3474 0.8415 0.0686 0.5488 0.8638 0.8298 0.9954
47 47
16.6325
0.4616 0.7324 0.5182 0.5918 0.4034 0.8277 0.8656 0.1853 0.5106 0.7528 0.3537 0.3534 0.7032 0.0566 0.3824 0.9372 0.4387 0.7647 0.6028 0.8934 0.7642 0.9232 0.0220 0.2071 0.5965 0.0553 0.3846 0.9161 0.4991 0.2346 0.4025 0.6695 0.6144 0.9606 0.5751 0.6367 0.3868 0.5770 0.5376 0.0505 0.9140 0.3801 0.3239 0.8319 0.9207 0.5433 0.9786
45 45
19.2058
0.6859 0.7767 0.3361 0.2479 0.2385 0.1457 0.1289 0.7238 0.4625 0.8998 0.9157 0.2786 0.1022 0.2465 0.7372 0.5801 0.1052 0.5609 0.1851 0.7161 0.0564 0.9090 0.3401 0.5768 0.1433 0.7746 0.7333 0.4861 0.5806 0.6262 0.6006 0.3416 0.6809 0.9147 0.2062 0.0545 0.7558 0.4316 0.3789 0.7631 0.4659 0.0236 0.6486 0.3343 0.1003
50 50
1.0000
0.3333 0.3333 0.3333 0.3333 0.3333 0.3333 0.3333 0.3333 0.3333 0.3333 0.3333 0.3333 0.3333 0.3333 0.3333 0.3333 0.3333 0.3333 0.3333 0.3333 0.3333 0.3333 0.3333 0.3333 0.3333 0.3333 0.3333 0.3333 0.3333 0.3333 0.3333 0.3333 0.3333 0.3333 0.3333 0.3333 0.3333 0.3333 0.3333 0.3333 0.3333 0.3333 0.3333 0.3333 0.3333 0.3333 0.3333 0.3333 0.3333 0.3333
47 47
18.4466
0.8417 0.1196 0.8584 0.5619 0.9610 0.7126 0.5309 0.0455 0.0667 0.7127 0.9472 0.3154 0.1913 0.4205 0.2939 0.1154 0.5820 0.4136 0.4543 0.6688 0.8150 0.5226 0.6605 0.4621 0.3530 0.4721 0.0051 0.0823 0.1430 0.4032 0.8925 0.5968 0.2716 0.2098 0.5871 0.2149 0.3490 0.4487 0.1252 0.2640 0.6290 0.3110 0.0657 0.7137 0.1845 0.4995 0.6467
46 46
14.2307
0.7126 0.1520 0.7427 0.9770 0.4398 0.9079 0.6832 0.6394 0.2200 0.8817 0.4791 0.6045 0.6670 0.8735 0.1987 0.0279 0.9202 0.7741 0.1912 0.4688 0.0533 0.6356 0.2307 0.7911 0.0640 0.2151 0.4560 0.6997 0.1003 0.6513 0.9832 0.1903 0.8227 0.9483 0.6319 0.7896 0.5460 0.5014 0.3402 0.8042 0.0393 0.3065 0.3894 0.7115 0.6324 0.9384
50 50
15.9970
0.9523 0.8347 0.5761 0.4198 0.2228 0.1215 0.4398 0.0005 0.8372 0.2533 0.4787 0.1083 0.1114 0.7701 0.8615 0.2712 0.3849 0.3313 0.5893 0.6026 0.8829 0.1465 0.6990 0.8901 0.9662 0.7305 0.8173 0.5424 0.6701 0.3327 0.0475 0.7793 0.7318 0.7660 0.5146 0.8040 0.1848 0.8460 0.4220 0.9680 0.9585 0.7887 0.6999 0.2644 0.0371 0.4764 0.7567 0.7345 0.3254 0.7778
49 49
18.6915
0.0962 0.3995 0.0163 0.8136 0.5134 0.2360 0.0974 0.1556 0.4912 0.8329 0.7867 0.6315 0.8994 0.3896 0.9692 0.1638 0.6625 0.4332 0.7704 0.3614 0.9126 0.4190 0.7814 0.3416 0.2236 0.7943 0.4329 0.5093 0.8772 0.1422 0.6335 0.5440 0.6968 0.5938 0.2778 0.9427 0.6045 0.1710 0.6299 0.0126 0.1490 0.6768 0.4915 0.7637 0.7740 0.8615 0.0210 0.5667 0.8199
4 4
1.3999
0.6000 0.8000 0.7000 0.5000
50 50
16.1476
0.3996 0.9034 0.1796 0.6577 0.2428 0.0342 0.3063 0.4139 0.3249 0.8495 0.9638 0.1542 0.0502 0.1287 0.7575 0.8570 0.4380 0.8967 0.8911 0.8144 0.8057 0.1109 0.6963 0.8857 0.2106 0.7717 0.6929 0.7905 0.0000 0.4093 0.8465 0.6184 0.8429 0.8338 0.7114 0.5385 0.2582 0.2630 0.4804 0.7046 0.1132 0.4563 0.4007 0.8624 0.0854 0.1252 0.6181 0.8745 0.4293 0.7726
50 50
50.0000
0.0000 0.0000 0.0000 0.0000 0.0000 0.0000 0.0000 0.0000 0.0000 0.0000 0.0000 0.0000 0.0000 0.0000 0.0000 0.0000 0.0000 0.0000 0.0000 0.0000 0.0000 0.0000 0.0000 0.0000 0.0000 0.0000 0.0000 0.0000 0.0000 0.0000 0.0000 0.0000 0.0000 0.0000 0.0000 0.0000 0.0000 0.0000 0.0000 0.0000 0.0000 0.0000 0.0000 0.0000 0.0000 0.0000 0.0000 0.0000 0.0000 0.0000
45 45
20.4598
0.2226 0.7677 0.3149 0.5573 0.3062 0.7727 0.3456 0.1748 0.1182 0.2324 0.2024 0.9462 0.7414 0.4897 0.2784 0.7122 0.3699 0.1983 0.3526 0.1867 0.0827 0.8443 0.1531 0.4240 0.7837 0.6588 0.1169 0.1659 0.4810 0.7047 0.2517 0.8156 0.3615 0.6232 0.1690 0.3422 0.5923 0.9581 0.8257 0.3684 0.3773 0.0579 0.3053 0.5689 0.4569
47 47
21.6830
0.9420 0.4162 0.3159 0.2792 0.7476 0.7964 0.5025 0.0813 0.4997 0.3115 0.7193 0.5862 0.3801 0.4119 0.4822 0.2449 0.2077 0.2509 0.0700 0.2630 0.0461 0.8897 0.1917 0.4564 0.6648 0.8871 0.5440 0.3814 0.1377 0.3112 0.4374 0.0553 0.9651 0.3865 0.2199 0.2457 0.8258 0.0592 0.2480 0.9312 0.1663 0.9780 0.2042 0.3793 0.1100 0.9451 0.7609
50 50
16.9694
0.2883 0.0533 0.7358 0.9161 0.5345 0.5334 0.6996 0.0030 0.9521 0.0583 0.4762 0.9527 0.6897 0.1410 0.8642 0.0976 0.0344 0.3382 0.8171 0.0035 0.8418 0.9360 0.0566 0.6321 0.5536 0.7365 0.6909 0.2388 0.5631 0.6029 0.3538 0.3327 0.2999 0.5271 0.6593 0.3276 0.8241 0.4915 0.1248 0.2811 0.5841 0.9994 0.2741 0.4053 0.5401 0.2588 0.3379 0.8824 0.5834 0.6462
46 46
16.5328
0.8852 0.1896 0.0115 0.6062 0.6082 0.0542 0.7353 0.2518 0.7419 0.8468 0.6308 0.9385 0.4143 0.5692 0.4890 0.2461 0.9040 0.6360 0.5404 0.6642 0.7979 0.8588 0.9374 0.8940 0.9973 0.2217 0.5890 0.4682 0.3223 0.2765 0.5529 0.4686 0.5451 0.1293 0.5327 0.8798 0.1520 0.8767 0.8061 0.9790 0.6198 0.4380 0.3321 0.6452 0.0978 0.1159
49 49
23.2008
0.5369 0.9244 0.6439 0.5019 0.2550 0.5284 0.9283 0.4675 0.9756 0.6919 0.7372 0.2394 0.7679 0.1069 0.8024 0.9120 0.2149 0.1670 0.3054 0.8373 0.7638 0.6075 0.0260 0.1381 0.9544 0.2412 0.5704 0.1144 0.3860 0.0483 0.4484 0.1054 0.9089 0.8795 0.0401 0.7010 0.3110 0.8446 0.7532 0.4986 0.5082 0.9282 0.0624 0.2826 0.0057 0.5898 0.1222 0.2699 0.6922
50 50
0.0000
0.9999 0.9999 0.9999 0.9999 0.9999 0.9999 0.9999 0.9999 0.9999 0.9999 0.9999 0.9999 0.9999 0.9999 0.9999 0.9999 0.9999 0.9999 0.9999 0.9999 0.9999 0.9999 0.9999 0.9999 0.9999 0.9999 0.9999 0.9999 0.9999 0.9999 0.9999 0.9999 0.9999 0.9999 0.9999 0.9999 0.9999 0.9999 0.9999 0.9999 0.9999 0.9999 0.9999 0.9999 0.9999 0.9999 0.9999 0.9999 0.9999 0.9999
47 47
18.2144
0.1335 0.5355 0.2957 0.2082 0.2858 0.7377 0.7325 0.3170 0.8280 0.0441 0.6165 0.0415 0.7370 0.5339 0.7696 0.7473 0.4797 0.7178 0.3835 0.1559 0.5192 0.0758 0.6034 0.5151 0.2784 0.2836 0.2171 0.1299 0.4740 0.7085 0.3563 0.9439 0.2724 0.1494 0.9915 0.9776 0.3599 0.4655 0.8449 0.8838 0.3536 0.5086 0.8256 0.7119 0.6354 0.4171 0.5098
50 50
0.0000
1.0000 1.0000 1.0000 1.0000 1.0000 1.0000 1.0000 1.0000 1.0000 1.0000 1.0000 1.0000 1.0000 1.0000 1.0000 1.0000 1.0000 1.0000 1.0000 1.0000 1.0000 1.0000 1.0000 1.0000 1.0000 1.0000 1.0000 1.0000 1.0000 1.0000 1.0000 1.0000 1.0000 1.0000 1.0000 1.0000 1.0000 1.0000 1.0000 1.0000 1.0000 1.0000 1.0000 1.0000 1.0000 1.0000 1.0000 1.0000 1.0000 1.0000
49 49
16.2808
0.7445 0.6254 0.4245 0.2365 0.1326 0.3593 0.8466 0.9132 0.9080 0.7956 0.7509 0.8810 0.5441 0.0790 0.3580 0.9871 0.3873 0.2444 0.2656 0.0625 0.3962 0.0926 0.5199 0.1988 0.3257 0.2829 0.0832 0.7146 0.1399 0.7084 0.6822 0.5373 0.5913 0.0535 0.4416 0.8949 0.7613 0.8062 0.7161 0.7368 0.5693 0.8828 0.6753 0.4513 0.6892 0.5235 0.4963 0.3705 0.8081
50 50
17.7707
0.5332 0.2655 0.3449 0.5277 0.1852 0.9805 0.9639 0.4355 0.7904 0.2386 0.3869 0.0524 0.7932 0.5890 0.7253 0.6358 0.7213 0.8242 0.9584 0.7708 0.6087 0.8653 0.0836 0.4687 0.0456 0.6733 0.3783 0.1957 0.9280 0.3407 0.2797 0.4847 0.0009 0.2295 0.6053 0.0139 0.8801 0.0114 0.7729 0.3560 0.9235 0.1492 0.2502 0.1649 0.2118 0.9043 0.5805 0.1948 0.9666 0.5645
50 50
0.0000
0.0000 0.0000 0.0000 0.0000 0.0000 0.0000 0.0000 0.0000 0.0000 0.0000 0.0000 0.0000 0.0000 0.0000 0.0000 0.0000 0.0000 0.0000 0.0000 0.0000 0.0000 0.0000 0.0000 0.0000 0.0000 0.0000 0.0000 0.0000 0.0000 0.0000 0.0000 0.0000 0.0000 0.0000 0.0000 0.0000 0.0000 0.0000 0.0000 0.0000 0.0000 0.0000 0.0000 0.0000 0.0000 0.0000 0.0000 0.0000 0.0000 0.0000
49 49
16.5129
0.2955 0.4583 0.7403 0.5133 0.7650 0.4736 0.4269 0.3618 0.9145 0.4473 0.1190 0.1852 0.3549 0.9498 0.2344 0.2654 0.7522 0.6913 0.0792 0.8219 0.1806 0.2462 0.9278 0.8654 0.3924 0.2587 0.0335 0.6060 0.1695 0.7977 0.5651 0.5199 0.8623 0.3607 0.8806 0.7460 0.3547 0.7593 0.6376 0.8250 0.1538 0.0930 0.7203 0.6852 0.5087 0.1516 0.8007 0.5443 0.8655
50 50
17.6535
0.1398 0.6016 0.5761 0.2377 0.3020 0.7898 0.1163 0.5920 0.1187 0.3384 0.2366 0.7108 0.8015 0.3237 0.0990 0.1642 0.6369 0.2462 0.3992 0.9526 0.1575 0.5741 0.1575 0.0779 0.8678 0.4636 0.6142 0.6748 0.3817 0.8876 0.7797 0.2098 0.0133 0.8152 0.6646 0.7547 0.4636 0.8033 0.2706 0.1893 0.4601 0.7098 0.3979 0.4093 0.5434 0.8643 0.8259 0.2829 0.7138 0.6908
47 47
16.8680
0.5309 0.3524 0.9890 0.1916 0.6956 0.4376 0.4947 0.9572 0.3122 0.5765 0.3823 0.8967 0.7060 0.7137 0.4525 0.8376 0.5541 0.4929 0.0989 0.5115 0.9623 0.2323 0.3576 0.0292 0.8396 0.3512 0.7421 0.8846 0.4967 0.1443 0.6734 0.1204 0.0366 0.2208 0.8081 0.1845 0.3770 0.3252 0.2681 0.4507 0.7695 0.3771 0.0503 0.3352 0.8584 0.8691 0.9378
50 50
23.1505
0.1530 0.9494 0.2774 0.2189 0.2137 0.3676 0.5597 0.0738 0.9359 0.0456 0.8263 0.4127 0.8246 0.1729 0.6933 0.9838 0.8788 0.7608 0.8011 0.2815 0.5865 0.5587 0.3083 0.6662 0.0995 0.6983 0.8898 0.0436 0.9518 0.1962 0.2186 0.2758 0.8842 0.2503 0.0341 0.7221 0.3504 0.1526 0.7621 0.8688 0.5772 0.4120 0.4893 0.0859 0.4155 0.7535 0.3513 0.0317 0.8263 0.1380
2 2
0.5000
0.5000 0.5000
2 2
0.0000
1.0000 1.0000
46 46
14.6883
0.4747 0.5569 0.6565 0.4535 0.9938 0.9495 0.5850 0.9599 0.8400 0.2379 0.9730 0.1494 0.8352 0.6132 0.7791 0.9317 0.1342 0.6432 0.1394 0.1188 0.7309 0.5497 0.9066 0.9102 0.5020 0.1204 0.6130 0.4872 0.5096 0.3445 0.6894 0.5615 0.3211 0.7746 0.8824 0.1522 0.4064 0.2062 0.1744 0.1109 0.6623 0.3897 0.9048 0.9471 0.6251 0.3021
48 48
18.4223
0.2993 0.9689 0.0081 0.1253 0.4019 0.1115 0.7523 0.9755 0.4235 0.6475 0.2232 0.9172 0.8727 0.9966 0.0027 0.2545 0.7631 0.5225 0.1465 0.0981 0.7524 0.4230 0.4032 0.7988 0.2401 0.0437 0.9898 0.7256 0.1074 0.7639 0.4779 0.5063 0.9394 0.4414 0.2062 0.4492 0.6862 0.5750 0.7333 0.6101 0.4667 0.5627 0.4038 0.8673 0.1396 0.9792 0.3314 0.4936
50 50
20.5370
0.0028 0.8011 0.5023 0.6410 0.6100 0.2963 0.7170 0.5251 0.9815 0.2751 0.8824 0.0520 0.6809 0.0225 0.4601 0.1809 0.0088 0.9752 0.9009 0.5516 0.6212 0.4530 0.8226 0.0447 0.9640 0.2060 0.7799 0.0030 0.9544 0.2713 0.8801 0.5979 0.3886 0.2311 0.9738 0.0665 0.1191 0.8562 0.3387 0.8571 0.6635 0.1058 0.0170 0.5212 0.8762 0.5639 0.4688 0.9438 0.0650 0.2587
49 49
19.0548
0.8712 0.4293 0.2894 0.7299 0.3272 0.7299 0.3651 0.8799 0.8508 0.8508 0.7164 0.3665 0.9400 0.8693 0.7306 0.9627 0.7879 0.8496 0.0154 0.4404 0.0735 0.7847 0.6097 0.6859 0.8031 0.1546 0.4857 0.2650 0.3259 0.9646 0.5819 0.0443 0.3133 0.1202 0.6079 0.8644 0.9571 0.2760 0.8829 0.7187 0.2440 0.5727 0.0482 0.4076 0.2825 0.1413 0.0506 0.6325 0.3119
47 47
2.2784
0.1277 0.2346 0.1005 0.6641 0.2816 0.5550 0.7939 0.6852 0.7958 0.3204 0.9042 0.7511 0.9056 0.8419 0.8156 0.6587 0.1664 0.8840 0.4495 0.3553 0.5519 0.1539 0.1902 0.1259 0.6506 0.3635 0.8193 0.1028 0.8278 0.0708 0.3084 0.9917 0.4354 0.9963 0.1305 0.8489 0.7586 0.1370 0.3364 0.4923 0.6483 0.1427 0.6562 0.1637 0.9460 0.9770 0.0239
47 47
0.5837
0.4096 0.6131 0.7999 0.8283 0.6248 0.8207 0.5026 0.9137 0.5646 0.2976 0.7619 0.7741 0.3950 0.7012 0.4499 0.3602 0.6586 0.7167 0.2637 0.5373 0.1457 0.8738 0.8463 0.8867 0.3682 0.5603 0.0082 0.1213 0.6696 0.7970 0.8177 0.4740 0.2916 0.0343 0.6048 0.8003 0.5956 0.5064 0.0304 0.2756 0.1291 0.9918 0.9160 0.4186 0.7335 0.3154 0.3793
49 49
21.7688
0.2095 0.3778 0.9506 0.3053 0.9940 0.8933 0.4093 0.1522 0.4537 0.0335 0.8044 0.9860 0.8123 0.4910 0.1822 0.6838 0.1623 0.3033 0.0651 0.1753 0.6032 0.4091 0.7024 0.2144 0.9951 0.2442 0.0919 0.6684 0.4270 0.7608 0.1991 0.8669 0.7632 0.0584 0.4578 0.8430 0.4663 0.6673 0.6318 0.5880 0.3410 0.2741 0.6125 0.6737 0.0191 0.1877 0.5989 0.8239 0.3652
49 49
20.0740
0.5742 0.5099 0.3168 0.1404 0.4552 0.8081 0.1554 0.1015 0.4269 0.6236 0.7691 0.6424 0.5567 0.4734 0.1619 0.7823 0.3778 0.6012 0.7240 0.3508 0.5171 0.4369 0.5468 0.0135 0.2659 0.7546 0.5207 0.3461 0.0305 0.0758 0.5105 0.1907 0.3753 0.7688 0.7193 0.8413 0.9934 0.4982 0.0644 0.8337 0.2059 0.1144 0.9038 0.4028 0.7771 0.8551 0.3191 0.3559 0.5850
45 45
13.5203
0.8501 0.9164 0.1009 0.3622 0.7487 0.7538 0.6888 0.8059 0.3825 0.9962 0.2473 0.3341 0.0378 0.6844 0.4776 0.1197 0.6647 0.6935 0.7517 0.1095 0.6498 0.6565 0.5631 0.9292 0.5179 0.3047 0.0623 0.2450 0.3864 0.4053 0.6301 0.6016 0.1328 0.9426 0.9754 0.8718 0.5551 0.7906 0.9079 0.6602 0.2927 0.7021 0.1664 0.6131 0.9377
50 50
1.0000
0.0000 0.0000 0.0000 0.0000 0.0000 0.0000 0.0000 0.0000 0.0000 0.0000 0.0000 0.0000 0.0000 0.0000 0.0000 0.0000 0.0000 0.0000 0.0000 0.0000 0.0000 0.0000 0.0000 0.0000 0.0000 0.0000 0.0000 0.0000 0.0000 0.0000 0.0000 0.0000 0.0000 0.0000 0.0000 0.0000 0.0000 0.0000 0.0000 0.0000 0.0000 0.0000 0.0000 0.0000 0.0000 0.0000 0.0000 0.0000 0.0000 0.0000
45 45
20.6644
0.2323 0.3121 0.3548 0.9181 0.0114 0.3376 0.7658 0.5060 0.1173 0.5206 0.7549 0.3137 0.7933 0.3254 0.5731 0.7937 0.0127 0.3170 0.4738 0.0399 0.3573 0.5166 0.1696 0.3936 0.6838 0.4931 0.6355 0.1242 0.9201 0.4311 0.0419 0.7714 0.1819 0.0222 0.3376 0.3192 0.2516 0.7492 0.4316 0.8542 0.1486 0.3886 0.3259 0.6538 0.6379
46 46
18.1279
0.2197 0.2325 0.9419 0.5231 0.4636 0.2369 0.3738 0.6719 0.6883 0.1785 0.9523 0.2862 0.6359 0.7603 0.6596 0.1630 0.9395 0.7524 0.3928 0.6185 0.8374 0.4812 0.9845 0.3005 0.6996 0.4598 0.9314 0.9927 0.9791 0.2679 0.8683 0.7872 0.1315 0.5491 0.4823 0.5884 0.8046 0.9181 0.9525 0.2209 0.5700 0.7329 0.6406 0.5739 0.9919 0.2469
50 50
0.0000
0.8765 0.8765 0.8765 0.8765 0.8765 0.8765 0.8765 0.8765 0.8765 0.8765 0.8765 0.8765 0.8765 0.8765 0.8765 0.8765 0.8765 0.8765 0.8765 0.8765 0.8765 0.8765 0.8765 0.8765 0.8765 0.8765 0.8765 0.8765 0.8765 0.8765 0.8765 0.8765 0.8765 0.8765 0.8765 0.8765 0.8765 0.8765 0.8765 0.8765 0.8765 0.8765 0.8765 0.8765 0.8765 0.8765 0.8765 0.8765 0.8765 0.8765
48 48
18.8831
0.7745 0.2470 0.8267 0.6287 0.9007 0.2385 0.2755 0.8987 0.6979 0.7395 0.5728 0.8677 0.3048 0.6133 0.5764 0.3183 0.3298 0.6373 0.7182 0.7383 0.8097 0.9943 0.1448 0.6218 0.2758 0.4415 0.1946 0.4599 0.2430 0.1405 0.7273 0.8648 0.7473 0.2607 0.0831 0.6478 0.1551 0.4733 0.9014 0.1778 0.0088 0.5755 0.2320 0.2018 0.4576 0.4532 0.0003 0.9384
1 1
0.5000
0.5000
45 45
18.2317
0.6568 0.7128 0.0697 0.4647 0.5831 0.6066 0.6132 0.0129 0.3656 0.2486 0.4011 0.6346 0.5913 0.9032 0.7933 0.4785 0.2179 0.8806 0.2135 0.0943 0.3458 0.7096 0.0729 0.9989 0.4763 0.4689 0.9499 0.5326 0.7732 0.1978 0.7213 0.4518 0.5002 0.6985 0.2162 0.8630 0.5513 0.7230 0.6497 0.2842 0.5847 0.3293 0.8917 0.2268 0.0866
1 1
1.0000
0.0000
49 49
17.2377
0.4125 0.3005 0.5247 0.4352 0.3447 0.3004 0.4135 0.0293 0.1378 0.7731 0.5896 0.8656 0.9048 0.8850 0.7338 0.9676 0.8912 0.5578 0.4410 0.6336 0.2105 0.5771 0.4941 0.3870 0.2705 0.6188 0.4768 0.7217 0.6950 0.5989 0.9812 0.2638 0.6754 0.0168 0.9202 0.8252 0.9487 0.7551 0.1122 0.6084 0.2483 0.1359 0.8782 0.3958 0.2177 0.2571 0.0869 0.4035 0.9568
1 1
0.3333
0.0000
50 50
17.0571
0.9068 0.7823 0.5732 0.6121 0.5537 0.1347 0.0207 0.8244 0.4856 0.5183 0.8167 0.5153 0.6051 0.1881 0.3244 0.6650 0.1470 0.1904 0.4770 0.9392 0.2090 0.2490 0.6680 0.0452 0.9890 0.8365 0.6722 0.5249 0.7254 0.5702 0.7578 0.2985 0.3761 0.4662 0.0199 0.6986 0.3905 0.5729 0.9562 0.3239 0.2630 0.0436 0.2149 0.9850 0.5382 0.4416 0.4332 0.6010 0.8318 0.3758
48 48
16.1918
0.6469 0.6406 0.6674 0.2851 0.9808 0.1298 0.3652 0.6329 0.3303 0.7473 0.8877 0.5337 0.7998 0.4817 0.0223 0.8055 0.3214 0.6692 0.4454 0.1357 0.6347 0.5966 0.4806 0.0833 0.8034 0.9368 0.2905 0.7966 0.2728 0.6733 0.0318 0.7856 0.8293 0.5228 0.9401 0.4784 0.4925 0.6576 0.3843 0.6158 0.9152 0.1662 0.7883 0.1177 0.5966 0.8577 0.5320 0.9656
50 50
23.3421
0.6763 0.3361 0.7898 0.3785 0.2489 0.0363 0.4092 0.3555 0.3200 0.0366 0.4283 0.2236 0.4179 0.8463 0.4091 0.7262 0.2110 0.4985 0.2379 0.4998 0.5502 0.4724 0.0672 0.1297 0.6575 0.9740 0.9089 0.9503 0.9658 0.7752 0.1649 0.8911 0.9927 0.2310 0.4488 0.0025 0.4066 0.9796 0.7528 0.5489 0.6424 0.0707 0.1249 0.2794 0.5610 0.2804 0.6116 0.1260 0.6864 0.8935
1 1
0.3333
0.5000
45 45
18.4604
0.5319 0.3784 0.5080 0.1608 0.8962 0.9141 0.4662 0.4947 0.4780 0.5050 0.8932 0.3954 0.0787 0.2029 0.1237 0.5077 0.9898 0.0330 0.8290 0.6474 0.1738 0.8184 0.0798 0.6856 0.1818 0.0797 0.1293 0.2193 0.7817 0.2505 0.3172 0.3448 0.6028 0.9998 0.3114 0.6184 0.8189 0.7550 0.9427 0.9192 0.4422 0.3998 0.8927 0.5039 0.7738
45 45
19.1717
0.5290 0.0372 0.3262 0.1844 0.6165 0.6443 0.6403 0.2739 0.5551 0.6602 0.3632 0.4232 0.8473 0.4890 0.1054 0.3421 0.0604 0.7105 0.6782 0.4396 0.9011 0.5772 0.9813 0.7679 0.8447 0.3947 0.2081 0.3004 0.6823 0.2915 0.1028 0.1362 0.6451 0.4843 0.6093 0.2203 0.8025 0.1304 0.5652 0.6371 0.5846 0.3153 0.4265 0.9509 0.9725
49 49
20.5582
0.7503 0.5916 0.7710 0.3028 0.5357 0.9670 0.8701 0.9920 0.8202 0.4879 0.7748 0.2697 0.2417 0.5475 0.1528 0.4700 0.8834 0.3406 0.1099 0.6534 0.0775 0.7918 0.6165 0.1790 0.4849 0.4695 0.7360 0.0087 0.1108 0.7459 0.6472 0.7693 0.9609 0.5933 0.3845 0.3498 0.3014 0.9324 0.8886 0.5306 0.3288 0.8295 0.5388 0.3986 0.2871 0.8630 0.2235 0.6411 0.2571
50 50
0.0000
0.8700 0.8700 0.8700 0.8700 0.8700 0.8700 0.8700 0.8700 0.8700 0.8700 0.8700 0.8700 0.8700 0.8700 0.8700 0.8700 0.8700 0.8700 0.8700 0.8700 0.8700 0.8700 0.8700 0.8700 0.8700 0.8700 0.8700 0.8700 0.8700 0.8700 0.8700 0.8700 0.8700 0.8700 0.8700 0.8700 0.8700 0.8700 0.8700 0.8700 0.8700 0.8700 0.8700 0.8700 0.8700 0.8700 0.8700 0.8700 0.8700 0.8700
1 1
0.0000
1.0000
45 45
17.8263
0.6034 0.2284 0.8643 0.4739 0.1598 0.9296 0.1227 0.6247 0.5681 0.8113 0.3386 0.1145 0.3672 0.1290 0.3382 0.2632 0.7927 0.0307 0.8010 0.0375 0.5172 0.2573 0.1386 0.2087 0.7695 0.1264 0.7371 0.1381 0.9740 0.7134 0.0757 0.4765 0.6488 0.8864 0.0019 0.0000 0.8334 0.7701 0.9359 0.7196 0.8222 0.3842 0.2138 0.1017 0.8644
47 47
19.7829
0.7466 0.7402 0.4710 0.8470 0.6058 0.9262 0.0735 0.9576 0.7770 0.2640 0.0193 0.2534 0.2515 0.0203 0.3255 0.6284 0.8740 0.0446 0.2966 0.2991 0.1542 0.3030 0.6102 0.8679 0.8356 0.7573 0.9406 0.2803 0.9414 0.5210 0.2175 0.4269 0.6443 0.2037 0.9540 0.4330 0.5906 0.7893 0.8149 0.3479 0.4516 0.9402 0.3854 0.3983 0.9093 0.2417 0.5255
49 49
16.1699
0.0482 0.4239 0.1000 0.0308 0.6636 0.8343 0.2161 0.6754 0.8029 0.5636 0.7611 0.2267 0.4683 0.3173 0.7950 0.2195 0.3717 0.7398 0.4622 0.9332 0.7303 0.7015 0.4819 0.8198 0.6943 0.9095 0.6907 0.1499 0.1311 0.2885 0.6434 0.5490 0.1169 0.3731 0.4392 0.2571 0.7595 0.7859 0.9232 0.6560 0.7665 0.5042 0.9603 0.5471 0.7261 0.2146 0.4128 0.5012 0.6958
