100
4 4
1.4000
0.5000 0.7000 0.8000 0.6000
2 2
1.0000
0.0000 0.0000
2 1
0.0000
0.9000 0.8000
2 1
0.1000
0.4000 0.5000
50 25
0.0000
0.3333 0.3333 0.3333 0.3333 0.3333 0.3333 0.3333 0.3333 0.3333 0.3333 0.3333 0.3333 0.3333 0.3333 0.3333 0.3333 0.3333 0.3333 0.3333 0.3333 0.3333 0.3333 0.3333 0.3333 0.3333 0.3333 0.3333 0.3333 0.3333 0.3333 0.3333 0.3333 0.3333 0.3333 0.3333 0.3333 0.3333 0.3333 0.3333 0.3333 0.3333 0.3333 0.3333 0.3333 0.3333 0.3333 0.3333 0.3333 0.3333 0.3333
48 38
7.3881
0.3259 0.1386 0.0000 0.7196 0.1598 0.8222 0.9608 0.1264 0.8644 0.6034 0.7927 0.4765 0.1290 0.3382 0.0757 0.5172 0.8334 0.2632 0.4739 0.1145 0.9359 0.1017 0.0019 0.2573 0.7371 0.8864 0.8145 0.8113 0.2284 0.1227 0.7134 0.9296 0.3386 0.7695 0.5403 0.7701 0.1855 0.0307 0.8643 0.3852 0.6488 0.0375 0.5681 0.2138 0.0577 0.2087 0.8010 0.3842
50 25
50.0000
0.0000 0.0000 0.0000 0.0000 0.0000 0.0000 0.0000 0.0000 0.0000 0.0000 0.0000 0.0000 0.0000 0.0000 0.0000 0.0000 0.0000 0.0000 0.0000 0.0000 0.0000 0.0000 0.0000 0.0000 0.0000 0.0000 0.0000 0.0000 0.0000 0.0000 0.0000 0.0000 0.0000 0.0000 0.0000 0.0000 0.0000 0.0000 0.0000 0.0000 0.0000 0.0000 0.0000 0.0000 0.0000 0.0000 0.0000 0.0000 0.0000 0.0000
50 25
0.6901
0.7255 0.9318 0.5160 0.6915 0.8733 0.0539 0.2443 0.2108 0.6986 0.1546 0.0770 0.8091 0.0932 0.1090 0.3483 0.0857 0.2665 0.6598 0.2187 0.8928 0.7417 0.8871 0.5154 0.9926 0.3303 0.2215 0.3158 0.8764 0.7287 0.3724 0.0863 0.9641 0.1761 0.8265 0.7742 0.6759 0.3337 0.7205 0.3512 0.2683 0.7951 0.9438 0.6196 0.7744 0.0507 0.5109 0.2791 0.1224 0.1842 0.5983
49 14
0.0001
0.1662 0.3672 0.7398 0.0342 0.6289 0.7289 0.8150 0.7967 0.4634 0.4370 0.7658 0.3782 0.2536 0.1108 0.1705 0.3200 0.5713 0.7173 0.7960 0.1014 0.5198 0.9685 0.3395 0.7921 0.0809 0.3894 0.9945 0.7288 0.1930 0.8961 0.0627 0.3623 0.4832 0.6496 0.3847 0.2879 0.9403 0.3151 0.7794 0.3590 0.0969 0.9213 0.8105 0.5639 0.6678 0.8950 0.2797 0.1166 0.9883
1 1
0.5000
0.5000
45 41
8.9050
0.0193 0.6302 0.0114 0.5670 0.4726 0.6659 0.0777 0.1429 0.6794 0.4714 0.9642 0.7641 0.4692 0.8631 0.4104 0.2050 0.0283 0.7200 0.7013 0.4521 0.3407 0.7863 0.1449 0.8530 0.3714 0.7795 0.7921 0.9110 0.0272 0.6154 0.1282 0.6187 0.9917 0.5680 0.3942 0.7921 0.9788 0.6242 0.2116 0.7322 0.5915 0.2474 0.7050 0.1139 0.5094
45 25
3.5904
0.3448 0.4520 0.6697 0.3085 0.1018 0.4568 0.7715 0.7248 0.3655 0.4972 0.3252 0.3233 0.3308 0.1824 0.2361 0.7398 0.5127 0.3880 0.4244 0.8268 0.3324 0.6942 0.2414 0.8075 0.4581 0.5776 0.2692 0.1036 0.7976 0.9111 0.1720 0.9563 0.3028 0.4465 0.4820 0.8465 0.1847 0.7122 0.4654 0.5679 0.3892 0.1272 0.5221 0.4031 0.8945
49 47
12.1016
0.4517 0.9991 0.4723 0.9465 0.3357 0.7902 0.6719 0.1239 0.6292 0.1094 0.0754 0.9444 0.7494 0.8952 0.2853 0.9661 0.1143 0.3089 0.7809 0.4551 0.2352 0.1610 0.5484 0.1797 0.0285 0.7054 0.4389 0.3672 0.3242 0.3098 0.9576 0.5280 0.6823 0.8541 0.4376 0.9706 0.9418 0.8353 0.3593 0.2133 0.0859 0.4211 0.1708 0.0672 0.5860 0.0821 0.1240 0.6635 0.1114
48 16
0.0208
0.4110 0.3725 0.6248 0.8653 0.3063 0.1711 0.9338 0.2693 0.6714 0.8335 0.8484 0.7919 0.8905 0.6040 0.7083 0.8722 0.3082 0.8929 0.2311 0.2580 0.2279 0.7525 0.2264 0.9858 0.1870 0.0578 0.7564 0.5608 0.3006 0.0246 0.6816 0.2190 0.1322 0.8830 0.3399 0.7666 0.8341 0.3864 0.8705 0.8049 0.9346 0.2440 0.6472 0.4543 0.1215 0.0511 0.3560 0.5385
1 1
0.0000
1.0000
47 40
13.6366
0.0693 0.8799 0.4525 0.1779 0.1667 0.0858 0.5962 0.6108 0.8099 0.0385 0.3122 0.6477 0.7554 0.0222 0.8628 0.2382 0.9665 0.2060 0.3344 0.4797 0.5459 0.1074 0.8747 0.4687 0.8608 0.5309 0.9085 0.8096 0.0071 0.4645 0.6439 0.0693 0.1197 0.9174 0.3971 0.1453 0.4299 0.5219 0.3471 0.7376 0.5790 0.2000 0.7762 0.3762 0.7628 0.8249 0.3853
46 16
0.0153
0.3978 0.9197 0.1450 0.2967 0.4782 0.7524 0.1950 0.6668 0.0675 0.8207 0.0594 0.0651 0.1342 0.3203 0.4300 0.5741 0.9946 0.3119 0.0196 0.0829 0.3124 0.3222 0.4634 0.0706 0.9940 0.6428 0.4718 0.6790 0.0207 0.8386 0.1993 0.1237 0.8743 0.9733 0.4182 0.5580 0.2912 0.4020 0.9891 0.8887 0.3206 0.9244 0.6488 0.9497 0.0642 0.4870
45 33
0.0119
0.7464 0.4694 0.5635 0.5551 0.9846 0.5295 0.6451 0.7086 0.1144 0.4021 0.9426 0.0379 0.7791 0.5936 0.7909 0.0471 0.0214 0.9791 0.4770 0.0764 0.3423 0.4932 0.7662 0.7464 0.0034 0.9905 0.7408 0.5388 0.1997 0.5089 0.5876 0.1396 0.4207 0.8979 0.1067 0.9783 0.1672 0.4855 0.8709 0.2435 0.5797 0.3997 0.4001 0.6277 0.2694
47 36
0.0053
0.8629 0.7533 0.5628 0.3925 0.3028 0.4069 0.7531 0.4162 0.6508 0.0481 0.7988 0.6159 0.5407 0.1728 0.6474 0.3419 0.7578 0.6518 0.9548 0.5727 0.3317 0.0774 0.9010 0.9491 0.4901 0.7283 0.0069 0.6460 0.5088 0.3453 0.5175 0.3009 0.8369 0.5854 0.3473 0.7674 0.4622 0.9877 0.8279 0.3188 0.6003 0.7622 0.0773 0.5325 0.0528 0.2297 0.1506
2 1
0.3333
0.0000 0.0000
49 47
23.0824
0.4856 0.6733 0.3689 0.0019 0.9080 0.2794 0.2809 0.9106 0.9856 0.9305 0.4669 0.0197 0.4336 0.6527 0.0985 0.4702 0.9852 0.3733 0.4451 0.3142 0.2357 0.8534 0.0508 0.9802 0.4448 0.6684 0.3833 0.0332 0.6947 0.1070 0.6262 0.1991 0.9689 0.4152 0.0208 0.1127 0.7924 0.0030 0.6927 0.0299 0.4481 0.6447 0.4836 0.8787 0.8307 0.2083 0.1714 0.2994 0.7086
50 49
0.0050
0.9999 0.9999 0.9999 0.9999 0.9999 0.9999 0.9999 0.9999 0.9999 0.9999 0.9999 0.9999 0.9999 0.9999 0.9999 0.9999 0.9999 0.9999 0.9999 0.9999 0.9999 0.9999 0.9999 0.9999 0.9999 0.9999 0.9999 0.9999 0.9999 0.9999 0.9999 0.9999 0.9999 0.9999 0.9999 0.9999 0.9999 0.9999 0.9999 0.9999 0.9999 0.9999 0.9999 0.9999 0.9999 0.9999 0.9999 0.9999 0.9999 0.9999
50 50
50.0000
0.0000 0.0000 0.0000 0.0000 0.0000 0.0000 0.0000 0.0000 0.0000 0.0000 0.0000 0.0000 0.0000 0.0000 0.0000 0.0000 0.0000 0.0000 0.0000 0.0000 0.0000 0.0000 0.0000 0.0000 0.0000 0.0000 0.0000 0.0000 0.0000 0.0000 0.0000 0.0000 0.0000 0.0000 0.0000 0.0000 0.0000 0.0000 0.0000 0.0000 0.0000 0.0000 0.0000 0.0000 0.0000 0.0000 0.0000 0.0000 0.0000 0.0000
45 24
0.0014
0.2163 0.9527 0.5444 0.5606 0.6333 0.4852 0.4835 0.5989 0.5911 0.6656 0.5812 0.9630 0.9798 0.9270 0.6921 0.9856 0.0234 0.2175 0.1970 0.4326 0.5423 0.6288 0.1663 0.1960 0.0135 0.3854 0.8582 0.4717 0.6352 0.4811 0.5774 0.8377 0.8735 0.3368 0.4034 0.5792 0.3249 0.3907 0.1620 0.0924 0.4794 0.7862 0.7043 0.7846 0.6991
45 34
0.0020
0.4963 0.7509 0.4841 0.4513 0.8466 0.8062 0.8081 0.1572 0.2656 0.4795 0.1399 0.9080 0.1326 0.9198 0.4245 0.3593 0.6753 0.8810 0.2444 0.8324 0.4416 0.1988 0.5913 0.5693 0.9086 0.3874 0.6254 0.7782 0.7146 0.4259 0.9132 0.0625 0.3580 0.7464 0.9297 0.4216 0.1361 0.0832 0.0731 0.0790 0.8828 0.9858 0.6418 0.1270 0.2365
49 27
2.2603
0.5352 0.7932 0.2869 0.6942 0.0852 0.2235 0.4795 0.2831 0.5337 0.7694 0.5347 0.7481 0.6873 0.7213 0.4856 0.4379 0.4266 0.5165 0.2062 0.7001 0.5509 0.6125 0.5095 0.4581 0.8354 0.8691 0.7064 0.8561 0.1160 0.2017 0.3545 0.0706 0.7444 0.8378 0.6047 0.8491 0.7961 0.7809 0.1679 0.1762 0.5154 0.2368 0.0739 0.4606 0.9229 0.1329 0.3106 0.3850 0.6857
48 11
18.5507
0.6862 0.2993 0.4235 0.1253 0.5750 0.1396 0.5225 0.4779 0.6475 0.4414 0.2062 0.8727 0.9898 0.7988 0.3789 0.6101 0.2545 0.7333 0.7639 0.4936 0.3314 0.1115 0.5627 0.7523 0.2232 0.9689 0.2401 0.9966 0.9172 0.7256 0.8673 0.9755 0.4667 0.4492 0.9394 0.1074 0.4019 0.0437 0.9792 0.5063 0.0027 0.7631 0.1465 0.0081 0.0981 0.4032 0.4230 0.4038
46 40
20.8006
0.0891 0.4475 0.9557 0.5023 0.9448 0.9220 0.0322 0.8228 0.1719 0.8074 0.8940 0.1183 0.2856 0.9954 0.8195 0.6565 0.8224 0.7234 0.1212 0.3390 0.8415 0.2596 0.1511 0.5490 0.6507 0.5284 0.6974 0.2375 0.1838 0.8638 0.0064 0.0686 0.5488 0.8298 0.5316 0.1753 0.8750 0.7245 0.1842 0.1345 0.8316 0.3965 0.3359 0.8550 0.4746 0.3474
50 1
33.3350
0.3333 0.3333 0.3333 0.3333 0.3333 0.3333 0.3333 0.3333 0.3333 0.3333 0.3333 0.3333 0.3333 0.3333 0.3333 0.3333 0.3333 0.3333 0.3333 0.3333 0.3333 0.3333 0.3333 0.3333 0.3333 0.3333 0.3333 0.3333 0.3333 0.3333 0.3333 0.3333 0.3333 0.3333 0.3333 0.3333 0.3333 0.3333 0.3333 0.3333 0.3333 0.3333 0.3333 0.3333 0.3333 0.3333 0.3333 0.3333 0.3333 0.3333
47 31
0.0093
0.0628 0.2088 0.1609 0.4057 0.8664 0.4355 0.1119 0.2673 0.7368 0.1497 0.3895 0.7907 0.1024 0.7063 0.4946 0.2360 0.7807 0.2683 0.8223 0.1482 0.7073 0.3245 0.1074 0.3732 0.2602 0.3048 0.9047 0.8679 0.1184 0.4290 0.2040 0.1501 0.9226 0.1815 0.6515 0.3678 0.3673 0.6039 0.5545 0.8143 0.2414 0.6576 0.7630 0.4447 0.1775 0.1915 0.3279
47 43
6.1297
0.4381 0.3669 0.9016 0.9222 0.8943 0.9527 0.3650 0.5178 0.8318 0.3165 0.9207 0.6319 0.2410 0.9768 0.0278 0.6514 0.2579 0.5084 0.3191 0.6142 0.9380 0.3676 0.0839 0.8811 0.7824 0.8880 0.0832 0.8907 0.6286 0.0861 0.7375 0.3511 0.6613 0.2877 0.0226 0.9505 0.6364 0.5927 0.4533 0.7921 0.5882 0.1896 0.9720 0.7117 0.9810 0.0880 0.3273
50 50
0.0049
0.9999 0.9999 0.9999 0.9999 0.9999 0.9999 0.9999 0.9999 0.9999 0.9999 0.9999 0.9999 0.9999 0.9999 0.9999 0.9999 0.9999 0.9999 0.9999 0.9999 0.9999 0.9999 0.9999 0.9999 0.9999 0.9999 0.9999 0.9999 0.9999 0.9999 0.9999 0.9999 0.9999 0.9999 0.9999 0.9999 0.9999 0.9999 0.9999 0.9999 0.9999 0.9999 0.9999 0.9999 0.9999 0.9999 0.9999 0.9999 0.9999 0.9999
50 33
0.0190
0.4399 0.5847 0.2408 0.3011 0.1987 0.3478 0.2736 0.2480 0.9011 0.3355 0.9804 0.7682 0.5758 0.3545 0.7099 0.0994 0.9187 0.0501 0.9003 0.9946 0.9086 0.3311 0.4632 0.0420 0.6139 0.2108 0.9112 0.9224 0.0403 0.1241 0.0034 0.1369 0.3031 0.6751 0.2811 0.4209 0.4919 0.5546 0.1262 0.2857 0.6112 0.3533 0.0138 0.1108 0.2661 0.3215 0.3689 0.4131 0.5642 0.4093
1 1
1.0000
0.0000
46 19
0.0131
0.0986 0.9644 0.8051 0.3595 0.8919 0.5182 0.1377 0.8124 0.6992 0.5338 0.8713 0.6996 0.9295 0.6607 0.7593 0.2966 0.8978 0.1919 0.7075 0.2253 0.0921 0.2478 0.7326 0.2790 0.1733 0.6733 0.3418 0.2964 0.0085 0.5273 0.0489 0.2603 0.9183 0.7549 0.6529 0.2502 0.5618 0.1130 0.5622 0.9393 0.5698 0.8838 0.6466 0.3383 0.0531 0.4455
50 49
0.0000
0.9999 0.9999 0.9999 0.9999 0.9999 0.9999 0.9999 0.9999 0.9999 0.9999 0.9999 0.9999 0.9999 0.9999 0.9999 0.9999 0.9999 0.9999 0.9999 0.9999 0.9999 0.9999 0.9999 0.9999 0.9999 0.9999 0.9999 0.9999 0.9999 0.9999 0.9999 0.9999 0.9999 0.9999 0.9999 0.9999 0.9999 0.9999 0.9999 0.9999 0.9999 0.9999 0.9999 0.9999 0.9999 0.9999 0.9999 0.9999 0.9999 0.9999
47 34
0.0127
0.0888 1.0000 0.8350 0.8584 0.4321 0.5592 0.1528 0.5733 0.5484 0.5914 0.3875 0.9519 0.9006 0.1341 0.4526 0.0423 0.9223 0.1840 0.2695 0.1641 0.0263 0.8231 0.0070 0.0359 0.0752 0.7222 0.8198 0.5592 0.5042 0.1612 0.8897 0.2813 0.4075 0.0020 0.9648 0.8634 0.4548 0.8548 0.1778 0.8577 0.5377 0.8583 0.8343 0.6191 0.5024 0.0651 0.2430
50 50
0.0000
0.8700 0.8700 0.8700 0.8700 0.8700 0.8700 0.8700 0.8700 0.8700 0.8700 0.8700 0.8700 0.8700 0.8700 0.8700 0.8700 0.8700 0.8700 0.8700 0.8700 0.8700 0.8700 0.8700 0.8700 0.8700 0.8700 0.8700 0.8700 0.8700 0.8700 0.8700 0.8700 0.8700 0.8700 0.8700 0.8700 0.8700 0.8700 0.8700 0.8700 0.8700 0.8700 0.8700 0.8700 0.8700 0.8700 0.8700 0.8700 0.8700 0.8700
50 1
0.0000
1.0000 1.0000 1.0000 1.0000 1.0000 1.0000 1.0000 1.0000 1.0000 1.0000 1.0000 1.0000 1.0000 1.0000 1.0000 1.0000 1.0000 1.0000 1.0000 1.0000 1.0000 1.0000 1.0000 1.0000 1.0000 1.0000 1.0000 1.0000 1.0000 1.0000 1.0000 1.0000 1.0000 1.0000 1.0000 1.0000 1.0000 1.0000 1.0000 1.0000 1.0000 1.0000 1.0000 1.0000 1.0000 1.0000 1.0000 1.0000 1.0000 1.0000
46 27
0.0114
0.9329 0.0100 0.9032 0.2332 0.2125 0.0509 0.0201 0.1069 0.2922 0.0548 0.5967 0.3691 0.0266 0.8417 0.1017 0.9036 0.0415 0.4997 0.6634 0.0345 0.7125 0.7685 0.6264 0.1516 0.0510 0.2951 0.5483 0.8200 0.2417 0.2128 0.5106 0.0240 0.9733 0.0214 0.8977 0.8209 0.3144 0.6699 0.3239 0.6930 0.6620 0.3550 0.8168 0.2741 0.1735 0.0238
50 47
18.3541
0.9303 0.4976 0.0451 0.8421 0.7160 0.0204 0.0777 0.9115 0.8099 0.4015 0.0161 0.8692 0.2095 0.6264 0.4906 0.5808 0.4972 0.0224 0.7363 0.3097 0.0017 0.4937 0.8419 0.8488 0.7414 0.2956 0.7149 0.5681 0.4844 0.7829 0.9402 0.4146 0.7084 0.8062 0.2502 0.5558 0.3057 0.6224 0.1984 0.0399 0.2714 0.0011 0.5982 0.0925 0.2112 0.5999 0.8626 0.0422 0.1073 0.9737
47 30
9.0620
0.8981 0.4552 0.1346 0.0103 0.1496 0.0830 0.2120 0.5964 0.7286 0.4531 0.8035 0.3766 0.7933 0.6456 0.2184 0.8497 0.7015 0.3905 0.1697 0.5586 0.3679 0.7635 0.3760 0.3956 0.7127 0.7731 0.3543 0.2128 0.1571 0.0162 0.8750 0.5847 0.7159 0.5737 0.2543 0.1070 0.3705 0.6863 0.2822 0.3629 0.5791 0.8866 0.0194 0.3979 0.7290 0.2861 0.8288
1 1
0.3333
0.5000
47 38
0.0210
0.2640 0.4320 0.4681 0.7939 0.3985 0.6287 0.5359 0.1994 0.6554 0.1100 0.0267 0.5604 0.9835 0.1081 0.9994 0.7913 0.6656 0.2153 0.4829 0.1913 0.2873 0.4305 0.2335 0.3091 0.5528 0.1458 0.8402 0.1001 0.4872 0.7620 0.1228 0.2653 0.0873 0.0968 0.1779 0.8553 0.5388 0.0383 0.9340 0.4361 0.7033 0.2141 0.2180 0.7329 0.6294 0.1335 0.6400
48 31
0.0076
0.7910 0.6858 0.4071 0.3816 0.6313 0.1560 0.3659 0.7419 0.1991 0.6509 0.7244 0.6235 0.7957 0.6695 0.4465 0.8641 0.4937 0.1557 0.7231 0.3002 0.9270 0.2620 0.4709 0.2080 0.7843 0.8536 0.1778 0.0503 0.5318 0.2660 0.1800 0.0023 0.0456 0.1057 0.9048 0.4371 0.1617 0.4987 0.9847 0.6108 0.2245 0.9973 0.8644 0.6691 0.3739 0.4700 0.2138 0.0024
46 32
0.0164
0.4317 0.1870 0.6425 0.4063 0.5520 0.8844 0.4781 0.9459 0.4810 0.2135 0.4348 0.9266 0.6814 0.8341 0.2968 0.9029 0.7516 0.3534 0.1047 0.9632 0.6882 0.4999 0.4075 0.1628 0.5020 0.6348 0.9541 0.9060 0.6126 0.7819 0.4352 0.6575 0.4246 0.7999 0.6378 0.4080 0.7799 0.9462 0.2523 0.3733 0.5466 0.7401 0.8488 0.0077 0.2940 0.4261
45 28
0.0085
0.7767 0.2298 0.8600 0.4402 0.9168 0.7690 0.0122 0.0696 0.4115 0.5255 0.3436 0.8523 0.4880 0.0952 0.0107 0.8052 0.4497 0.2216 0.5719 0.7702 0.2582 0.3503 0.7321 0.7450 0.3865 0.7292 0.6666 0.6135 0.6006 0.8192 0.8988 0.9689 0.2418 0.4428 0.5418 0.2371 0.1110 0.0780 0.6683 0.0465 0.6746 0.8138 0.3262 0.8535 0.1155
47 18
0.0155
0.1162 0.0021 0.7437 0.9983 0.1593 0.2019 0.6779 0.8752 0.2954 0.1663 0.7461 0.5103 0.3847 0.0986 0.3097 0.7620 0.0708 0.4131 0.8683 0.2779 0.8033 0.4865 0.7560 0.6902 0.8724 0.0616 0.2550 0.4042 0.4695 0.8394 0.0374 0.6458 0.2184 0.5117 0.1030 0.2014 0.4175 0.0535 0.6929 0.3592 0.7234 0.9398 0.8217 0.0583 0.2471 0.0896 0.6184
50 25
0.0000
1.0000 1.0000 1.0000 1.0000 1.0000 1.0000 1.0000 1.0000 1.0000 1.0000 1.0000 1.0000 1.0000 1.0000 1.0000 1.0000 1.0000 1.0000 1.0000 1.0000 1.0000 1.0000 1.0000 1.0000 1.0000 1.0000 1.0000 1.0000 1.0000 1.0000 1.0000 1.0000 1.0000 1.0000 1.0000 1.0000 1.0000 1.0000 1.0000 1.0000 1.0000 1.0000 1.0000 1.0000 1.0000 1.0000 1.0000 1.0000 1.0000 1.0000
47 20
0.0107
0.9454 0.8214 0.9535 0.6801 0.5000 0.8703 0.8086 0.4849 0.2686 0.8990 0.8683 0.3769 0.7160 0.2781 0.0090 0.3685 0.5604 0.2467 0.1768 0.5138 0.3989 0.8220 0.7216 0.3634 0.7122 0.0564 0.2689 0.3018 0.4823 0.0929 0.6781 0.2883 0.1526 0.7358 0.3488 0.7951 0.2482 0.8324 0.6429 0.8594 0.8154 0.8640 0.7258 0.4473 0.5727 0.5951 0.7497
50 50
0.0000
0.8765 0.8765 0.8765 0.8765 0.8765 0.8765 0.8765 0.8765 0.8765 0.8765 0.8765 0.8765 0.8765 0.8765 0.8765 0.8765 0.8765 0.8765 0.8765 0.8765 0.8765 0.8765 0.8765 0.8765 0.8765 0.8765 0.8765 0.8765 0.8765 0.8765 0.8765 0.8765 0.8765 0.8765 0.8765 0.8765 0.8765 0.8765 0.8765 0.8765 0.8765 0.8765 0.8765 0.8765 0.8765 0.8765 0.8765 0.8765 0.8765 0.8765
2 1
0.3333
0.5000 0.5000
48 13
0.0049
0.0789 0.1147 0.0827 0.0311 0.1511 0.7399 0.0898 0.8833 0.0003 0.5269 0.4428 0.1264 0.9697 0.2904 0.0987 0.1590 0.0284 0.2318 0.9137 0.5311 0.1568 0.8005 0.0948 0.6505 0.8120 0.1233 0.9558 0.0808 0.9689 0.1534 0.6451 0.2625 0.1206 0.4248 0.8063 0.4604 0.0326 0.5299 0.2244 0.3810 0.5638 0.6088 0.1227 0.3398 0.8039 0.6619 0.8778 0.9528
4 4
0.0001
0.0000 0.0000 0.0000 0.0000
47 22
0.0027
0.5639 0.6886 0.8419 0.7736 0.7932 0.4951 0.5028 0.6740 0.3940 0.9748 0.6747 0.8803 0.2471 0.2379 0.4937 0.8405 0.9390 0.4621 0.8798 0.6345 0.3180 0.1388 0.3266 0.5145 0.8574 0.0243 0.1181 0.1040 0.8968 0.4914 0.5796 0.7429 0.7799 0.3660 0.8406 0.9849 0.1478 0.9750 0.4283 0.1920 0.0355 0.4539 0.0312 0.5419 0.6140 0.9668 0.2504
47 26
0.5837
0.7619 0.6131 0.2637 0.3682 0.6696 0.2976 0.6248 0.4740 0.3154 0.7741 0.8867 0.4499 0.8207 0.4186 0.4096 0.8003 0.7335 0.3793 0.9160 0.5646 0.1291 0.5064 0.8283 0.8738 0.7167 0.3602 0.7970 0.6586 0.8463 0.2756 0.5026 0.5373 0.6048 0.5956 0.1213 0.1457 0.0304 0.7012 0.7999 0.3950 0.0082 0.5603 0.9918 0.8177 0.9137 0.0343 0.2916
50 38
0.2362
0.0522 0.7636 0.9697 0.5433 0.3796 0.0577 0.0348 0.7387 0.8254 0.3918 0.2135 0.1890 0.1873 0.3526 0.1967 0.0335 0.9809 0.4436 0.8595 0.4085 0.2294 0.9514 0.3876 0.8899 0.4192 0.4820 0.0016 0.5119 0.7794 0.7479 0.7228 0.0400 0.2149 0.7965 0.7473 0.5806 0.1217 0.5822 0.2696 0.7180 0.5763 0.0704 0.5180 0.6763 0.6782 0.9636 0.9474 0.0055 0.4578 0.4069
50 25
1.0000
0.0000 0.0000 0.0000 0.0000 0.0000 0.0000 0.0000 0.0000 0.0000 0.0000 0.0000 0.0000 0.0000 0.0000 0.0000 0.0000 0.0000 0.0000 0.0000 0.0000 0.0000 0.0000 0.0000 0.0000 0.0000 0.0000 0.0000 0.0000 0.0000 0.0000 0.0000 0.0000 0.0000 0.0000 0.0000 0.0000 0.0000 0.0000 0.0000 0.0000 0.0000 0.0000 0.0000 0.0000 0.0000 0.0000 0.0000 0.0000 0.0000 0.0000
49 33
0.0136
0.6336 0.1867 0.0058 0.5667 0.0601 0.1015 0.2729 0.7493 0.8849 0.3207 0.6576 0.5740 0.6477 0.9192 0.1256 0.2232 0.5589 0.7747 0.8504 0.8191 0.0969 0.6488 0.7094 0.1691 0.1428 0.7809 0.1123 0.8539 0.6461 0.8911 0.7588 0.8603 0.0001 0.0559 0.0240 0.0688 0.6117 0.1445 0.5390 0.2937 0.1851 0.1414 0.0001 0.7647 0.4701 0.1387 0.4898 0.8574 0.2193
2 1
0.0000
1.0000 1.0000
48 33
2.4240
0.4326 0.1051 0.1389 0.7005 0.1864 0.6785 0.2100 0.8805 0.7578 0.4134 0.9708 0.8506 0.6307 0.4600 0.1416 0.5066 0.2070 0.3433 0.0249 0.7767 0.6383 0.3355 0.3429 0.9419 0.8377 0.5610 0.0166 0.2217 0.6543 0.7560 0.5766 0.4464 0.9900 0.5057 0.7723 0.3865 0.9917 0.4377 0.4908 0.5999 0.7481 0.0635 0.4087 0.7983 0.9964 0.5894 0.7307 0.4883
49 47
14.0689
0.0796 0.5161 0.1464 0.6502 0.7708 0.8249 0.0989 0.1775 0.9811 0.7882 0.2744 0.5221 0.9059 0.5965 0.8189 0.2415 0.1200 0.9793 0.2608 0.2998 0.1818 0.7610 0.2228 0.8575 0.7440 0.1476 0.6154 0.9908 0.9175 0.3097 0.4619 0.3429 0.1176 0.4350 0.9517 0.3352 0.9189 0.4487 0.4675 0.6249 0.7047 0.2606 0.2660 0.9192 0.7742 0.8036 0.7030 0.6640 0.0865
47 38
7.8749
0.5923 0.2024 0.7122 0.2226 0.6588 0.7414 0.4810 0.4897 0.5689 0.1867 0.8156 0.2784 0.3422 0.1531 0.1748 0.3062 0.8443 0.3684 0.7677 0.7837 0.7727 0.9462 0.3149 0.3456 0.3699 0.6232 0.1182 0.3053 0.2517 0.4240 0.2324 0.4569 0.3773 0.3526 0.1690 0.5663 0.0827 0.9581 0.7047 0.4858 0.0579 0.1659 0.5573 0.3615 0.1169 0.1983 0.8257
50 50
33.3350
0.3333 0.3333 0.3333 0.3333 0.3333 0.3333 0.3333 0.3333 0.3333 0.3333 0.3333 0.3333 0.3333 0.3333 0.3333 0.3333 0.3333 0.3333 0.3333 0.3333 0.3333 0.3333 0.3333 0.3333 0.3333 0.3333 0.3333 0.3333 0.3333 0.3333 0.3333 0.3333 0.3333 0.3333 0.3333 0.3333 0.3333 0.3333 0.3333 0.3333 0.3333 0.3333 0.3333 0.3333 0.3333 0.3333 0.3333 0.3333 0.3333 0.3333
50 25
1.0000
0.3333 0.3333 0.3333 0.3333 0.3333 0.3333 0.3333 0.3333 0.3333 0.3333 0.3333 0.3333 0.3333 0.3333 0.3333 0.3333 0.3333 0.3333 0.3333 0.3333 0.3333 0.3333 0.3333 0.3333 0.3333 0.3333 0.3333 0.3333 0.3333 0.3333 0.3333 0.3333 0.3333 0.3333 0.3333 0.3333 0.3333 0.3333 0.3333 0.3333 0.3333 0.3333 0.3333 0.3333 0.3333 0.3333 0.3333 0.3333 0.3333 0.3333
47 28
0.0083
0.5099 0.5015 0.4963 0.3764 0.8727 0.3805 0.1258 0.3153 0.1416 0.8588 0.0064 0.0417 0.6020 0.2857 0.5963 0.5978 0.3640 0.4108 0.4044 0.8888 0.8054 0.9173 0.2440 0.0043 0.1840 0.0765 0.9422 0.2680 0.0761 0.0446 0.8606 0.1758 0.2414 0.4251 0.2900 0.5058 0.7554 0.9603 0.1409 0.3122 0.1296 0.8405 0.9997 0.2834 0.5746 0.0108 0.4063
50 19
0.0254
0.6328 0.2066 0.2412 0.1649 0.4000 0.3716 0.3147 0.1510 0.0134 0.5956 0.3651 0.8739 0.8078 0.0225 0.1588 0.0322 0.3942 0.4567 0.7701 0.1499 0.4691 0.4327 0.8820 0.6700 0.2735 0.7184 0.4634 0.6890 0.4560 0.2094 0.2193 0.5832 0.9827 0.7284 0.1968 0.9550 0.9497 0.0330 0.8155 0.1876 0.5145 0.6579 0.2869 0.6897 0.2678 0.6446 0.3181 0.2971 0.8540 0.7346
49 12
11.0086
0.2433 0.6697 0.1669 0.8970 0.1180 0.5436 0.3134 0.8142 0.9961 0.1095 0.2669 0.4224 0.6886 0.8966 0.9510 0.1608 0.3758 0.4047 0.5714 0.4909 0.9195 0.5254 0.1958 0.1718 0.7472 0.5357 0.1528 0.0685 0.0693 0.8976 0.9831 0.8852 0.4155 0.8975 0.2214 0.5526 0.6762 0.9310 0.3428 0.8369 0.9404 0.0089 0.0489 0.8952 0.5120 0.0828 0.9651 0.5204 0.6767
45 38
0.0017
0.6151 0.9550 0.9268 0.6795 0.0650 0.4754 0.0673 0.9353 0.1844 0.0034 0.2329 0.1577 0.2886 0.9911 0.3992 0.8074 0.3140 0.9176 0.6773 0.7449 0.6552 0.3415 0.9196 0.8175 0.4052 0.9085 0.4306 0.7244 0.8457 0.0102 0.2915 0.8705 0.4528 0.8467 0.0018 0.0361 0.4331 0.2690 0.0844 0.8057 0.9998 0.8256 0.4073 0.5610 0.4129
45 43
0.2332
0.4281 0.0580 0.6195 0.5464 0.5086 0.1726 0.1954 0.7937 0.8305 0.5868 0.3128 0.1306 0.1106 0.1285 0.3290 0.2644 0.4906 0.0847 0.8882 0.6836 0.2785 0.0698 0.9847 0.2004 0.6051 0.1918 0.7673 0.3303 0.2096 0.0966 0.3582 0.8409 0.8355 0.6043 0.6182 0.7418 0.9480 0.2890 0.9807 0.9103 0.8409 0.1487 0.4809 0.8649 0.9845
50 48
20.0572
0.7751 0.1262 0.1026 0.2653 0.1320 0.9096 0.2083 0.3595 0.6011 0.5036 0.0867 0.2584 0.1990 0.5686 0.1798 0.7274 0.0212 0.6113 0.5955 0.0092 0.2560 0.9265 0.6796 0.6103 0.7234 0.0704 0.3370 0.6659 0.6688 0.4985 0.4869 0.5845 0.8559 0.9850 0.4667 0.3089 0.5323 0.2175 0.7549 0.3673 0.3405 0.0752 0.4425 0.1165 0.7927 0.9139 0.9674 0.7823 0.7331 0.4029
50 50
0.0000
1.0000 1.0000 1.0000 1.0000 1.0000 1.0000 1.0000 1.0000 1.0000 1.0000 1.0000 1.0000 1.0000 1.0000 1.0000 1.0000 1.0000 1.0000 1.0000 1.0000 1.0000 1.0000 1.0000 1.0000 1.0000 1.0000 1.0000 1.0000 1.0000 1.0000 1.0000 1.0000 1.0000 1.0000 1.0000 1.0000 1.0000 1.0000 1.0000 1.0000 1.0000 1.0000 1.0000 1.0000 1.0000 1.0000 1.0000 1.0000 1.0000 1.0000
50 25
33.3350
0.3333 0.3333 0.3333 0.3333 0.3333 0.3333 0.3333 0.3333 0.3333 0.3333 0.3333 0.3333 0.3333 0.3333 0.3333 0.3333 0.3333 0.3333 0.3333 0.3333 0.3333 0.3333 0.3333 0.3333 0.3333 0.3333 0.3333 0.3333 0.3333 0.3333 0.3333 0.3333 0.3333 0.3333 0.3333 0.3333 0.3333 0.3333 0.3333 0.3333 0.3333 0.3333 0.3333 0.3333 0.3333 0.3333 0.3333 0.3333 0.3333 0.3333
1 1
0.3333
0.0000
47 46
0.0130
0.4025 0.4846 0.1869 0.0705 0.0458 0.5846 0.8930 0.4170 0.7364 0.2813 0.9179 0.7895 0.1433 0.2491 0.2926 0.7899 0.3207 0.5991 0.8180 0.4483 0.3607 0.6955 0.7540 0.3427 0.2301 0.6687 0.5899 0.3949 0.7281 0.3359 0.0214 0.2138 0.4962 0.9580 0.0778 0.1985 0.3709 0.9678 0.2499 0.9258 0.9909 0.2971 0.5991 0.6020 0.7863 0.9957 0.7554
48 36
0.0170
0.0116 0.8006 0.7337 0.7206 0.6965 0.1941 0.1959 0.0232 0.9817 0.7572 0.2357 0.5243 0.1999 0.8613 0.8662 0.1379 0.0920 0.1230 0.4599 0.5851 0.9824 0.6594 0.3624 0.2654 0.6044 0.2000 0.3162 0.1038 0.8878 0.4120 0.9446 0.0641 0.7580 0.8622 0.0294 0.5020 0.9540 0.8706 0.0794 0.0113 0.7804 0.6288 0.9083 0.0420 0.9187 0.6703 0.8838 0.5796
45 23
0.0131
0.4750 0.3273 0.6595 0.3074 0.8140 0.9769 0.3013 0.8234 0.8730 0.4944 0.2166 0.1296 0.2545 0.3061 0.3825 0.0571 0.2280 0.5039 0.4698 0.9686 0.3332 0.4506 0.0045 0.6004 0.1317 0.5301 0.4137 0.7759 0.1892 0.4872 0.2088 0.7470 0.5104 0.3759 0.4889 0.2837 0.8219 0.7257 0.3862 0.2388 0.6051 0.5158 0.8747 0.0557 0.4587
50 30
0.0230
0.3886 0.6899 0.7621 0.4350 0.3446 0.5809 0.9896 0.4974 0.3219 0.5270 0.5379 0.0724 0.4914 0.0879 0.1426 0.7518 0.8973 0.1777 0.1030 0.1130 0.4620 0.8646 0.4372 0.6558 0.9748 0.3903 0.2951 0.8844 0.9598 0.7243 0.5005 0.3944 0.4412 0.7094 0.8246 0.4178 0.9486 0.2865 0.5663 0.6338 0.3719 0.5845 0.4704 0.1066 0.2847 0.1106 0.5731 0.8674 0.7143 0.6692
49 30
0.0105
0.1030 0.8962 0.4081 0.0994 0.7027 0.1603 0.3113 0.1285 0.8323 0.6542 0.0852 0.2435 0.0570 0.9271 0.9920 0.2084 0.1539 0.0354 0.8786 0.0841 0.3017 0.6985 0.7772 0.4640 0.1215 0.3637 0.4443 0.0489 0.6627 0.5809 0.8883 0.1080 0.2164 0.9692 0.7719 0.1351 0.4298 0.0640 0.8837 0.9184 0.2604 0.0200 0.9719 0.5194 0.6577 0.2036 0.0240 0.7732 0.9673
45 22
0.0154
0.1136 0.9660 0.7927 0.3249 0.8149 0.0310 0.3136 0.8627 0.0334 0.1687 0.3840 0.2880 0.9700 0.5896 0.2558 0.9446 0.0436 0.9390 0.7810 0.8150 0.0629 0.1662 0.8557 0.4214 0.8700 0.7993 0.3689 0.7833 0.6755 0.7029 0.7397 0.1975 0.6935 0.0550 0.7915 0.7121 0.3556 0.6816 0.9731 0.5096 0.5227 0.7831 0.3665 0.5915 0.1718
46 41
14.2312
0.7152 0.6887 0.8341 0.6021 0.0978 0.7579 0.6623 0.3875 0.1628 0.5928 0.0306 0.8469 0.6231 0.1539 0.2433 0.4177 0.6050 0.7061 0.1270 0.5380 0.0333 0.2371 0.1048 0.1429 0.4209 0.5703 0.8714 0.9440 0.0066 0.4806 0.5479 0.7080 0.3650 0.7386 0.0314 0.8370 0.2348 0.8008 0.8938 0.5935 0.4492 0.3625 0.7646 0.7149 0.0823 0.2942
50 25
0.0000
0.0000 0.0000 0.0000 0.0000 0.0000 0.0000 0.0000 0.0000 0.0000 0.0000 0.0000 0.0000 0.0000 0.0000 0.0000 0.0000 0.0000 0.0000 0.0000 0.0000 0.0000 0.0000 0.0000 0.0000 0.0000 0.0000 0.0000 0.0000 0.0000 0.0000 0.0000 0.0000 0.0000 0.0000 0.0000 0.0000 0.0000 0.0000 0.0000 0.0000 0.0000 0.0000 0.0000 0.0000 0.0000 0.0000 0.0000 0.0000 0.0000 0.0000
45 33
0.0064
0.9912 0.7036 0.6479 0.0017 0.4233 0.9330 0.7532 0.7913 0.3999 0.9850 0.1138 0.1470 0.9930 0.3953 0.8221 0.0018 0.8903 0.4632 0.9620 0.7675 0.7070 0.1893 0.7334 0.9795 0.5735 0.2924 0.1170 0.4615 0.6258 0.8540 0.0579 0.1286 0.9909 0.0423 0.0041 0.9119 0.8233 0.5300 0.1538 0.8265 0.3903 0.3347 0.1297 0.2857 0.0554
2 1
0.5000
0.5000 0.5000
46 29
0.0055
0.5145 0.9043 0.9888 0.7732 0.9539 0.6114 0.2821 0.3552 0.8041 0.7069 0.7341 0.6974 0.6046 0.1907 0.6274 0.2626 0.5041 0.6677 0.2154 0.8634 0.9348 0.9679 0.8810 0.6399 0.7218 0.5559 0.9026 0.5665 0.2012 0.7157 0.4968 0.4395 0.1308 0.9121 0.1311 0.8349 0.7798 0.3531 0.1923 0.7486 0.4120 0.1214 0.4251 0.7825 0.0688 0.7967
50 50
0.0050
0.9999 0.9999 0.9999 0.9999 0.9999 0.9999 0.9999 0.9999 0.9999 0.9999 0.9999 0.9999 0.9999 0.9999 0.9999 0.9999 0.9999 0.9999 0.9999 0.9999 0.9999 0.9999 0.9999 0.9999 0.9999 0.9999 0.9999 0.9999 0.9999 0.9999 0.9999 0.9999 0.9999 0.9999 0.9999 0.9999 0.9999 0.9999 0.9999 0.9999 0.9999 0.9999 0.9999 0.9999 0.9999 0.9999 0.9999 0.9999 0.9999 0.9999
48 43
0.0260
0.4227 0.8864 0.5602 0.1311 0.7295 0.9666 0.1487 0.6468 0.3170 0.4748 0.1296 0.6318 0.9178 0.0552 0.3440 0.7960 0.1804 0.6880 0.4088 0.1401 0.3350 0.0592 0.5886 0.1257 0.0787 0.6333 0.5400 0.3627 0.3019 0.2054 0.5240 0.2768 0.9202 0.6063 0.9911 0.0784 0.6202 0.2848 0.3811 0.7110 0.3195 0.0185 0.1005 0.0202 0.3347 0.1442 0.8665 0.3441
45 40
3.8669
0.1994 0.6366 0.9856 0.1008 0.5166 0.0563 0.9293 0.4848 0.8125 0.2116 0.5773 0.0066 0.8797 0.0822 0.0611 0.6839 0.8466 0.4782 0.6563 0.5393 0.1065 0.9879 0.1065 0.5547 0.9870 0.0483 0.1080 0.5171 0.4831 0.7718 0.5469 0.7735 0.0365 0.9338 0.9686 0.8416 0.6629 0.3573 0.6098 0.7038 0.3188 0.2266 0.8675 0.5065 0.5481
50 35
0.0141
0.6133 0.9303 0.8462 0.5522 0.4085 0.4763 0.8294 0.5259 0.5516 0.8614 0.8245 0.6794 0.6071 0.1261 0.8563 0.2696 0.7395 0.9291 0.8178 0.9639 0.4574 0.5083 0.9937 0.8947 0.3625 0.2842 0.8223 0.1217 0.4400 0.3658 0.1642 0.7443 0.8287 0.5191 0.4725 0.5302 0.6156 0.1127 0.7786 0.7806 0.3049 0.0466 0.6646 0.3301 0.4119 0.3102 0.5481 0.2994 0.6490 0.0081
50 1
50.0000
0.0000 0.0000 0.0000 0.0000 0.0000 0.0000 0.0000 0.0000 0.0000 0.0000 0.0000 0.0000 0.0000 0.0000 0.0000 0.0000 0.0000 0.0000 0.0000 0.0000 0.0000 0.0000 0.0000 0.0000 0.0000 0.0000 0.0000 0.0000 0.0000 0.0000 0.0000 0.0000 0.0000 0.0000 0.0000 0.0000 0.0000 0.0000 0.0000 0.0000 0.0000 0.0000 0.0000 0.0000 0.0000 0.0000 0.0000 0.0000 0.0000 0.0000
46 11
0.0047
0.4863 0.9815 0.7121 0.5329 0.1652 0.9140 0.5250 0.0869 0.5515 0.1847 0.3973 0.0873 0.8962 0.3892 0.5242 0.5108 0.1850 0.2090 0.6066 0.5474 0.8133 0.9383 0.7704 0.8483 0.5005 0.0585 0.2091 0.0588 0.0187 0.8569 0.4013 0.6248 0.6374 0.5756 0.7176 0.8545 0.2808 0.4214 0.2993 0.0779 0.5198 0.7238 0.9766 0.6821 0.3942 0.5081
46 26
0.0228
0.9414 0.1883 0.5036 0.5474 0.5636 0.4840 0.0792 0.0532 0.5965 0.5610 0.5891 0.5013 0.6835 0.0877 0.3952 0.4496 0.2874 0.3570 0.7439 0.8391 0.1572 0.7545 0.5930 0.5936 0.5454 0.9221 0.7395 0.0156 0.3920 0.7461 0.0543 0.1698 0.2884 0.2717 0.3590 0.3843 0.9779 0.4875 0.1224 0.9843 0.5174 0.6165 0.1140 0.9612 0.0124 0.0234
47 4
15.6179
0.4461 0.2495 0.2471 0.1202 0.6085 0.1370 0.6467 0.4135 0.1623 0.8449 0.7181 0.2524 0.1312 0.6633 0.5769 0.3089 0.5729 0.9356 0.5570 0.8331 0.3625 0.8055 0.8758 0.2230 0.7068 0.7665 0.4533 0.2932 0.1326 0.6088 0.3661 0.2100 0.9608 0.0066 0.0253 0.0031 0.7600 0.9332 0.3251 0.8748 0.2219 0.3075 0.9781 0.8503 0.1451 0.8192 0.3856
4 4
1.3999
0.7000 0.6000 0.5000 0.8000
48 19
0.0207
0.4091 0.8933 0.1822 0.6684 0.6737 0.6318 0.9951 0.9998 0.7024 0.0651 0.3410 0.9860 0.1623 0.0335 0.0191 0.1753 0.1877 0.3407 0.8123 0.0919 0.0137 0.6300 0.9506 0.8559 0.8669 0.6838 0.2741 0.3035 0.7608 0.2095 0.3236 0.7518 0.4910 0.2578 0.3778 0.8430 0.7945 0.2687 0.0494 0.6289 0.7330 0.6673 0.3053 0.4093 0.0825 0.3731 0.1158 0.4537
46 32
0.0074
0.1228 0.0644 0.8159 0.4839 0.3149 0.1602 0.6276 0.6958 0.1836 0.1639 0.4647 0.9806 0.3037 0.4802 0.2465 0.4276 0.3194 0.0811 0.2383 0.2716 0.5000 0.2026 0.8226 0.9112 0.4062 0.7604 0.7402 0.1677 0.6933 0.6779 0.4391 0.6311 0.9251 0.9244 0.3628 0.1414 0.0896 0.3178 0.0368 0.8716 0.7006 0.2450 0.2930 0.3518 0.6748 0.3246
50 41
0.0135
0.9740 0.4772 0.9974 0.8384 0.0288 0.4381 0.9134 0.8789 0.6014 0.0398 0.6381 0.5058 0.2833 0.4196 0.0377 0.9427 0.4764 0.6297 0.3676 0.5392 0.5638 0.7097 0.3439 0.5317 0.4887 0.0786 0.5642 0.2631 0.8099 0.8023 0.3413 0.9051 0.4682 0.7859 0.9782 0.7036 0.9256 0.9467 0.0755 0.7566 0.9142 0.0566 0.8641 0.3657 0.4450 0.7679 0.5392 0.1195 0.8660 0.7391
46 29
12.0058
0.0447 0.8011 0.8226 0.9544 0.9815 0.8571 0.5979 0.6635 0.9009 0.0225 0.6212 0.0665 0.9738 0.9752 0.1058 0.2963 0.5212 0.5023 0.0088 0.0650 0.8824 0.2060 0.8801 0.6410 0.9438 0.4530 0.4601 0.5516 0.0028 0.0170 0.2587 0.6100 0.3886 0.6809 0.5251 0.7170 0.1191 0.3387 0.0030 0.8762 0.9640 0.2311 0.8562 0.2751 0.5639 0.1809
2 1
1.0000
0.0000 0.0000
47 26
2.2784
0.4923 0.9917 0.1370 0.8156 0.9963 0.8193 0.0239 0.1005 0.1637 0.1902 0.3553 0.4495 0.5550 0.3364 0.2346 0.9770 0.6506 0.9056 0.0708 0.8419 0.3635 0.1028 0.3084 0.6483 0.9460 0.6641 0.4354 0.7511 0.1277 0.9042 0.1259 0.8278 0.7586 0.6587 0.2816 0.6852 0.3204 0.1664 0.7939 0.6562 0.5519 0.8489 0.1539 0.1305 0.8840 0.7958 0.1427
