100
0
1
2
11
1692
163444
206929
459923
691520
40
999993
612112
908502
241453
926904
567583
718525
994798
999992
930033
25
1250
9
91633
200917
5
7
4
999999
591085
769864
71189
166
476216
933652
609465
859561
151411
58908
842361
12500
323139
999991
125
936133
51830
482657
20
116539
34
864874
832128
999995
369944
999996
984828
8
316091
125000
963821
3
900468
124
938493
479210
594362
943739
109175
210398
558587
61739
1000000
442303
838365
404663
139873
999994
622115
6665
200
434677
794175
959320
446431
270963
249267
328146
438600
685319
790765
999997
382063
521535
570226
555254
365801
406629
10
999998
6
