100
2 3 2
1 1 1
2 1 2
3 2 3
80 8 80
6 22 6
81 1 81
20 13 20
1 17 1
4 2 4
12 13 12
20 10 20
63 3 63
74 9 74
95 6 95
51 3 51
11 15 11
4 1 4
94 3 94
49 5 49
63 6 63
37 1 37
56 1 56
6 17 6
100 4 100
47 5 47
94 8 94
1 64 1
4 3 4
28 8 28
20 9 20
1 4 1
17 10 17
3 3 3
2 49 2
80 6 80
68 5 68
4 29 4
8 1 8
68 9 68
10 5 10
45 4 45
1 6 1
1 12 1
89 5 89
100 9 100
14 7 14
2 2 2
29 2 29
5 10 5
3 37 3
50 7 50
68 1 68
87 4 87
27 10 27
3 1 3
100 2 100
2 59 2
43 4 43
46 9 46
9 2 9
22 11 22
3 19 3
1 3 1
97 9 97
1 91 1
13 12 13
19 10 19
4 4 4
1 78 1
33 1 33
100 1 100
10 18 10
38 7 38
92 2 92
30 12 30
65 2 65
38 4 38
1 100 1
3 34 3
28 12 28
78 3 78
49 9 49
56 7 56
43 7 43
51 8 51
30 5 30
17 11 17
45 2 45
26 1 26
95 5 95
87 1 87
100 3 100
12 12 12
20 1 20
1 2 1
52 10 52
2 4 2
73 7 73
3 4 3
