100
2 1
100 20
200 10
2 2
100 20
200 10
3 2
100 10
100 10
100 10
4 2
9 3
7 1
10 1
8 4
7 4
75516 291042
50692 433566
222111 98952
478268 45954
111321 197432
890568 24679
578956 37962
8 5
3434 379066
11250 38
14050 4
3933 313905
3004 306187
3715 389480
3074 357982
3772 338550
4 1
3788 324127
3047 395352
3512 398319
11824 71
10 4
28636 2001
26805 2676
293638 50
25246 2631
25126 2732
27491 2963
26602 2843
21939 2189
238884 91
263411 33
9 6
29036 2773
27686 2932
257377 79
27119 2652
27038 2798
23396 2790
27073 2229
24716 2445
247240 57
5 3
8694 950708
529023 15624
184008 44919
55924 147798
541926 15252
7 3
22023 2045
234784 47
20425 2200
205211 81
25443 2358
23871 2246
27464 2968
7 3
735375 106468
428524 182706
97210 805410
85383 916973
138382 565781
759383 103102
954536 82023
3 1
15887 4
3384 398321
3111 373727
10 3
18515 41
16823 90
3721 320674
3272 338130
3082 310409
3410 394802
3029 379401
3263 373736
3496 372524
18956 47
10 5
379609 173041
281167 233626
939486 69919
192941 340456
92184 712574
105376 623367
66369 989738
156357 420115
745268 88140
173395 378834
5 3
12628 540702
113652 60078
43214 158004
111848 61047
18972 359898
6 2
95163 436115
42184 983833
679915 61040
115165 360370
890907 46584
768257 54021
6 3
89673 976504
752053 116436
97928 894188
240498 364103
478796 182888
259498 337444
5 1
187770 257571
241047 720202
994096 692750
261045 954185
142615 387958
2 1
3550 379372
16852 26
7 5
231347 348405
85844 938941
490572 164303
256933 313710
125649 641489
106459 757122
135286 595793
7 1
21042 2832
229358 49
26198 2115
28354 2159
29988 2837
20229 2491
219838 68
6 1
349087 198321
121808 568364
237918 290988
270193 256229
521642 132718
234633 295062
6 4
57276 868434
65016 765049
62031 801864
86043 578088
345247 144072
167958 296148
7 3
24914 474841
207358 57052
175715 67326
20496 577195
20819 568240
280782 42133
32996 358534
6 2
186846 361751
176553 382841
139648 484015
138099 489444
804424 84025
258656 261319
8 6
15833 35
3910 352542
3033 311907
3943 338439
3488 368880
16579 7
3540 339703
3172 340020
4 3
26508 2188
24924 2265
20169 2733
267105 58
2 2
5304 623007
137547 24024
5 3
280809 24
220184 1
28188 2104
28495 2385
23147 2485
3 1
297852 74
29924 2371
27251 2236
4 3
21691 2072
239755 46
27700 2526
22009 2134
8 5
3502 359314
3892 360671
15940 17
3268 312991
3961 330573
14314 35
3007 307879
3422 392444
2 2
109388 83538
19656 464899
10 2
3181 344264
3728 339534
10533 10
18160 97
3178 365792
12117 6
3020 314438
3376 308010
3304 319591
3729 356259
4 3
108747 906928
377995 260918
201677 489028
358446 275148
7 4
80808 52173
350982 12012
372372 11322
486948 8658
706552 5967
4433 951048
51051 82584
10 6
3168 393407
3790 364273
13686 48
19537 55
3562 319619
3079 356059
12607 58
3045 341877
3903 387402
3920 355038
9 6
277430 241481
169531 395173
254559 263177
284430 235538
206102 325053
209024 320509
301608 222123
75438 888068
97301 688524
8 4
616553 247185
435064 640891
89331 787197
947732 31640
762518 194389
439123 879946
324031 846238
536949 939191
2 1
26879 2213
250011 71
5 1
404486 805930
372686 155762
85022 968909
395832 611031
560429 928974
4 3
53665 911976
59817 818182
54191 903124
73462 666211
7 2
268994 80
26399 2429
23341 2622
29321 2000
26432 2391
266590 31
23566 2061
9 2
540154 632675
428038 976520
838082 24533
529358 320823
89825 402924
500559 984016
12479 821190
344182 302581
169339 126649
10 10
1000000 1000000
1000000 1000000
1000000 1000000
1000000 1000000
1000000 1000000
1000000 1000000
1000000 1000000
1000000 1000000
1000000 1000000
1000000 1000000
4 2
220926 910391
679744 203278
183432 626886
973129 248274
10 4
226895 69
27285 3000
25920 2712
277660 56
27660 2639
26920 2153
21106 2999
283911 19
27483 2790
27799 2263
9 6
483840 974328
227924 269839
402327 262508
788609 512324
52934 322062
754212 407765
104760 689894
533696 336386
996067 92277
10 7
984214 823110
476302 34436
720896 162234
15916 962005
834982 978375
680647 157769
171775 91666
418665 876419
339452 883693
195664 337289
8 6
3310 398895
3933 307096
3869 347729
17753 2
3389 385201
3042 395230
17591 12
3296 350083
5 2
156363 262665
227788 180304
115732 354881
256558 160085
176700 232434
5 3
3268 357196
3699 344217
10999 3
3323 302491
12211 25
10 5
946035 99394
911184 393551
144478 7657
796210 322257
643258 678398
668513 918235
618847 18734
321961 850569
270794 298727
174821 997320
6 4
18281 96
3810 310679
19756 62
3886 391629
3737 342872
3887 378732
7 4
84456 456617
244237 157896
46053 837384
567987 67896
951048 40549
83076 464202
888552 43401
4 2
34439 856039
228085 129255
873489 33751
58832 501107
7 1
890268 757605
43201 203625
864808 458915
476374 532660
871755 297825
310779 39439
845553 861554
9 3
127884 279550
229670 155658
75715 472165
606240 58970
334140 106991
638552 55986
83568 427795
148443 240833
159369 224322
10 5
80351 747089
658968 91096
81952 732494
248816 241260
93645 641031
283505 211740
182475 328973
515238 116508
152317 394108
835656 71835
5 3
259375 633466
695388 170077
69383 707148
112419 974217
498854 536943
9 2
25393 2160
26124 2568
26896 2132
22071 2757
249281 26
233518 25
20180 2257
25688 2870
27057 2661
4 3
112217 343656
40936 942057
55944 689333
343656 112217
5 3
21439 2131
221905 65
29569 2231
21096 2425
234050 20
7 4
43214 186732
10013 805896
8892 907494
70091 115128
18972 425334
9594 841092
160797 50184
10 6
446121 10472
24354 191828
64449 72488
14756 316602
199342 23436
918918 5084
61992 75361
18819 248248
796824 5863
117096 39897
3 1
276489 65
26808 2187
20924 2250
7 5
51390 228588
653963 17963
52926 221954
24535 478791
154759 75906
69948 167941
242494 48443
5 2
17573 38
3588 387658
3541 381245
3797 364600
15267 14
8 3
879996 68864
112974 536407
537344 112777
154482 392279
84563 716626
406488 149082
152188 398192
175213 345865
5 3
430411 878330
836393 477932
213847 115388
290762 411337
755934 964204
6 3
3258 357306
3001 364696
10463 37
3773 389683
3328 376391
16911 66
2 1
195887 308500
440849 137079
1 1
1 1
7 2
441756 713753
377846 27089
824594 438137
421437 151927
565465 557473
205567 879715
210949 845938
6 1
10779 45
3978 373320
3553 334998
15163 66
3135 315445
3062 321308
8 2
27118 2892
21664 2174
26444 2646
22619 2624
286888 97
221174 82
21556 2434
24845 2543
2 1
489461 909490
860066 452263
4 1
3706 387780
3568 302542
19440 6
3375 320645
3 1
583769 178159
947311 522846
719640 897191
5 3
196707 32472
74936 85239
84303 75768
10332 618222
596904 10701
4 2
24134 2141
26729 2150
24639 2737
291634 15
6 3
992221 924190
900241 27123
534800 874351
23809 672333
253210 28726
24230 219157
3 1
16827 40
3289 354912
3744 324406
5 1
952214 200211
577655 208708
490756 247258
500655 67069
341233 223455
7 2
15842 90
3082 322004
3916 326341
3232 332058
3244 373026
19636 62
3679 305198
6 3
24421 2127
288643 28
264607 32
26672 2891
26422 2867
28602 2832
5 3
681912 4199
891176 3213
3762 761124
182286 15708
238374 12012
2 1
816565 217383
892123 51438
3 2
288219 981108
969886 554978
166651 11962
8 5
652023 55384
287928 125419
137256 263097
51336 703437
53406 676172
36708 983754
168264 214613
80073 450984
9 2
28449 2667
201039 61
25805 2083
26394 2783
205029 46
26391 2744
28734 2489
20479 2642
28752 2119
9 5
513162 33292
26187 652392
60639 281736
38454 444276
50184 340431
21924 779246
381582 44772
40936 417339
20358 839188
7 1
3188 346904
3688 388679
3825 371903
19141 83
14900 7
3243 392391
3726 341756
5 3
470764 48546
463884 49266
117691 194184
23994 952476
65016 351509
5 3
7308 700986
6612 774774
10621 482328
344344 14877
8892 576114
5 3
9269 833112
10556 731538
189658 40716
14326 539028
583947 13224
4 3
415251 35112
123453 118104
34314 424908
102168 142709
5 1
240043 327394
147124 534166
988412 79510
220852 355843
946737 83010
9 6
483162 259185
320293 3961
546793 866494
439460 725475
623675 400487
914067 618976
821044 224846
240896 932216
786483 367859
