100
2 1
100 20
200 10
2 2
100 20
200 10
3 2
100 10
100 10
100 10
4 2
9 3
7 1
10 1
8 4
4 2
3373 384426
3793 358121
3848 301853
18482 95
10 3
24312 2179
23215 2500
29999 2715
255656 2
243858 49
21814 2262
24238 2943
23447 2296
25929 2960
274904 89
4 1
104534 834744
469893 185700
333302 261802
742751 117481
10 5
730461 94624
155471 444579
843194 81973
918942 75216
396949 174126
246877 279974
472907 146158
138421 499340
997419 69298
886734 77948
10 6
602888 6993
121212 34782
324632 12987
4914 857956
55692 75702
285714 14756
12852 328042
144522 29172
40579 103896
106392 39627
2 1
26256 2015
251042 66
3 2
475683 158135
215234 349490
138723 542247
2 1
3013 307707
18847 1
1 1
1 1
7 1
23670 2450
25668 2345
20130 2287
293514 39
21936 2848
26403 2082
291594 62
2 1
29901 2103
220759 19
4 2
80362 782915
308563 277835
220574 4850
820116 820926
3 2
48090 397259
907745 217772
51650 676707
8 5
162393 21528
17556 199134
18837 185592
34632 100947
269192 12987
35742 97812
929292 3762
55944 62491
2 1
11795 93
3134 375921
6 1
144578 118550
426570 435672
75000 682753
257498 246275
650911 707760
867193 712209
4 2
200488 18
28592 2979
24220 2538
29801 2365
7 1
655341 749775
141673 140196
194251 989016
141524 258579
367642 815920
332729 493388
326617 8465
7 3
206171 62
27328 2486
28503 2411
260295 8
24538 2585
26854 2411
22994 2416
2 1
13921 65
3134 362929
8 5
175644 219558
47601 810152
171828 224434
85914 448868
295596 130462
50439 764568
104673 368424
197064 195693
4 2
153838 525606
488761 165435
216391 373667
417835 193517
8 3
660431 101713
404975 165873
429765 156305
437587 153511
74531 901295
87566 767129
585449 114740
556052 120806
3 2
143964 126854
20664 883779
475881 38376
5 3
419594 36828
966042 15996
56287 274536
58652 263466
417384 37023
2 1
232202 11
27819 2512
3 1
267383 52
26005 2786
24367 2887
3 2
21968 2905
275822 48
28336 2960
9 3
3664 316364
3551 386732
3761 302817
3700 398446
3295 338991
11147 26
3018 397110
17029 3
3252 307022
7 4
480438 57868
474858 58548
137268 202538
155992 178227
150552 184667
818524 33966
263097 105672
10 7
122227 721094
223266 394763
353892 249051
191328 460660
131435 670576
312253 282262
375688 234602
271107 325101
124516 707838
131435 670576
7 5
408224 896093
545730 626561
148795 856359
538059 478729
494160 287779
158887 293868
287305 494844
8 2
3876 308850
3030 354416
3212 347380
14059 38
3974 382068
16943 77
3077 389325
3501 343810
10 10
1000000 1000000
1000000 1000000
1000000 1000000
1000000 1000000
1000000 1000000
1000000 1000000
1000000 1000000
1000000 1000000
1000000 1000000
1000000 1000000
6 1
657069 20663
50327 269776
58927 230404
99485 136473
107174 126682
21807 622599
5 1
23303 2211
23290 2696
26205 2609
201424 25
267084 65
9 3
3102 350807
3831 331537
3900 386436
13380 11
3142 353820
3888 310824
12030 57
3310 345024
3194 356911
5 3
523032 46053
120916 199206
33411 720936
317254 75924
83979 286824
7 3
858636 622367
68448 746090
222450 222559
211530 329406
220467 840159
700400 804590
210960 524630
7 2
750400 212926
28674 435141
262587 234593
445439 439854
323822 576824
326873 713042
17870 861795
4 3
13244 715122
113652 83334
35948 263466
40392 234479
5 3
29512 666333
218178 90132
336168 58497
275094 71484
20677 951048
6 1
12235 42
16528 43
3375 382821
3837 331790
3160 360332
3567 347490
7 4
357864 111069
101556 391386
42476 935766
160433 247752
223944 177489
155961 254856
91512 434343
3 2
226366 143964
905464 35991
42957 758632
3 2
601870 142249
112808 758948
208759 410116
4 3
45322 226044
28152 363909
142324 71982
945438 10836
3 1
3498 327887
19775 3
3306 300177
7 3
376060 127374
251876 190174
111474 429699
699325 68495
52240 916927
244439 195960
957450 50029
7 1
306243 210255
276487 232883
345163 186547
164527 391359
87672 734432
114663 561551
117747 546843
6 4
539075 154726
383761 217346
515857 161690
142952 583475
129559 643791
121719 685258
2 1
228617 93
27473 2804
9 6
3563 305933
3126 385369
14993 26
19320 74
3128 380258
3195 320332
3276 390391
3581 376788
3447 337084
10 4
367176 123012
111388 405493
334933 134854
156249 289071
116994 386063
201735 223893
75622 597274
171134 263928
251340 179705
54204 833279
4 3
900347 494445
988913 75473
603264 117888
143733 553601
7 4
903437 433371
281360 651081
163542 597183
202324 241803
271506 755223
758986 297436
592914 378111
9 3
3660 391064
3970 308883
19250 83
3925 324959
3605 374581
3222 384231
3742 386360
3471 378509
11523 32
6 4
14652 583338
12654 675444
286824 29799
85272 100233
67932 125818
267288 31977
2 1
65643 704000
106818 432630
8 5
870802 630017
569728 35737
646308 318080
931388 413151
321097 576451
138907 940748
696933 51485
610944 916908
3 2
70091 327672
215118 106764
24149 951048
6 4
56 555609
367477 865455
752604 578308
123258 217088
408651 530197
22076 476890
9 3
3116 345643
3721 359537
3315 360827
3820 359158
14394 64
3775 320814
14030 66
3252 340909
3563 399157
4 3
23436 394174
168264 54901
480438 19228
89838 102828
10 6
761666 982091
566218 445187
355714 444511
210315 516347
945332 84543
842844 571543
684124 372578
41766 349725
34419 807343
578125 721949
7 5
923019 80998
400518 186665
270595 276290
87304 856349
95482 783003
354544 210870
116484 641828
9 5
183483 75768
34188 406638
898884 15466
80388 172938
570836 24354
14364 967846
941688 14763
813276 17094
17138 811188
2 1
744938 709389
476775 411545
3 2
241049 285865
105350 435187
103314 799361
3 1
593972 47198
454825 887050
242386 269466
2 1
596942 793323
63387 529895
2 1
16537 56
3686 371672
9 4
28604 2805
22311 2958
25525 2828
27150 2170
262449 95
239407 91
20122 2478
22933 2658
25258 2582
7 4
82394 793115
981421 66585
371747 175786
482593 135410
539566 121112
298346 219034
275192 237463
9 5
514878 17028
15867 552552
39468 222138
14924 587466
237636 36894
147108 59598
715176 12259
774774 11316
282854 30996
6 3
23565 2362
21626 2776
289702 54
26496 2241
20560 2394
282221 1
2 1
18554 92
3087 307175
7 3
29000 2477
29727 2459
288680 98
293366 22
20104 2465
22892 2943
29431 2204
4 3
32292 183106
10373 570024
9338 633204
132066 44772
4 1
18986 555100
57714 188003
587024 857864
935665 334056
7 1
23139 2036
299305 91
21236 2909
26796 2012
26071 2895
277044 37
21029 2633
5 3
345151 43716
41089 367218
869010 17363
35623 423564
188053 80236
8 2
26414 2936
252345 100
24810 2571
25641 2151
24790 2526
20553 2031
280683 51
26417 2800
4 2
18980 90
3315 351877
3374 356756
3315 312562
8 4
998511 556295
86890 568940
504541 688047
328818 187195
257930 543307
293106 98456
927051 794566
687748 801147
2 1
3054 373047
18574 74
10 6
8556 774774
115713 57288
8073 821128
467883 14168
12012 551862
21528 307923
500526 13244
10664 621621
65274 101556
203112 32637
5 3
304823 37488
151525 595214
112744 394040
227487 480779
779662 583644
9 5
581557 126784
188229 391715
790693 93250
792810 93001
678958 108596
89315 825529
961945 76649
488386 150971
760517 96950
10 3
3257 324596
13285 67
3013 365008
3373 337225
3392 354593
3989 364570
3367 386806
19738 86
3019 313280
16186 28
3 2
20398 2179
27449 2048
276021 89
7 5
16651 43
3914 310806
12321 64
3430 314575
3767 305648
3079 305246
3659 354055
10 2
934750 43714
58108 703202
173581 235404
45095 906124
139316 293302
136201 300010
447544 91302
166157 245922
56462 723702
529399 77185
7 2
139339 632964
578843 152367
807343 109243
93688 941386
265044 332762
92142 957181
99514 886273
9 4
272652 48
21268 2256
28766 2172
25773 2485
285288 7
23290 2504
23850 2304
26861 2044
28132 2026
9 2
13939 35
3019 304413
3829 385833
14229 69
3859 328447
3395 353120
3949 324833
3289 345159
3524 320312
