100
2 1
100 20
200 10
2 2
100 20
200 10
3 2
100 10
100 10
100 10
4 2
9 3
7 1
10 1
8 4
7 5
155889 278777
170161 255395
97627 445146
202139 214992
302249 143783
72436 599954
57643 753921
6 3
925313 647847
45904 126341
329196 150680
449870 156153
597041 515484
496547 873839
9 3
602371 93854
178609 316529
922733 61269
59078 956954
370342 152656
591902 95514
515242 109725
90852 622275
109522 516197
4 1
929984 349233
757634 958680
641443 91181
876858 335107
9 3
215368 255758
85345 645405
643723 85568
705141 78115
640549 85992
103303 533209
617028 89270
514142 107134
690295 79795
3 2
509082 42804
984492 22134
38502 565964
3 2
117096 186093
50184 434217
351288 62031
7 4
756502 108343
225037 2701
169733 158380
459021 33009
357259 660158
734158 5067
425377 240754
3 1
18981 63
3071 316046
3542 336234
2 1
163505 73248
428341 27960
4 2
93640 567434
943758 56301
400028 132827
216095 245885
7 1
792521 125738
579145 172064
183348 543502
751480 132605
943566 105610
205766 484288
734622 135648
8 3
102262 345094
171818 716999
645555 65369
547745 95942
418245 290849
962570 132117
291527 342840
954057 241000
10 2
223077 63
25047 2810
27816 2716
26043 2173
257181 8
20337 2810
21243 2854
291769 14
23589 2887
25834 2009
9 3
18257 40
3933 356169
3042 370172
3180 395539
3748 370275
3289 343831
3318 303464
16250 82
3084 383290
8 6
352003 984840
185397 998562
807858 742304
785979 85133
255896 546333
320650 298752
271027 475135
631617 655907
8 6
3257 351313
3968 334579
14098 47
3467 310025
3477 350959
3190 337866
3605 318087
16164 15
6 2
20846 2201
222197 55
235192 73
22995 2289
25995 2421
29714 2893
7 3
3116 355280
16963 92
3260 383679
12525 74
3252 384562
3739 396138
3760 366042
4 3
268801 55944
247752 60697
433566 34684
60088 250263
8 2
4000 354539
11672 96
3330 393000
3279 319913
3508 390532
3570 396907
3798 315955
13803 75
10 3
3815 338675
3712 373606
16100 37
3939 355187
3275 377254
3842 336408
13813 85
3339 376672
12450 55
3924 305323
10 6
102504 638619
749076 87389
81171 806458
295335 221650
219867 297730
842549 77694
102107 641102
398970 164075
584202 112052
122422 534716
2 1
921493 637402
374216 639779
2 2
782772 74214
503874 115292
10 6
149976 177363
661861 40190
945079 28146
761594 34927
261296 101801
93909 283255
64637 411532
95762 277774
35132 757150
188420 141175
5 2
20393 554871
168385 241037
15208 811825
828964 106086
950892 274045
5 3
3398 366806
3495 338118
18137 97
16163 3
3148 398371
9 2
24379 2924
24518 2135
28045 2855
27648 2425
28076 2830
205923 98
275722 44
28024 2879
21572 2085
3 1
694317 125545
473984 183905
112335 775965
7 5
17674 28
3172 332222
12208 41
3372 335542
3120 358232
3181 306022
3352 337982
4 3
134630 888443
207200 787222
359102 566289
196660 479139
6 3
235240 26
23684 2315
22237 2604
25693 2067
27677 2260
253490 38
3 1
24554 2794
205341 5
21117 2143
5 2
25794 2483
29952 2628
24205 2757
254983 68
288662 81
9 5
37324 306774
140868 81282
667368 17157
37107 308568
64584 177289
102942 111228
40641 281736
311922 36708
112746 101556
5 2
3360 377174
3064 361466
17501 78
3338 334232
11502 77
10 10
1000000 1000000
1000000 1000000
1000000 1000000
1000000 1000000
1000000 1000000
1000000 1000000
1000000 1000000
1000000 1000000
1000000 1000000
1000000 1000000
3 2
25704 507529
120582 108188
52836 246906
10 3
20195 2377
26581 2863
21335 2384
21820 2338
24303 2390
26502 2125
29928 2390
268449 43
271587 72
215272 35
3 2
125829 37128
644028 7254
973896 4797
4 3
418334 843556
425863 925883
747862 789190
444943 93732
10 6
340956 27778
59598 158916
239768 39501
175644 53922
51471 184008
14364 659362
13167 719304
10824 875007
196308 48246
298452 31734
5 3
50778 225492
925704 12369
56373 203112
13416 853461
122636 93366
3 1
106056 503713
263098 203049
742392 71959
4 2
25396 2843
24499 2083
24048 2038
272477 5
10 6
9614 422604
191268 21242
9108 446082
150328 27027
13156 308826
32637 124488
173052 23478
225492 18018
16744 242649
747684 5434
7 3
3148 345267
19238 49
3994 368479
3817 346024
10594 24
3327 385118
3464 349937
5 3
246687 88
21012 2817
23746 2848
273290 1
26488 2428
2 1
29481 2838
221760 53
6 4
391644 45066
60088 293733
65527 269352
18216 968919
261096 67599
79464 222111
9 5
434214 26404
239768 47817
95634 119884
34056 336651
27324 419594
34408 333207
154836 74046
201756 56826
47124 243294
9 6
3847 352344
3748 365564
3013 342806
3221 376520
3239 379299
13570 9
3760 390155
14935 6
3186 332925
7 2
75448 53514
251353 855174
805544 476938
793138 8766
466527 83496
292188 404356
953858 510480
9 2
492119 179921
315859 280323
588839 150368
607471 145756
362192 244463
166765 530942
113496 780138
242114 365706
333047 265856
3 1
255667 384852
120956 813469
354500 277557
3 2
462368 43053
651769 30542
26661 746646
2 1
17800 48
3861 347407
7 4
300699 33176
51948 192038
10836 920634
46139 216216
13416 743589
102168 97643
111111 89784
8 6
549743 119123
100672 650499
664870 98496
117929 555309
130838 500520
76259 858745
155230 421871
98126 667377
3 1
178256 676730
334322 396360
314043 279996
6 2
146771 108105
86955 182470
81439 194829
202487 78359
323045 49116
550716 28811
2 1
983280 240408
396477 12267
9 6
115839 364080
115389 762330
190353 620569
200305 681321
707791 780133
660730 185479
743780 569706
208861 342373
930270 749063
9 3
812945 185780
863241 505526
55851 45008
945872 79694
627875 16823
817075 487559
596239 347781
290947 575734
609861 168903
4 2
651503 719763
616918 188063
712754 739154
926444 94252
8 5
764568 34017
173604 149814
147798 175972
80852 321678
306153 84952
476238 54612
36482 712908
577116 45066
3 1
11809 88
3711 367189
3731 373986
2 1
3110 360586
10315 10
2 1
121241 160262
297614 65287
3 1
3701 385390
3743 332298
16280 32
10 3
29898 651372
25382 767265
272633 71432
110201 176720
984865 19774
57681 337628
754191 25822
394273 49394
841386 23146
76441 254768
3 2
585204 119916
734102 400978
767180 907252
10 6
798252 12654
266084 37962
17544 575757
30186 334628
66822 151164
351611 28728
932178 10836
493506 20468
15096 669123
399126 25308
8 2
26589 2931
25863 2908
222407 64
29656 2721
22371 2757
249406 75
27788 2284
26749 2189
5 2
535563 967442
148048 306825
206374 986338
847364 78501
517352 964077
2 1
680578 65298
549651 80852
7 1
257811 4
26678 2329
26658 2432
26390 2917
20523 2764
284012 96
23532 2000
3 1
21008 2371
28312 2125
233019 96
5 1
229050 4
28096 2835
20125 2109
256912 47
21486 2636
5 3
3852 321125
3881 378492
3925 301588
12026 55
14266 56
2 2
19437 428904
91908 90706
7 3
3772 397041
17503 93
3726 375966
19677 3
3951 306755
3815 355562
3818 331973
8 3
20254 2861
20970 2962
27268 2682
225959 39
21928 2333
27524 2790
26360 2383
205030 65
5 3
356454 14212
346104 14637
72611 69768
282744 17917
39032 129789
10 4
28728 2543
27403 2662
23268 2454
226926 88
27315 2102
200474 58
268275 85
25095 2470
20179 2579
20162 2374
8 6
28609 2725
20585 2819
24712 2194
23036 2803
29311 2112
21626 2921
212630 28
268179 53
1 1
1 1
7 4
391468 25974
247752 41041
82082 123876
56826 178932
984126 10332
681318 14924
251658 40404
4 2
3737 385353
14514 72
3203 368930
3295 368369
7 4
294872 300699
89784 987567
339822 260924
287928 307951
213528 415251
138417 640584
471366 188108
4 3
28935 2511
28246 2962
262772 1
22165 2072
4 1
18269 76
3983 352988
3165 354911
3732 322760
6 1
211139 821129
372546 884854
466242 711254
945862 263775
834418 713905
397043 205069
10 7
188573 165358
344131 90611
114279 272859
994865 31343
38745 804802
253525 122994
287006 108646
61663 505685
44380 702615
31237 998241
3 2
953711 427981
685109 658326
839481 517404
