100
4 3
4 5 6 4
4 2
4 5 6 4
3 3
1 1 1
100 3
25 25 68 85 22 35 42 48 90 38 82 4 38 8 46 43 85 23 86 97 22 34 40 40 6 25 16 64 16 34 61 84 89 48 98 50 94 91 76 64 76 39 25 64 43 83 59 10 37 58 92 49 67 65 67 5 93 88 26 1 94 95 73 4 34 28 52 65 74 66 35 10 80 44 41 88 85 9 94 91 1 13 71 85 16 37 94 43 4 55 82 55 64 56 82 48 39 2 98 11
100 3
16 91 41 41 50 73 68 8 10 28 47 92 11 88 50 68 2 54 53 45 80 83 69 94 5 79 92 45 95 80 83 55 35 41 5 38 20 2 15 74 32 3 47 26 86 89 87 74 89 63 61 53 5 95 83 95 26 77 29 50 86 69 98 20 47 98 92 17 83 32 62 74 53 34 14 68 35 37 90 90 44 71 22 66 48 5 29 85 31 53 71 54 84 56 71 11 63 92 29 35
100 3
80 10 76 80 30 79 10 52 43 65 47 73 73 61 76 13 46 53 86 40 26 2 43 26 55 64 21 73 16 63 3 7 34 57 47 13 68 41 37 82 52 67 33 71 61 91 13 70 44 40 5 28 26 55 84 91 97 2 23 48 70 12 38 60 71 40 91 43 46 94 71 22 44 73 50 94 18 31 70 4 76 40 25 82 49 82 11 76 77 10 71 34 76 42 4 23 34 42 66 97
18 3
27 61 83 36 43 77 68 40 23 91 68 74 37 38 53 16 98 20
100 3
85 62 29 23 84 76 3 76 5 1 40 11 34 55 77 67 38 25 49 96 4 97 90 81 61 64 43 21 10 80 10 20 78 55 24 7 62 52 76 15 45 52 3 46 52 34 9 82 97 51 88 59 56 43 97 46 55 43 1 4 56 71 79 61 79 18 55 9 50 14 48 85 95 98 71 40 79 64 67 55 98 73 91 43 47 32 22 38 22 88 88 17 73 74 46 46 89 73 23 55
100 3
95 70 2 26 78 95 88 85 9 39 29 8 82 63 91 32 40 73 91 85 51 73 25 17 88 46 11 46 12 68 43 40 69 29 76 81 94 19 90 43 64 10 77 79 76 26 22 27 17 97 42 25 22 38 44 43 26 10 11 28 89 15 4 12 22 10 46 97 58 10 94 82 62 76 74 79 83 55 70 95 43 14 11 47 31 11 19 57 10 87 25 2 28 50 56 78 46 70 38 14
100 3
41 83 64 89 11 42 1 50 82 53 71 58 71 50 92 17 58 20 98 52 35 62 14 17 98 71 70 40 67 54 24 8 77 53 50 41 16 71 5 65 89 38 5 30 53 71 7 18 67 39 31 26 49 10 38 58 89 59 8 91 31 17 28 71 97 23 48 17 64 92 64 75 63 81 37 63 50 8 56 41 56 68 86 64 50 64 90 62 80 92 61 62 44 92 87 18 17 1 61 89
100 3
16 78 23 38 2 30 20 22 70 6 94 10 1 46 20 52 79 38 43 62 85 93 59 88 11 30 59 86 98 89 35 47 35 26 35 47 70 67 29 1 38 32 68 74 11 10 86 33 4 43 71 56 29 67 46 83 20 98 17 46 89 71 54 32 17 13 23 23 65 53 44 55 38 57 85 44 92 72 67 27 26 64 97 50 50 77 29 11 62 29 8 70 17 17 25 79 61 43 11 89
1 2
47
100 3
11 6 14 96 56 61 75 17 1 70 23 68 5 87 77 59 92 26 50 83 29 80 64 43 92 22 11 4 95 98 44 98 97 63 98 11 53 38 49 45 14 53 55 35 41 83 65 26 58 25 37 19 35 14 44 40 61 80 67 59 2 60 4 79 41 92 59 50 94 26 95 95 16 3 59 95 68 41 41 32 50 16 87 10 38 71 39 89 23 44 23 41 70 38 5 29 77 22 71 54
12 3
98 63 88 71 97 70 73 78 61 20 86 44
24 3
46 70 53 94 95 2 70 85 1 15 90 8 95 88 6 27 70 10 86 7 53 70 76 58
100 3
79 42 57 19 27 46 84 82 18 96 56 22 78 62 14 73 68 83 47 50 69 34 96 59 74 13 7 86 87 85 40 28 41 26 45 43 93 51 51 44 42 72 76 96 30 5 39 26 53 88 70 16 46 35 33 52 52 77 91 18 6 28 49 69 62 98 39 67 25 46 39 37 82 25 77 53 94 72 26 53 35 1 23 2 89 24 79 59 47 70 81 9 3 55 24 71 20 95 36 90
23 3
89 32 55 97 17 97 31 68 44 32 31 47 35 50 44 62 94 47 71 94 47 52 5
100 3
4 89 62 22 16 92 19 27 36 41 45 85 91 67 55 14 8 85 88 61 19 52 73 49 7 20 10 76 85 70 71 61 10 88 58 55 85 49 88 41 25 94 49 46 92 35 79 28 4 21 79 4 95 70 82 75 80 85 4 58 51 4 76 76 95 55 52 85 83 86 19 77 34 37 70 85 88 7 44 16 2 97 86 61 16 20 12 54 13 61 32 19 34 34 79 1 31 62 31 91
100 3
14 24 67 69 76 7 36 97 44 2 70 59 55 8 59 52 91 73 85 71 51 68 47 5 58 15 53 2 14 65 89 71 14 29 2 86 5 34 72 57 80 13 77 59 38 20 11 85 77 68 9 8 88 38 51 62 89 65 63 82 35 47 71 26 16 21 11 33 88 98 72 42 44 92 71 74 53 17 28 71 77 88 29 56 88 68 86 8 93 65 44 82 35 58 61 32 38 88 53 61
24 3
95 56 92 68 31 1 86 2 47 71 61 67 26 56 35 82 74 97 83 6 91 73 59 98
20 2
65 94 25 85 78 34 60 32 30 91 81 21 19 55 88 14 24 7 42 28
2 2
31 41
100 3
50 28 37 52 52 83 43 82 76 91 62 94 6 17 62 51 85 23 1 6 17 49 82 88 13 59 45 17 14 83 56 82 40 58 38 49 5 16 4 88 92 23 34 8 35 60 91 59 67 28 69 4 80 79 65 29 36 19 73 58 31 79 23 16 4 37 57 70 76 86 28 43 37 25 22 46 86 97 51 32 7 66 73 64 57 46 5 85 70 65 43 31 61 16 59 39 72 67 1 97
100 3
25 44 4 2 29 55 52 67 97 80 5 95 8 53 50 89 29 2 87 36 69 73 3 32 38 32 56 48 13 41 4 47 31 14 41 66 89 81 32 53 70 46 18 2 53 79 77 26 96 1 32 40 71 30 17 44 4 46 56 86 88 23 29 59 44 7 56 89 68 26 92 82 20 35 53 55 53 85 20 1 41 53 57 36 92 69 47 38 2 77 29 49 86 37 41 61 8 26 22 94
100 3
71 21 16 17 48 47 92 34 17 65 20 29 84 52 70 15 65 87 55 37 50 83 71 52 69 95 40 83 70 25 26 95 26 5 2 83 44 67 59 57 29 55 89 55 67 38 37 41 70 62 54 77 64 38 95 94 40 73 52 8 65 37 2 95 26 14 46 68 57 25 9 49 32 2 84 95 68 47 65 32 55 67 26 88 2 19 86 95 88 79 98 92 3 8 5 10 68 1 89 8
11 3
7 53 82 19 23 80 49 43 1 59 14
2 3
19 7
100 3
94 73 14 88 17 37 25 84 76 57 20 37 70 67 23 11 91 72 83 22 72 87 30 20 21 82 28 82 10 38 41 10 62 34 53 18 22 96 57 34 85 91 58 4 3 90 25 92 8 19 85 67 59 44 35 79 12 4 7 49 25 25 7 26 19 83 67 4 20 36 25 98 82 57 7 36 47 65 40 19 25 97 46 70 47 67 90 49 41 34 23 13 62 20 74 80 82 80 34 91
100 3
58 50 25 41 46 25 80 62 9 58 32 77 59 7 53 62 16 41 8 26 58 59 53 50 2 29 19 74 11 3 37 34 56 68 71 24 47 4 85 37 63 70 76 70 80 59 59 2 5 70 86 2 56 14 19 83 46 95 28 88 73 51 12 11 53 41 65 50 42 47 50 31 74 76 10 76 38 59 77 68 79 33 58 74 42 8 68 80 62 98 55 92 40 29 48 6 68 93 86 53
100 3
17 29 52 67 1 86 43 10 4 8 32 86 82 47 4 49 19 97 72 34 88 14 40 80 65 10 86 8 10 64 32 26 93 10 52 79 67 67 6 10 34 98 47 61 31 93 43 32 7 7 4 53 72 10 47 84 60 98 76 86 88 38 68 2 44 67 91 90 35 52 69 13 68 95 83 76 91 71 85 73 52 97 37 95 28 58 37 67 40 59 85 22 34 19 43 28 82 73 64 84
100 3
89 29 92 50 85 68 17 26 37 5 95 94 13 44 68 97 26 27 46 19 50 68 64 98 35 11 67 89 84 58 68 23 62 50 68 64 29 38 44 82 92 50 71 89 68 52 58 53 32 2 9 80 43 42 14 98 90 41 74 88 10 28 5 47 94 29 11 50 53 83 44 10 86 98 38 38 47 62 20 16 59 14 50 79 94 33 92 20 44 41 16 2 23 14 29 14 41 86 71 1
100 3
14 29 40 61 73 68 30 73 28 79 16 5 64 61 73 98 94 40 60 7 31 38 93 94 61 44 51 67 40 46 97 62 73 56 85 10 13 2 55 16 25 62 50 98 9 1 19 52 7 51 13 78 86 20 70 91 85 31 79 1 67 58 50 40 37 58 1 2 49 4 69 79 61 5 8 23 43 55 56 25 38 70 22 1 63 25 2 1 38 43 94 41 62 86 1 76 46 49 13 58
1 2
50
100 3
79 25 58 47 56 95 28 8 91 34 16 80 82 10 73 61 97 51 4 62 70 59 2 22 4 62 17 14 58 26 26 13 25 12 62 51 82 59 90 40 14 46 77 43 1 4 23 25 45 34 49 76 11 64 87 49 52 22 57 80 97 59 46 44 80 43 77 72 76 98 19 90 58 43 7 3 61 43 88 26 53 11 46 91 31 7 49 34 28 58 82 33 82 7 62 53 17 11 55 80
100 3
26 34 7 35 19 95 59 94 68 47 11 92 86 86 77 35 74 3 59 43 58 41 20 47 62 89 80 80 86 13 68 74 53 81 81 8 7 83 20 45 42 32 38 77 36 7 23 10 34 41 5 92 89 88 68 71 6 95 65 14 74 94 58 20 25 12 83 98 4 47 44 89 76 17 8 92 83 10 92 20 20 47 71 22 82 59 59 32 88 56 77 68 80 75 43 80 12 86 68 53
2 3
41 23
100 3
77 35 76 34 23 59 9 79 72 80 20 71 50 26 59 47 14 69 68 40 46 65 55 53 53 98 35 77 59 68 83 13 32 17 50 26 45 20 94 96 72 50 59 35 23 89 21 14 70 94 47 65 83 32 69 20 18 61 59 62 70 59 55 32 35 83 72 14 22 61 95 86 88 24 23 1 2 8 50 34 65 44 94 67 56 61 60 59 50 53 24 80 41 59 32 8 63 1 11 29
100 3
43 39 92 16 46 25 31 58 40 53 97 34 67 97 76 1 86 10 37 79 38 88 31 58 59 11 19 52 52 95 1 95 56 73 86 55 16 55 20 16 13 70 98 19 55 85 95 87 11 68 10 10 65 90 25 65 22 7 31 70 89 49 40 76 71 65 67 95 59 78 8 75 37 55 65 14 38 32 75 80 55 27 77 13 43 65 34 25 43 49 55 79 50 32 61 98 47 13 33 85
100 3
80 56 73 98 2 83 24 20 68 89 92 55 81 38 20 44 83 23 35 2 14 20 74 90 88 23 23 71 68 82 5 65 64 98 98 64 18 88 2 97 74 38 32 35 68 56 29 38 64 26 71 73 31 53 71 91 29 79 37 16 90 35 32 73 80 17 38 52 13 62 90 1 92 89 82 20 14 41 65 71 98 2 38 92 47 58 38 16 34 84 88 2 25 98 68 77 4 7 80 61
16 2
10 35 15 94 68 53 53 84 8 96 82 14 70 35 28 65
100 3
39 11 64 10 64 92 77 1 74 52 66 60 38 79 80 41 80 80 58 14 53 71 80 92 14 84 41 14 98 11 89 50 87 23 82 17 4 68 32 77 16 47 35 23 65 26 85 86 14 44 68 19 68 73 20 92 5 59 69 15 32 14 49 35 81 13 76 72 48 5 22 46 11 61 50 32 41 80 92 65 50 68 13 50 13 73 71 64 1 94 52 89 58 67 95 2 51 17 29 61
100 3
92 85 25 56 65 86 62 14 83 94 95 7 93 83 58 68 62 71 50 47 44 52 13 61 12 14 23 54 23 52 35 98 56 7 96 25 11 41 70 59 41 20 43 87 86 95 14 31 38 37 19 13 13 8 71 70 94 80 83 31 15 86 23 92 89 72 85 82 89 59 40 2 10 22 41 6 8 86 40 1 2 77 62 41 29 68 80 2 35 73 11 80 71 57 71 5 68 42 92 95
100 3
13 95 25 82 22 65 38 44 38 16 22 8 5 31 35 37 25 67 80 14 8 17 38 14 37 10 41 77 4 5 11 34 65 91 28 94 49 29 88 73 71 43 8 31 74 52 14 10 26 50 73 34 55 79 32 92 4 97 5 73 97 26 49 82 97 94 94 59 38 55 68 17 35 73 11 94 44 43 11 17 65 38 4 7 46 2 82 17 16 5 82 4 43 5 98 49 53 32 80 2
100 3
6 29 71 89 11 85 2 47 73 70 7 59 89 67 25 23 78 7 92 10 86 76 53 67 26 4 35 59 97 77 74 16 13 86 50 22 70 10 70 56 28 29 59 63 24 20 47 52 38 95 35 92 20 64 77 11 5 76 16 62 95 38 35 30 8 8 53 76 5 59 53 35 87 59 60 8 14 26 2 75 89 11 29 41 59 9 19 44 80 14 95 44 7 74 83 70 35 22 98 29
11 3
2 71 73 50 36 4 73 29 95 40 1
100 3
86 79 79 58 22 83 94 68 62 74 68 2 63 16 50 14 38 80 41 44 53 42 65 62 23 32 80 20 52 7 71 86 90 57 62 92 95 62 92 17 29 95 26 53 14 46 2 77 58 86 5 35 95 41 48 28 59 68 17 22 34 29 24 44 29 44 77 91 59 80 11 85 31 39 85 86 44 98 79 65 81 34 62 61 80 41 41 74 78 76 68 95 65 10 17 37 44 80 52 2
100 3
32 81 56 34 4 14 4 70 1 1 42 21 49 97 61 67 58 16 45 86 8 71 58 13 26 47 31 43 25 28 94 28 76 73 34 64 27 49 17 4 34 61 91 8 85 14 77 94 4 55 7 50 13 1 25 73 46 76 11 62 63 49 9 22 55 85 52 28 73 16 46 28 67 33 46 85 30 30 35 95 31 85 55 37 74 13 8 37 34 23 94 23 76 20 4 53 55 37 85 89
100 3
22 22 92 76 89 43 41 91 70 88 56 11 47 50 92 64 4 10 8 28 20 3 88 44 21 35 14 36 56 55 31 94 83 50 6 91 5 24 97 76 46 40 47 7 53 5 46 46 65 14 11 32 5 40 80 39 95 38 14 95 54 55 20 90 14 94 47 98 65 92 35 82 52 26 79 22 15 1 26 76 74 65 11 92 35 92 42 22 4 7 65 62 11 11 87 8 47 73 59 47
100 3
4 89 81 31 55 16 22 28 97 98 70 40 37 92 28 41 8 55 49 58 67 65 79 61 53 19 73 28 60 28 29 25 9 24 22 58 58 72 13 94 72 52 62 21 76 59 31 4 73 25 28 70 94 2 88 52 31 70 64 88 92 85 88 96 62 46 87 89 55 7 70 55 23 25 74 14 50 86 87 8 94 23 4 76 85 25 79 58 49 28 50 20 4 56 73 10 35 49 86 95
16 3
10 14 5 70 50 89 71 68 90 61 80 14 73 10 43 70
14 3
49 5 59 14 76 7 94 16 31 77 85 81 53 61
100 3
70 13 43 5 57 73 28 83 25 78 74 60 73 28 55 17 50 38 49 55 46 74 74 67 34 40 8 52 17 91 50 22 20 68 52 97 21 1 22 97 55 56 37 73 38 53 12 5 71 31 70 13 52 79 16 14 1 27 48 83 85 70 64 16 70 19 46 67 16 82 41 49 70 5 46 91 61 46 49 52 17 28 23 85 62 76 21 76 70 52 94 94 49 14 98 26 89 26 60 98
100 3
13 79 31 34 70 31 5 41 53 16 34 25 46 23 10 29 88 21 38 40 46 4 40 68 76 49 46 80 37 38 84 49 98 4 55 52 52 76 58 7 67 73 91 1 1 19 75 71 61 17 19 35 79 2 71 10 7 55 67 58 55 71 85 3 51 77 97 24 55 32 52 52 22 73 25 15 28 73 19 4 36 2 30 40 31 16 95 86 63 4 10 88 96 73 64 10 82 97 91 22
100 3
52 66 46 59 26 22 14 92 38 5 52 97 85 79 14 77 43 34 67 82 43 13 46 77 61 33 16 88 28 96 92 68 97 65 94 36 1 67 65 41 88 58 28 92 98 31 64 58 16 95 10 85 91 49 31 53 59 64 44 52 8 58 94 70 11 17 34 64 5 47 22 68 67 67 49 70 53 46 35 79 59 25 97 30 88 45 20 38 1 29 29 69 1 19 7 12 59 52 85 47
20 3
3 10 83 72 54 56 19 59 17 88 55 39 32 62 19 14 38 82 90 76
100 3
98 34 40 79 8 43 16 67 96 5 94 34 25 4 13 43 10 40 10 4 71 79 86 37 52 43 49 38 5 22 73 53 1 91 98 77 7 94 26 1 55 10 80 86 4 49 20 2 58 59 13 52 10 38 43 97 44 50 28 72 77 79 73 85 32 82 1 7 25 83 10 47 55 13 4 79 9 4 7 50 61 93 37 55 43 67 4 19 97 61 19 79 82 61 82 91 46 94 18 90
100 3
17 41 22 52 89 30 95 59 20 74 60 48 64 82 20 2 76 80 88 85 38 32 52 17 98 56 18 77 83 92 34 52 27 65 92 29 90 92 80 98 40 17 89 55 23 47 96 92 8 21 26 68 31 98 20 91 2 80 91 67 49 32 71 88 92 79 96 89 65 32 38 2 79 74 49 80 92 43 22 51 38 19 34 50 53 8 38 85 50 68 58 14 44 74 31 93 20 36 86 89
100 3
34 58 16 13 85 58 93 93 1 85 91 76 4 88 77 34 43 55 3 16 82 80 31 64 82 34 20 49 56 22 95 38 40 43 82 10 34 4 37 71 40 97 50 1 23 25 38 41 85 92 94 16 67 14 30 7 97 37 22 64 66 5 70 94 34 29 47 29 67 49 95 32 73 70 58 70 10 70 10 37 79 7 42 20 25 97 58 17 77 86 14 79 55 68 15 1 20 88 16 34
100 3
20 31 34 5 7 65 59 96 85 53 76 70 14 22 73 52 16 48 31 25 98 1 28 89 25 19 37 22 40 28 23 13 70 73 73 70 64 38 53 1 19 28 76 92 71 45 40 77 39 70 69 91 32 70 61 55 85 41 55 46 29 94 80 78 22 25 80 56 49 88 8 74 7 81 51 85 67 38 68 61 1 95 79 57 7 92 11 43 87 22 55 85 45 53 48 37 23 22 20 55
100 3
71 65 49 10 11 34 34 34 63 24 20 58 61 42 62 92 29 16 92 34 91 56 94 70 70 60 97 43 88 16 71 39 20 2 37 31 70 44 47 64 74 82 15 43 35 65 55 1 52 70 58 4 97 34 39 14 13 31 46 14 76 61 46 3 13 55 22 80 19 14 59 11 13 69 45 25 76 89 24 38 22 55 13 64 34 68 95 33 58 52 64 40 43 11 19 34 37 82 10 53
100 3
31 43 40 73 43 2 35 58 88 81 74 79 10 61 8 7 34 15 47 88 43 52 98 14 90 43 58 37 55 31 9 1 40 97 59 31 19 52 12 1 40 40 70 4 31 7 40 83 61 44 85 7 70 73 88 73 64 40 43 73 73 55 22 85 91 76 42 19 22 67 59 6 1 9 55 15 28 53 45 36 16 64 79 93 23 71 23 37 53 68 29 22 44 21 20 70 77 76 61 22
100 3
27 50 80 1 25 50 57 85 50 45 15 62 11 56 8 95 89 25 28 8 68 23 68 56 32 98 2 31 74 11 83 86 14 2 44 93 26 44 26 66 4 64 90 40 31 75 35 44 45 82 94 43 88 16 5 11 85 12 53 67 79 19 82 94 29 44 62 69 20 41 71 17 50 58 52 20 83 38 17 59 17 53 23 92 53 45 70 62 50 71 20 98 41 95 51 89 86 16 29 83
100 3
61 17 26 28 62 37 11 55 11 86 46 68 68 20 44 41 9 97 90 14 40 10 14 48 93 44 16 45 22 98 29 20 20 7 66 98 79 56 44 60 52 5 91 83 72 83 94 19 91 79 80 88 73 92 80 23 35 7 26 92 75 98 32 83 61 79 8 72 11 1 64 74 38 44 84 96 74 77 59 71 89 30 83 62 86 92 30 23 79 74 8 19 94 35 30 20 41 83 19 20
100 3
46 95 70 76 43 94 28 30 40 34 50 27 43 61 41 53 35 52 91 34 31 85 44 68 49 2 30 82 7 40 35 61 41 16 37 70 1 55 37 44 76 14 49 86 52 92 8 22 43 1 7 28 42 16 7 94 11 85 80 26 95 79 13 61 97 70 73 92 55 74 56 31 80 88 91 13 67 10 52 5 82 29 10 79 79 5 79 34 22 77 29 82 94 65 47 60 59 56 17 61
100 3
35 11 20 62 3 75 53 68 96 80 83 75 89 39 5 17 31 85 62 88 29 11 71 22 19 70 5 4 27 86 43 4 65 26 95 65 2 87 38 47 1 85 8 86 53 63 80 39 59 71 44 44 79 52 46 83 94 95 21 26 26 19 11 87 3 71 31 68 74 17 52 4 81 86 59 71 56 36 8 1 92 82 97 13 25 98 86 60 68 2 64 11 73 98 74 40 39 69 65 49
100 3
11 85 14 40 91 34 76 5 97 91 88 71 86 13 76 75 80 34 43 91 63 7 61 59 76 89 76 54 13 80 2 61 25 16 28 70 41 69 61 30 81 61 85 64 43 27 26 68 49 71 8 94 97 67 92 67 19 73 38 8 88 75 73 22 54 68 76 21 17 57 77 14 97 71 94 36 61 33 80 16 94 13 66 15 85 50 66 83 33 70 59 34 88 34 45 52 41 93 49 91
100 3
59 35 41 43 2 52 85 83 41 53 61 5 16 13 26 32 29 22 71 55 38 43 37 47 35 22 56 94 89 16 95 52 74 80 53 29 8 40 52 17 13 64 58 56 23 67 16 40 34 98 47 13 61 98 38 98 26 26 55 16 7 56 80 62 91 49 2 79 97 7 62 59 58 70 25 49 94 67 40 1 97 85 16 29 77 79 73 76 17 76 64 91 73 43 79 65 62 58 22 77
100 3
38 64 32 61 25 79 61 46 86 85 49 97 28 43 37 70 76 89 17 49 40 58 25 79 25 79 39 19 55 64 47 9 70 79 29 47 26 61 61 67 79 40 89 78 19 35 37 31 91 82 53 31 1 13 4 89 71 31 65 19 35 88 31 67 44 13 27 50 58 79 43 97 85 67 13 31 32 6 97 54 18 16 86 52 46 22 79 39 19 23 53 29 78 61 43 86 65 41 61 97
100 3
80 29 43 32 8 28 29 41 59 97 83 25 50 83 89 24 35 64 43 59 79 50 38 88 82 47 35 22 71 5 2 17 86 84 19 65 58 35 28 80 29 15 8 71 5 83 36 94 5 61 19 74 92 44 55 98 85 31 14 61 94 81 92 50 98 28 93 62 29 62 52 77 77 89 80 90 98 71 53 50 71 92 74 53 46 1 63 89 5 89 80 11 43 25 26 7 74 76 95 64
100 3
82 87 23 1 2 50 14 70 77 52 11 82 13 65 79 74 15 40 5 62 35 59 14 83 86 68 68 35 7 20 61 73 17 59 83 85 36 71 77 5 93 74 80 56 56 15 87 64 95 2 92 47 45 68 64 70 60 32 5 83 36 36 95 2 74 95 98 23 74 22 59 62 13 5 16 74 8 29 47 73 23 39 71 7 58 41 83 44 62 4 29 32 68 65 95 62 20 53 11 20
100 3
59 64 61 40 20 62 74 68 43 56 80 84 41 35 72 5 88 86 59 18 7 64 98 95 34 89 14 65 52 29 86 74 53 20 3 95 13 92 52 94 73 25 1 77 80 38 56 93 13 50 12 80 98 83 2 73 19 2 48 56 17 32 44 58 83 47 47 55 49 50 97 37 19 17 5 47 29 95 14 94 89 72 57 83 33 80 55 34 74 50 73 20 50 38 50 95 43 65 47 28
100 2
21 4 30 91 1 98 46 85 47 22 57 60 17 6 27 66 21 72 37 35 62 70 8 15 81 63 95 14 6 86 80 17 14 51 91 19 61 71 23 27 16 34 35 46 27 58 72 64 56 7 90 18 41 40 60 41 52 23 67 4 42 57 24 91 61 60 43 75 10 84 11 7 77 59 51 46 72 85 88 87 6 19 24 92 68 49 45 64 56 32 64 57 95 82 38 20 25 7 11 30
100 3
73 90 55 31 67 34 76 88 70 16 37 80 37 10 10 36 4 35 77 46 43 95 31 26 81 19 50 77 85 22 27 70 16 1 68 38 7 58 64 85 79 85 79 86 52 56 73 22 61 88 16 80 11 25 94 36 59 88 67 19 22 82 30 40 22 94 34 26 10 97 94 70 61 25 75 85 44 56 58 94 86 83 83 65 85 59 91 64 17 91 20 46 58 30 89 73 5 83 95 98
16 3
53 80 1 76 55 17 68 29 58 50 1 68 56 79 4 76
100 3
62 28 23 90 35 56 58 94 65 30 86 40 41 8 18 91 8 39 56 38 22 5 74 58 73 44 37 25 71 70 79 28 63 19 46 57 97 82 64 71 86 85 46 46 50 4 58 70 66 4 1 34 79 55 85 44 25 46 8 2 34 3 29 49 32 67 82 19 31 37 43 34 32 47 25 86 62 4 85 76 64 28 64 94 28 58 68 75 35 82 10 43 64 64 84 83 1 16 82 38
100 3
65 9 55 83 86 95 76 53 47 15 62 82 25 1 33 95 26 63 91 41 8 1 14 54 35 53 23 2 29 83 15 50 35 62 84 78 62 64 34 97 8 35 78 80 13 46 94 43 53 86 38 35 48 11 91 71 35 2 83 26 73 46 35 27 26 20 47 47 35 5 77 74 1 89 50 67 43 27 44 17 59 20 26 38 11 77 20 34 26 17 6 29 16 29 42 47 92 17 6 59
100 3
3 20 2 2 17 26 41 14 35 23 38 95 27 80 92 51 8 43 71 5 17 52 71 72 36 58 38 31 26 48 9 98 92 11 83 68 61 20 24 29 32 11 95 98 56 41 92 77 45 47 38 68 32 40 65 38 95 41 2 65 42 80 79 49 66 63 62 11 85 87 86 98 64 31 59 48 37 80 53 97 22 62 56 2 71 74 30 29 20 17 65 2 29 1 79 28 98 81 55 31
100 3
20 95 45 40 68 92 27 35 32 53 59 77 75 95 25 47 50 60 43 56 85 19 87 13 73 40 98 44 15 25 15 65 68 20 26 67 41 46 64 73 44 75 8 7 59 90 32 84 88 2 67 72 91 43 62 59 73 79 14 5 44 53 52 86 67 97 89 75 56 74 82 14 98 32 92 72 31 8 77 11 95 53 25 61 7 59 88 24 2 29 35 83 19 32 77 77 55 98 76 31
100 3
8 52 86 20 53 35 47 56 2 17 65 19 88 94 59 65 53 1 89 88 70 79 89 97 59 1 85 74 56 65 49 65 71 56 71 68 60 15 55 96 23 56 88 38 86 37 14 86 44 53 62 86 80 68 15 68 72 74 68 43 11 52 55 37 10 43 52 7 74 86 14 76 62 95 2 83 95 68 32 47 35 13 44 17 64 74 10 20 23 66 11 56 92 52 71 47 62 65 34 96
1 3
58
100 3
89 44 62 77 89 92 59 91 93 77 50 30 32 8 26 61 5 2 15 38 32 11 53 68 32 91 64 11 47 71 55 89 50 95 1 59 50 8 26 11 5 48 12 17 11 27 33 41 53 74 26 89 65 50 38 19 57 20 49 23 68 5 14 89 44 72 95 91 82 55 19 46 41 77 85 38 7 41 68 88 68 32 32 23 47 41 50 23 28 47 83 2 37 77 90 41 71 56 70 56
100 3
23 46 4 57 63 82 67 43 82 94 16 70 71 30 68 97 16 81 25 31 83 49 97 19 37 62 22 88 16 61 82 97 28 10 33 70 25 60 7 32 50 91 92 89 31 27 44 13 67 61 14 96 80 69 84 32 2 29 53 63 82 4 59 4 91 37 41 73 18 29 50 68 60 44 31 58 16 40 49 66 43 83 10 55 85 64 91 54 4 69 62 82 55 40 64 34 94 85 83 95
100 3
93 88 79 78 64 28 25 88 69 74 59 35 4 68 15 50 47 7 72 68 86 73 4 64 73 52 88 82 55 64 61 33 50 28 40 4 4 70 16 23 44 52 44 7 34 8 70 24 58 70 22 82 40 93 47 61 55 67 84 16 47 31 43 4 91 73 46 67 51 22 79 31 4 89 31 31 85 65 35 88 3 98 49 89 71 68 73 64 7 22 88 78 82 59 4 19 58 65 66 19
100 3
4 41 20 35 5 98 29 5 46 61 52 56 38 88 16 10 61 46 62 37 23 19 11 35 86 41 34 74 79 39 62 5 66 62 56 89 50 97 52 77 44 81 72 10 74 19 47 44 53 86 29 20 59 32 60 32 58 65 92 53 32 68 65 76 47 64 20 70 14 11 7 59 77 55 35 38 68 83 17 47 78 50 38 47 73 53 59 29 85 86 21 53 54 2 93 8 72 74 75 1
3 3
62 26 62
100 3
53 39 16 20 28 47 5 59 14 18 31 7 35 26 92 98 71 5 45 30 41 34 83 11 71 78 86 44 40 43 7 77 5 53 77 59 55 89 19 92 80 65 62 82 97 11 98 60 26 53 53 68 98 23 2 16 15 11 37 92 67 70 42 80 23 26 35 77 26 39 2 62 2 5 35 53 67 36 1 47 33 19 28 50 79 74 35 53 98 46 29 91 88 85 5 91 8 92 85 49
100 3
10 52 55 58 37 81 22 37 5 94 63 92 82 40 64 70 83 82 27 1 23 16 50 91 73 67 88 86 31 85 76 82 13 14 73 73 46 64 1 49 15 28 70 13 7 2 57 18 18 13 73 8 51 86 52 92 33 98 68 68 13 55 43 19 98 70 96 37 25 97 19 68 37 59 44 31 77 87 5 45 82 97 89 29 27 34 19 91 43 69 80 2 27 29 61 75 38 8 48 30
100 3
23 71 26 5 74 51 79 53 18 16 10 26 77 57 85 35 38 44 15 8 53 64 30 70 65 8 29 30 82 35 75 83 97 68 44 14 83 23 83 18 35 77 47 90 13 98 89 42 43 78 47 98 20 31 80 62 56 64 65 28 95 4 77 77 6 98 96 73 26 46 44 77 8 84 56 29 56 38 53 62 74 23 56 92 47 35 19 23 64 62 71 84 50 95 2 11 97 24 40 20
100 3
43 19 65 2 71 64 42 71 71 7 88 87 25 49 34 46 79 33 86 76 82 29 46 50 27 76 91 37 91 94 43 38 91 88 23 81 62 61 10 84 19 47 95 91 67 49 53 25 40 20 83 25 19 79 10 1 1 21 5 52 4 97 19 32 41 89 67 31 7 78 64 13 4 76 70 43 98 22 95 31 44 1 59 77 79 22 32 62 38 68 45 38 23 52 91 59 31 49 25 2
100 3
88 57 2 42 22 64 77 97 71 40 32 52 70 44 85 23 43 73 34 73 34 73 19 43 55 58 76 26 1 52 46 40 22 79 14 38 47 96 68 62 28 45 64 43 73 91 37 35 83 24 97 85 40 47 52 28 43 29 61 84 16 38 2 92 94 75 25 22 44 70 22 4 25 71 97 86 55 29 19 1 77 91 42 70 70 1 77 32 16 73 59 18 32 79 12 76 11 62 49 28
1 3
50
100 3
77 71 64 28 31 27 85 85 34 48 73 80 85 58 94 94 58 31 63 19 24 28 1 79 58 47 74 40 67 4 25 50 54 7 68 13 94 88 52 28 39 64 89 58 79 34 52 82 77 97 97 22 75 46 13 91 52 19 85 35 91 52 59 96 28 15 32 19 50 64 74 85 4 91 41 40 25 46 82 44 72 58 67 29 49 48 6 70 1 76 10 55 20 7 49 70 17 37 43 8
100 3
47 8 55 78 22 89 70 14 22 46 89 34 10 51 89 20 77 46 68 38 73 37 61 17 26 76 58 58 15 14 80 69 4 12 40 24 92 89 41 89 76 47 12 90 33 31 93 50 12 56 17 20 27 2 28 29 18 83 32 53 23 35 77 92 68 62 31 15 41 77 29 74 89 68 50 53 59 89 26 10 37 5 52 20 79 33 67 74 88 47 95 74 92 53 2 67 80 2 82 38
1 3
42
100 3
86 65 64 7 32 64 98 64 52 74 82 4 64 22 22 23 26 83 8 77 68 29 65 53 23 80 67 43 98 38 71 28 56 41 31 11 58 50 43 17 82 93 70 20 76 76 86 50 47 5 32 25 53 61 4 92 95 36 28 14 11 23 62 11 2 88 20 36 98 71 55 46 53 65 92 35 8 61 44 20 56 70 25 98 98 23 93 43 26 98 23 53 89 70 65 7 29 83 8 14
100 3
68 73 35 80 41 96 61 9 34 64 64 57 1 12 70 2 27 91 31 20 58 97 16 28 9 84 7 63 28 28 64 91 49 58 73 97 73 57 77 34 22 43 40 7 45 12 22 27 65 31 6 63 25 40 62 85 10 85 31 43 97 58 64 40 58 51 43 40 88 10 49 53 70 6 94 70 19 41 83 65 63 11 76 24 7 7 82 85 80 26 28 13 76 50 8 10 31 53 35 89
100 3
98 76 89 64 72 89 59 17 5 57 68 98 61 30 92 36 98 68 34 73 34 64 90 70 60 98 64 38 48 74 65 29 92 55 47 53 25 10 22 14 4 65 62 82 95 20 25 85 1 18 54 25 59 29 14 70 95 86 9 4 41 32 2 92 20 34 17 64 11 77 56 5 28 54 89 80 56 37 77 31 89 47 70 79 35 80 85 92 25 56 23 21 25 89 82 14 70 37 35 14
100 3
26 71 95 14 40 88 19 25 82 13 88 53 59 8 20 8 43 65 49 25 70 27 63 97 79 28 16 41 12 61 10 95 28 39 13 1 65 74 85 61 71 7 31 76 47 43 16 46 4 83 95 47 9 44 35 75 91 34 83 98 78 70 16 55 52 50 73 89 14 43 89 11 35 34 40 3 50 1 71 37 20 73 82 52 92 47 91 73 28 29 76 76 10 34 29 95 5 89 64 76
100 3
68 74 53 11 82 19 37 50 76 80 82 48 49 59 6 19 56 71 53 5 61 86 10 52 73 98 82 29 56 73 24 23 79 47 49 79 39 22 43 83 58 2 92 10 43 79 29 59 5 34 52 73 69 2 7 67 32 19 97 55 31 93 1 17 35 71 96 16 9 70 31 31 50 1 29 81 64 4 10 22 16 94 91 42 37 65 34 73 73 46 4 31 22 40 66 89 56 1 2 50
16 3
88 73 40 91 97 49 8 67 22 73 68 16 89 86 26 19
