100
4 3
4 5 6 4
4 2
4 5 6 4
3 3
1 1 1
2 3
80 32
1 3
37
100 3
22 94 83 91 76 4 79 24 77 22 64 75 1 67 19 52 35 21 19 98 22 4 7 61 41 85 15 49 75 97 40 58 67 82 91 76 64 26 67 27 68 41 43 88 91 83 11 38 13 58 88 19 34 55 39 16 22 94 85 13 4 29 46 31 63 82 85 76 88 23 34 38 79 92 53 22 79 20 64 82 61 92 52 50 88 64 23 22 32 57 31 9 47 1 67 29 26 37 44 11
100 3
30 85 67 36 50 22 4 78 11 12 7 64 16 70 61 47 5 58 55 4 1 55 77 94 31 97 86 48 25 73 19 30 57 7 37 1 13 95 79 61 67 60 41 44 73 45 91 47 7 35 14 3 98 37 58 20 88 78 67 78 97 52 27 13 41 20 23 83 58 7 17 14 29 54 17 53 44 16 41 40 89 43 60 60 43 19 5 82 52 56 34 49 81 40 43 97 10 6 83 61
100 3
44 17 43 94 96 74 82 82 28 83 98 30 31 64 64 68 85 76 46 22 85 72 88 34 33 46 85 56 70 13 65 84 28 52 7 1 88 28 14 64 55 40 67 79 31 52 71 22 76 2 25 48 37 13 82 7 73 48 95 58 95 28 7 15 5 97 43 51 64 64 37 2 34 4 88 62 11 13 67 13 25 43 46 98 45 45 61 50 3 73 73 29 20 22 94 7 76 70 44 4
100 3
2 31 66 34 13 97 87 87 82 67 89 23 56 10 43 77 25 59 80 34 22 76 38 1 60 14 10 13 5 64 71 29 46 88 22 39 36 70 93 41 59 53 43 53 52 11 22 40 85 58 1 86 97 79 94 63 70 52 25 16 94 89 95 64 91 5 86 49 1 94 37 55 38 84 34 73 34 77 30 46 88 87 65 64 55 46 23 88 88 19 11 40 7 2 37 23 98 97 77 79
100 3
38 47 32 82 29 29 88 55 80 77 49 17 98 73 20 71 77 26 55 53 62 38 56 12 46 98 17 55 2 82 43 1 56 14 22 10 2 82 28 8 47 41 29 30 80 60 14 91 23 79 77 41 38 68 81 77 19 4 22 79 18 98 62 59 47 50 64 9 56 9 52 14 47 11 28 47 17 66 59 86 68 98 73 38 2 70 26 8 5 41 65 98 98 31 47 95 78 37 98 35
16 3
95 82 26 70 65 34 38 16 8 81 94 65 70 50 3 64
100 3
48 61 85 25 20 82 34 58 88 31 98 41 17 61 82 88 88 33 43 64 23 50 73 49 72 27 16 64 85 37 8 1 37 91 25 4 92 95 83 5 58 34 48 28 19 98 61 91 7 80 41 49 7 89 34 83 11 58 52 62 16 56 71 43 37 29 70 56 55 97 37 64 95 58 97 76 13 43 28 40 94 8 64 66 76 17 89 70 7 86 31 25 46 91 37 70 60 31 79 73
20 3
32 79 41 74 10 11 76 67 71 79 62 91 21 4 2 1 90 4 70 22
100 3
1 7 7 7 49 19 60 67 46 8 46 52 76 59 91 32 23 88 88 29 79 31 73 55 7 1 31 10 46 94 90 4 88 26 4 88 1 68 11 63 78 29 35 37 52 73 79 58 59 71 40 64 24 90 67 13 34 26 34 58 4 13 79 13 31 49 4 88 26 18 84 58 88 85 89 64 91 91 43 34 58 80 76 47 88 40 43 6 31 37 73 3 67 87 51 31 75 49 1 4
1 3
78
100 3
13 67 33 70 80 82 26 82 37 91 12 79 15 33 82 40 13 41 55 97 97 52 34 69 42 28 5 19 19 17 37 67 10 86 32 27 94 73 55 46 39 77 67 50 85 70 34 29 79 90 22 88 79 77 64 90 58 40 95 26 2 46 19 93 79 77 6 47 64 2 46 58 92 94 25 21 97 49 8 88 70 66 83 13 46 37 53 82 19 34 25 30 94 77 38 85 85 79 40 20
100 3
17 97 68 40 38 4 18 95 35 98 91 31 78 47 74 2 36 92 72 46 59 16 5 53 62 74 1 5 64 62 32 58 2 14 68 95 43 95 20 11 20 14 55 37 59 70 39 70 37 47 15 21 8 47 41 59 82 89 43 83 35 11 76 26 20 40 89 65 60 5 8 92 53 41 92 50 58 14 94 88 81 62 13 63 47 53 94 68 80 34 32 82 86 50 59 23 1 68 56 23
100 3
58 37 28 7 23 12 51 40 38 49 40 1 83 22 64 58 23 13 94 50 97 52 5 55 14 46 25 46 71 31 24 20 23 19 61 35 85 60 74 34 78 73 70 16 67 68 28 70 55 7 64 83 63 32 40 91 70 58 1 10 89 22 96 85 88 76 22 55 61 10 67 16 40 19 58 43 54 48 29 31 28 13 88 22 60 94 65 69 7 85 19 49 4 67 19 88 35 15 79 34
100 3
9 89 36 62 66 14 26 55 32 35 92 1 67 31 19 20 85 67 44 16 84 46 16 38 79 31 74 14 86 49 53 24 79 89 85 98 5 46 1 45 98 43 68 95 45 74 80 71 23 97 91 58 80 14 50 59 14 90 91 70 2 80 44 98 81 65 95 2 56 25 83 29 68 58 53 62 84 7 29 27 66 89 29 8 78 44 23 62 17 77 46 7 21 5 22 58 8 23 14 14
100 3
17 64 34 1 47 79 65 10 59 25 22 80 16 17 52 19 37 37 8 88 7 52 20 82 20 83 50 38 58 73 37 92 10 14 44 89 31 31 95 41 79 14 94 14 43 41 82 8 29 32 25 14 86 77 4 32 31 52 98 47 8 98 88 59 62 49 7 34 76 44 31 17 35 35 11 20 31 58 64 52 52 80 26 46 79 29 35 44 50 34 23 50 77 38 44 76 50 77 35 41
16 3
2 43 60 11 14 58 33 62 52 76 94 29 9 89 85 8
100 3
31 81 88 62 70 52 7 24 51 82 30 82 20 50 37 61 49 7 5 57 34 4 97 19 65 73 80 44 32 71 52 73 65 83 10 13 64 22 73 22 49 75 16 73 61 10 19 34 97 97 67 74 73 61 10 68 49 95 17 70 31 13 63 44 76 31 29 58 31 86 32 73 25 65 12 73 29 88 46 68 92 31 16 52 38 46 20 46 73 70 31 53 71 49 1 46 13 89 37 82
100 2
70 28 84 71 65 44 97 92 55 70 63 37 15 99 10 6 8 18 80 46 24 72 7 43 21 83 79 78 42 46 19 52 17 82 99 57 85 8 37 16 94 26 17 79 2 60 35 60 70 34 22 37 55 46 86 49 72 71 18 5 11 21 4 37 15 25 37 76 5 64 16 31 49 57 55 54 24 42 33 60 80 38 10 5 61 50 59 47 68 80 60 85 15 22 57 43 65 89 60 1
100 3
28 43 41 55 4 43 53 79 38 19 37 49 34 69 76 55 82 74 22 23 70 67 52 88 14 67 56 55 88 55 85 17 1 70 28 65 70 36 76 28 16 28 71 97 88 49 49 6 12 38 71 55 4 85 80 61 82 18 37 24 19 70 67 34 76 64 68 67 38 26 47 88 40 82 5 74 94 48 46 76 97 91 19 52 62 70 21 20 43 86 16 25 85 49 27 86 13 82 66 94
100 3
92 10 7 94 16 39 35 71 19 70 43 67 92 79 23 13 56 52 40 76 34 19 74 41 94 54 5 88 67 40 16 52 1 29 8 4 65 52 27 19 87 16 74 90 64 13 28 20 43 71 97 61 61 91 25 52 85 13 19 23 79 13 52 55 70 85 55 19 64 11 44 28 73 46 33 87 19 46 17 88 56 80 18 83 19 37 61 11 22 38 25 31 37 13 40 76 79 4 95 47
20 3
29 67 70 91 67 88 35 98 88 8 10 16 16 20 14 20 4 83 43 1
100 3
80 58 7 49 1 98 61 1 58 73 26 82 40 16 8 97 19 20 90 20 37 40 28 11 13 10 19 35 25 81 94 35 49 1 74 20 70 52 85 3 67 82 59 41 13 22 54 83 79 52 22 95 74 75 96 83 49 35 43 40 1 19 79 98 43 6 45 4 82 52 2 92 82 58 56 82 94 61 10 15 74 71 7 52 13 16 44 31 51 52 71 56 34 76 73 16 88 89 41 79
100 3
2 25 50 23 53 4 86 11 30 97 32 83 80 91 47 92 26 44 27 5 59 47 55 86 74 76 10 14 44 36 44 20 52 86 13 44 68 1 40 17 94 37 67 29 38 62 61 3 21 56 98 58 32 80 52 25 53 74 49 71 63 47 35 59 53 32 27 52 20 10 43 83 59 38 65 68 26 48 2 95 11 26 40 11 43 59 79 53 17 5 52 11 86 95 77 50 20 53 70 7
2 3
64 16
100 3
84 11 11 5 7 29 98 62 41 8 2 62 32 49 46 55 32 5 76 8 18 89 68 98 44 67 83 4 50 53 56 44 14 29 58 77 26 40 44 92 47 4 59 47 71 65 50 5 35 34 37 2 40 17 87 5 30 51 95 47 82 2 6 4 85 35 71 54 79 42 10 26 58 65 20 37 58 22 12 38 8 32 68 39 74 2 60 83 86 20 26 68 67 84 46 11 95 62 2 95
100 3
81 52 29 85 16 79 44 95 57 69 48 42 41 89 44 35 34 68 64 8 26 17 80 88 27 34 46 52 17 7 73 59 96 96 90 6 43 43 7 58 30 1 21 3 87 8 54 12 63 74 24 61 48 7 22 45 96 31 3 71 81 92 64 1 64 41 79 31 34 57 37 83 17 11 68 60 68 1 38 42 15 79 89 91 82 84 32 53 71 12 40 51 98 81 11 2 84 11 40 24
100 3
56 41 53 71 68 41 20 40 89 22 43 73 32 17 4 50 41 53 62 86 90 16 2 5 36 58 17 68 49 44 3 68 64 94 56 77 86 40 44 41 89 48 28 26 77 80 55 91 30 86 28 2 23 35 14 15 27 95 35 96 8 65 98 74 94 77 44 82 40 10 12 44 61 62 77 92 55 8 95 69 35 11 14 50 85 68 85 55 38 92 41 85 63 14 48 32 38 83 16 14
100 3
70 55 43 10 4 88 67 46 73 8 76 35 34 28 83 34 50 97 55 67 82 35 68 65 92 79 19 79 38 52 7 43 16 73 72 1 34 7 41 94 10 85 81 22 88 88 67 34 49 40 6 85 47 25 54 22 62 14 5 70 71 16 95 83 5 37 34 94 13 59 22 65 36 54 80 40 58 56 1 48 4 85 18 39 64 22 8 33 45 76 65 76 79 13 31 82 28 89 73 31
100 3
49 85 1 44 76 31 25 7 80 28 43 82 44 40 61 82 1 13 73 1 35 55 91 17 25 10 57 9 61 43 42 82 94 40 83 31 65 67 53 70 13 1 46 14 31 61 87 2 8 62 31 37 82 29 14 19 65 49 35 62 83 73 88 49 64 82 11 61 50 1 76 50 17 10 58 7 88 33 88 55 64 67 92 23 34 7 34 41 7 4 67 11 53 2 55 94 43 7 50 6
100 3
6 4 48 45 91 97 57 80 1 83 73 58 20 73 66 97 86 76 61 40 94 94 26 38 70 61 92 52 25 13 64 98 70 97 51 90 4 71 46 73 91 34 13 13 19 67 17 43 65 67 52 61 31 38 52 1 38 94 52 32 81 40 31 12 49 38 43 40 1 94 58 97 13 1 20 58 42 20 83 97 89 80 95 56 77 17 19 6 97 12 27 85 76 20 76 93 76 17 55 2
100 3
76 67 21 34 20 58 49 4 72 23 25 86 16 26 11 8 89 53 80 31 7 91 28 88 96 77 7 71 34 55 82 28 16 52 37 79 22 69 62 59 14 25 1 18 59 52 61 53 25 4 34 7 40 83 61 2 40 74 17 71 31 48 73 83 55 67 46 50 14 35 58 92 1 4 49 43 77 35 23 58 79 97 64 49 22 19 49 68 25 5 67 64 85 31 88 29 52 34 1 19
100 3
71 53 38 33 53 59 62 10 22 48 29 71 68 6 51 23 36 41 70 89 65 81 79 35 49 92 40 92 17 43 74 43 45 91 74 86 17 75 71 89 55 62 49 39 7 55 55 47 37 93 11 5 76 92 5 77 40 5 35 2 44 86 51 4 95 95 5 59 98 92 38 32 26 8 37 1 11 32 49 10 16 44 92 73 52 98 77 68 95 35 82 76 91 50 7 62 1 11 32 59
100 3
96 52 27 51 61 17 68 58 67 13 85 89 84 38 12 31 46 88 51 22 11 53 31 79 82 34 52 65 73 16 18 20 14 91 56 95 64 58 68 80 64 61 73 7 97 50 77 43 8 34 22 58 50 95 79 52 94 82 46 88 19 32 93 79 67 23 76 22 43 80 64 80 45 93 44 85 26 34 28 73 64 40 25 23 94 38 53 17 97 25 14 32 25 85 78 28 41 19 41 55
2 2
47 29
100 3
78 25 47 80 68 82 91 17 82 14 41 59 46 80 68 2 1 35 15 60 65 73 98 73 57 80 88 59 41 88 10 64 83 85 91 49 47 58 80 50 25 62 34 37 34 36 83 94 37 59 25 86 61 97 49 94 19 55 45 14 79 20 97 68 32 77 21 91 18 44 55 43 11 54 77 92 29 59 11 29 17 44 8 38 25 47 72 97 50 23 71 97 92 77 96 71 8 80 68 16
100 3
92 49 86 84 20 41 71 64 58 83 92 73 46 50 83 56 80 52 2 88 86 24 80 50 95 3 95 78 44 74 23 32 26 56 67 20 94 55 87 68 18 13 74 11 65 68 63 29 8 70 44 35 54 64 89 63 50 2 83 17 2 19 64 77 91 92 86 13 37 50 2 29 40 38 79 9 37 73 26 92 56 1 14 71 66 38 30 29 50 64 54 98 4 14 13 89 23 44 74 26
19 2
95 83 31 60 91 42 75 38 52 77 96 35 10 66 74 38 81 34 88
100 3
84 38 31 58 12 70 22 66 65 47 41 64 64 41 68 49 61 52 13 97 71 28 25 58 21 92 77 32 4 22 88 16 73 14 91 91 37 13 4 51 29 52 63 43 55 67 97 39 52 3 43 37 79 16 23 92 5 13 75 37 79 2 25 38 88 13 58 62 2 85 73 67 13 91 5 59 28 59 51 24 11 77 31 45 46 67 29 46 76 83 40 73 76 11 28 52 7 21 37 47
100 3
80 39 23 2 56 30 23 50 88 20 84 67 38 68 64 34 8 90 18 1 22 29 38 16 14 62 38 74 64 14 98 2 41 39 77 92 98 70 92 8 80 34 82 98 59 27 31 79 71 90 23 89 62 17 4 32 53 80 54 53 49 78 36 56 5 11 76 46 22 96 8 98 81 46 57 61 12 16 11 7 67 86 81 2 2 17 42 92 92 35 70 8 18 78 33 85 77 48 17 28
15 3
62 52 5 25 25 11 13 67 47 31 47 50 41 17 13
22 3
25 26 60 64 37 88 19 95 88 70 89 54 43 62 46 97 58 77 40 52 28 66
100 3
68 5 11 88 52 21 92 64 44 14 24 34 47 35 1 83 59 38 95 77 83 96 77 89 85 97 95 74 26 70 64 40 14 40 65 39 35 29 21 17 35 67 30 74 14 34 24 4 17 20 68 23 95 47 63 90 14 1 56 56 7 32 23 63 98 89 92 59 25 30 77 50 76 13 52 35 52 71 87 53 5 8 32 64 44 17 76 74 47 7 68 56 49 37 38 1 95 17 5 41
100 3
41 13 22 49 49 91 76 88 40 61 74 16 82 44 90 25 56 57 58 80 94 33 97 97 80 20 42 81 47 19 10 71 73 16 35 88 46 42 25 13 12 37 77 79 52 40 3 34 45 73 30 1 10 67 58 59 4 66 36 25 64 51 88 79 19 76 46 17 82 16 39 46 33 49 85 13 61 55 58 55 49 82 11 69 34 65 34 98 16 41 25 58 85 62 84 67 92 46 7 47
12 3
76 74 29 34 58 28 65 44 13 52 27 59
100 3
46 39 80 60 80 37 28 54 93 85 8 88 8 34 58 74 73 28 17 95 21 83 59 36 17 71 50 38 71 72 80 68 58 7 97 59 44 89 82 17 86 93 35 8 56 80 77 53 5 74 33 81 41 95 37 5 64 17 40 86 83 28 44 95 18 53 62 2 41 44 65 47 98 67 52 8 14 28 81 38 86 82 68 85 56 77 32 3 74 71 2 56 17 41 31 47 64 77 87 67
14 3
62 73 10 61 13 29 38 47 26 49 98 16 77 7
21 3
7 37 13 80 46 44 55 64 44 53 7 64 62 76 1 50 40 82 52 7 28
26 3
82 37 43 25 59 25 12 59 79 97 46 95 31 4 80 19 77 49 95 13 73 94 71 76 52 98
100 3
4 52 79 46 19 55 30 91 31 68 49 82 19 64 14 50 61 49 73 1 46 98 4 42 5 60 51 16 97 70 87 70 34 61 25 10 46 80 34 4 64 46 80 21 52 64 85 10 25 57 16 74 25 86 24 67 75 94 34 34 7 53 77 8 56 64 88 94 85 14 77 46 20 56 63 10 59 46 97 52 26 4 25 16 56 61 59 61 18 22 14 1 89 33 51 56 85 79 82 19
100 3
59 7 30 32 82 72 86 81 67 69 50 55 17 28 40 5 70 74 43 35 77 74 94 74 5 26 60 74 26 80 32 44 29 38 74 38 68 83 40 7 29 98 71 12 35 95 56 98 20 95 56 18 83 2 47 59 43 29 56 70 79 89 35 35 37 58 30 65 23 8 83 44 59 38 6 11 43 11 68 47 67 52 80 47 93 3 76 44 19 94 60 29 55 44 46 65 53 5 10 53
100 3
5 56 27 65 68 86 6 54 58 7 8 28 2 14 30 4 27 88 11 60 86 50 98 65 82 40 31 25 83 17 11 56 57 53 64 44 20 79 74 96 86 33 47 81 92 95 92 91 26 24 17 80 29 95 10 59 31 71 38 29 60 20 20 45 20 94 17 35 44 32 14 70 23 1 85 49 86 17 44 85 68 47 34 8 17 16 1 14 63 87 49 47 14 97 65 53 30 77 6 58
1 2
8
100 3
35 97 87 23 96 67 40 97 2 28 35 80 72 35 26 46 68 76 94 71 22 82 67 25 96 62 86 95 34 34 70 36 1 73 8 41 91 55 65 73 70 19 55 20 49 71 61 61 31 43 52 88 64 79 87 91 49 21 4 10 67 93 2 22 52 71 4 18 8 78 85 19 55 46 2 35 88 76 92 67 37 32 32 43 13 2 16 91 16 73 73 68 50 40 55 52 65 22 45 37
100 3
83 85 10 52 88 4 95 82 38 27 76 37 87 31 14 22 37 36 19 4 10 61 11 37 46 91 59 79 82 11 22 10 79 31 31 83 49 76 70 12 82 34 83 37 25 97 37 82 15 37 67 52 8 28 46 17 80 39 10 30 28 85 20 2 49 73 38 34 73 5 7 2 76 98 98 91 42 22 83 16 64 58 52 91 16 15 73 13 73 68 16 52 82 38 95 43 2 28 43 46
100 3
62 44 20 19 54 10 68 5 80 38 98 51 1 17 4 62 5 19 8 76 37 95 53 17 70 74 26 32 68 41 16 83 44 93 5 47 2 45 41 50 75 33 47 50 77 24 92 39 26 26 43 71 50 78 74 35 51 1 35 62 56 35 95 19 59 92 14 2 37 44 95 41 19 46 10 65 10 50 35 62 66 56 17 87 64 80 89 43 1 23 92 94 73 50 10 20 37 51 80 45
100 3
23 59 93 89 8 25 2 24 41 14 18 77 57 8 64 35 74 12 31 65 77 83 41 68 29 74 44 89 56 47 32 29 93 89 29 77 15 1 63 90 41 91 81 44 21 82 41 85 14 19 43 53 66 68 8 85 58 23 4 92 59 56 59 92 83 47 1 60 33 14 60 95 2 11 32 83 7 13 26 75 23 53 41 68 11 43 17 39 83 80 89 8 28 76 83 98 29 11 41 20
17 3
67 34 48 1 29 92 38 20 97 77 46 40 40 61 5 35 38
100 3
17 17 76 50 26 83 83 98 7 67 94 39 57 53 58 55 92 70 36 91 62 62 30 89 10 7 82 10 40 3 16 19 62 70 61 55 28 7 28 82 94 76 85 73 79 43 23 2 74 61 19 22 97 5 37 1 79 94 72 49 17 47 52 68 91 77 50 16 85 22 18 84 74 85 64 94 44 64 63 97 37 9 95 69 31 96 43 28 2 35 70 65 94 20 7 8 91 40 70 28
100 3
21 96 73 73 30 87 91 95 24 73 4 34 44 91 62 85 62 83 14 8 80 32 15 46 4 67 32 17 53 79 43 22 82 53 94 97 69 44 65 49 88 40 80 7 25 73 25 94 80 76 2 58 23 67 37 41 89 61 73 98 78 82 58 37 50 55 8 8 70 48 76 73 55 47 13 58 79 90 24 53 45 34 73 61 68 37 46 1 28 85 34 55 94 13 50 73 44 2 34 57
100 3
61 15 56 52 72 32 19 26 55 80 36 64 38 7 53 3 16 70 38 80 16 85 97 4 52 25 1 94 28 88 68 31 13 63 26 39 98 4 78 19 83 37 79 90 91 8 8 61 34 37 64 75 79 28 97 65 45 65 53 89 62 79 64 94 88 1 64 52 4 52 68 97 38 28 18 19 25 10 41 82 73 7 17 7 67 83 86 47 1 22 52 76 55 98 61 38 73 34 43 85
100 3
15 28 83 61 44 52 43 40 52 52 36 39 71 33 25 5 55 23 4 79 43 4 38 90 8 94 55 49 39 79 6 4 82 76 82 70 73 1 50 26 10 41 53 85 4 91 28 59 34 75 58 13 4 61 68 21 89 76 28 19 58 44 86 34 4 92 47 4 94 2 39 40 25 79 28 97 67 38 12 46 35 19 76 52 94 58 46 73 13 80 11 59 8 76 70 91 61 47 32 76
100 3
31 47 52 76 53 54 61 5 79 85 16 25 13 37 19 58 73 82 55 58 96 22 3 59 66 88 73 25 44 77 21 77 76 40 7 92 32 9 31 22 24 11 54 88 10 70 23 7 70 60 4 73 64 70 94 76 37 29 64 7 71 77 97 43 13 61 62 61 1 46 16 40 26 80 88 95 31 52 4 72 49 57 64 47 20 97 83 2 76 29 29 52 79 34 65 7 42 72 37 10
100 3
1 75 49 97 25 26 23 46 91 25 62 53 22 4 12 58 52 79 35 73 52 37 91 82 83 11 73 94 17 1 26 17 2 49 43 44 77 73 40 1 73 16 22 7 71 64 85 61 22 22 84 7 31 25 22 31 34 1 73 4 61 28 2 68 14 13 13 98 83 55 31 1 7 10 22 1 32 88 7 87 70 49 43 55 36 44 27 39 42 27 67 14 47 7 39 89 37 81 39 85
100 3
89 83 13 2 1 25 48 32 98 29 1 55 26 43 82 56 27 42 8 76 97 71 55 53 22 87 2 56 86 61 53 27 19 81 24 82 46 95 24 28 97 95 20 98 92 98 98 9 95 23 46 75 31 50 11 53 47 34 19 98 83 49 56 56 16 4 52 20 32 20 14 70 2 26 8 80 29 54 95 31 38 82 18 67 27 2 56 5 38 93 42 92 8 29 45 49 65 2 10 31
100 3
62 81 68 62 96 28 51 47 6 19 83 20 41 70 85 91 85 67 47 11 52 17 41 26 94 68 89 10 98 91 70 38 74 65 52 98 63 97 26 35 59 80 11 62 3 71 80 41 23 77 59 71 29 17 82 56 65 23 38 16 80 41 5 44 10 2 91 29 62 98 61 98 59 70 85 71 59 68 41 98 5 41 47 17 10 71 70 46 38 56 60 22 73 86 50 70 28 91 68 7
100 3
40 47 59 73 50 28 76 5 36 17 20 38 14 68 66 50 19 11 66 32 44 14 47 44 62 97 23 43 16 53 65 98 56 26 16 53 94 92 80 14 41 84 56 20 23 26 59 88 91 77 95 74 65 12 92 80 76 77 10 50 5 83 35 38 56 52 69 22 38 32 94 40 98 58 83 87 8 3 35 77 58 2 94 5 26 70 88 61 8 80 89 86 62 65 65 65 65 95 64 91
100 3
77 67 6 41 11 29 16 73 43 59 11 58 55 70 40 65 71 26 53 49 52 86 23 49 91 24 8 53 85 86 94 21 9 54 82 50 92 4 5 40 29 95 94 62 29 95 40 2 55 28 32 67 89 58 59 31 20 34 65 82 91 58 62 71 9 2 45 94 92 97 77 20 58 41 58 95 76 29 32 64 80 62 44 23 49 14 49 76 84 92 46 58 2 20 86 79 61 38 50 10
100 3
34 1 41 10 44 68 95 32 78 37 98 35 31 35 54 49 26 17 85 8 18 47 41 58 73 53 80 72 64 95 97 2 68 37 67 14 2 87 3 62 37 77 29 95 65 32 65 74 92 20 65 79 11 31 78 68 92 47 38 5 71 28 17 56 62 64 23 44 49 23 19 2 5 70 43 17 17 92 86 50 74 56 25 77 12 8 23 44 59 35 47 86 50 23 7 59 8 62 8 8
19 2
25 90 19 83 67 48 39 66 66 29 92 59 93 43 58 78 18 32 82
100 3
23 53 98 59 17 89 53 65 28 97 81 53 2 68 67 31 89 37 23 50 95 26 47 75 7 74 59 83 2 58 13 86 62 65 50 5 53 13 92 45 23 29 60 38 19 4 58 48 95 29 74 52 67 11 62 53 91 35 86 89 36 31 92 25 2 97 83 31 25 46 88 2 52 28 77 68 71 94 41 60 70 85 48 51 17 40 89 59 98 17 67 8 3 30 86 23 89 79 27 19
100 3
32 65 34 98 5 82 43 32 53 65 44 52 92 17 59 17 46 85 94 77 71 24 26 62 41 53 68 44 14 57 33 68 95 20 46 39 91 53 80 31 28 12 98 83 83 23 65 26 82 44 98 62 16 18 35 12 26 70 96 95 11 98 34 91 8 88 11 25 1 67 65 35 59 62 53 53 44 20 69 38 11 25 14 17 1 43 85 39 86 5 6 47 39 67 46 74 18 23 4 76
100 3
20 24 61 7 17 36 55 56 47 51 38 11 25 55 86 83 67 67 44 83 67 50 37 42 8 81 65 26 34 37 95 63 4 14 80 1 17 98 50 92 11 29 97 84 41 71 44 97 7 85 76 80 22 57 41 74 97 67 94 86 77 38 62 80 26 14 33 74 65 62 41 82 12 23 56 4 47 80 71 29 4 43 92 22 22 44 23 86 3 93 38 2 20 23 63 22 73 2 17 85
100 3
8 80 17 64 66 76 79 56 87 47 49 47 26 1 20 56 92 37 64 62 15 32 53 47 8 83 7 65 23 95 67 8 82 37 28 16 77 23 89 7 95 79 27 83 29 45 98 31 91 17 48 83 20 98 11 70 44 53 47 8 38 26 38 4 73 50 47 86 95 38 95 29 85 17 73 53 11 41 39 17 55 90 44 93 59 22 64 92 23 34 81 5 98 81 16 13 59 98 27 89
100 3
23 46 49 65 2 87 89 22 14 62 80 56 54 6 17 62 26 74 52 34 14 39 7 42 29 65 4 65 29 86 69 89 32 27 68 11 29 12 34 88 94 70 89 86 26 89 35 62 8 80 92 10 44 29 53 53 29 89 97 58 98 56 56 31 41 68 36 95 80 20 98 50 53 17 98 68 41 59 8 58 56 86 17 48 42 59 83 46 71 89 16 67 83 14 65 19 65 23 61 47
20 3
43 29 44 83 34 85 76 7 73 37 62 76 41 49 25 85 27 62 49 28
1 3
38
1 2
61
100 3
92 40 97 31 90 34 5 73 16 52 47 1 41 16 19 52 58 36 37 88 61 68 32 35 79 52 43 34 4 10 84 76 97 80 49 37 94 87 7 52 37 1 80 47 91 17 52 28 76 25 62 27 8 59 32 77 43 28 88 19 46 65 59 55 92 35 41 50 88 11 76 47 80 60 62 43 35 91 22 4 46 5 40 83 51 2 22 67 70 70 3 28 85 82 49 38 27 55 1 12
100 3
73 70 61 1 88 89 37 71 7 29 98 46 88 23 16 21 29 23 65 46 19 67 92 70 35 41 52 52 55 39 79 58 62 28 82 31 11 22 94 61 7 35 98 10 11 58 64 16 18 1 58 25 55 49 55 54 60 65 29 70 65 73 67 22 27 76 14 74 79 51 94 70 41 67 74 95 97 16 51 19 20 97 64 59 10 13 98 70 50 61 80 2 19 94 29 75 50 16 31 16
100 3
14 34 34 5 82 16 85 37 22 67 85 25 77 22 10 6 51 34 2 34 88 59 2 37 5 10 38 79 94 89 98 5 9 92 11 22 44 12 41 79 62 11 79 56 76 79 10 43 7 67 13 82 37 93 50 14 61 90 98 55 26 82 31 59 25 58 43 73 84 60 94 31 93 28 50 44 70 4 94 58 40 53 29 53 30 17 92 28 49 31 7 31 49 70 10 34 83 46 97 59
100 3
24 32 2 79 85 4 87 14 84 4 62 28 83 10 37 76 22 49 69 16 49 64 70 29 78 91 17 31 89 92 67 12 58 73 15 10 15 82 16 65 4 20 76 37 46 93 11 97 4 77 64 49 55 21 10 19 9 10 1 6 53 85 44 69 88 82 13 7 96 45 93 53 43 80 71 43 73 79 58 92 70 22 77 20 28 4 19 34 55 41 50 48 32 92 49 38 66 97 16 91
100 3
41 46 68 16 2 7 51 83 67 58 38 41 73 65 59 85 40 14 77 62 78 58 72 47 85 23 5 82 92 80 39 49 86 38 29 8 11 74 98 44 27 38 20 55 5 94 25 14 98 71 9 65 19 61 44 83 61 7 14 20 32 65 65 49 14 56 32 37 31 98 36 79 77 17 43 59 82 80 65 77 59 24 43 7 52 59 53 45 7 89 28 88 80 16 97 82 19 59 58 8
100 3
72 91 83 61 16 38 17 94 23 84 44 17 37 44 65 70 2 1 43 14 98 20 50 30 53 4 32 88 75 64 68 97 96 19 80 92 73 82 25 85 88 5 35 64 98 43 14 84 43 38 56 20 8 32 8 40 37 2 2 11 83 96 85 43 14 68 92 53 89 49 98 85 43 32 83 73 52 63 95 16 68 89 42 89 11 17 53 56 78 83 2 8 84 64 82 80 90 43 52 28
100 3
61 53 2 98 26 50 39 37 32 2 47 56 49 49 29 53 59 71 85 63 26 86 89 44 5 23 98 34 50 1 53 58 56 20 39 14 34 98 6 50 85 9 70 49 80 56 49 58 91 98 22 85 16 61 53 51 25 46 89 80 74 65 44 52 22 94 67 67 40 52 56 62 26 11 49 65 82 26 49 4 62 75 84 47 70 92 11 14 70 2 44 11 11 77 1 32 67 98 23 94
100 3
24 87 17 1 76 79 10 16 41 55 1 1 32 97 86 55 44 71 25 85 17 16 41 52 17 8 61 88 32 36 70 13 8 7 19 83 5 62 8 55 70 63 16 10 28 24 81 52 51 5 76 97 7 75 10 52 91 40 39 41 50 91 80 64 16 26 62 46 97 28 56 98 98 57 88 49 98 92 7 44 90 19 34 4 7 70 67 98 73 57 16 31 55 89 31 75 15 46 76 58
100 3
53 12 33 64 73 77 22 52 55 40 64 67 8 77 43 16 11 97 18 82 34 59 28 37 44 97 16 79 52 52 43 4 82 56 18 88 46 73 55 37 94 51 28 88 89 79 82 95 25 55 68 58 32 8 16 67 52 4 29 16 43 53 68 85 1 98 64 46 71 34 81 6 16 73 70 43 34 58 19 40 69 20 13 42 22 97 95 43 23 72 13 55 10 84 67 32 86 56 21 68
100 3
34 94 2 55 56 66 44 58 25 29 83 71 37 88 90 22 88 26 91 26 49 24 76 27 79 61 58 97 56 25 12 25 63 28 55 7 8 82 10 7 78 50 80 90 50 58 82 10 91 45 54 85 54 52 36 82 85 67 57 37 28 35 60 26 13 53 7 32 65 19 1 43 25 73 90 4 97 95 87 5 52 19 85 80 76 92 55 77 61 62 53 22 96 22 38 74 97 58 20 63
3 3
5 11 71
100 3
2 23 4 74 2 17 86 53 35 26 74 59 98 47 82 35 86 89 98 44 25 92 77 31 13 55 62 65 62 17 52 77 37 86 83 1 68 65 67 8 35 14 22 56 5 14 86 71 59 49 56 7 31 16 80 1 18 38 14 41 58 92 32 54 64 26 29 83 83 11 23 41 30 22 11 50 44 62 44 68 92 29 89 68 98 49 15 15 43 3 4 46 47 50 17 14 82 26 98 20
100 3
80 98 74 53 97 47 25 22 20 47 95 73 56 56 89 38 86 20 77 37 18 19 82 91 11 74 5 21 56 74 11 50 83 90 88 48 2 62 32 85 96 86 2 71 76 85 44 65 41 68 47 44 25 47 89 98 44 71 59 56 84 31 52 52 49 40 62 56 98 77 5 58 80 68 2 40 5 49 80 56 32 50 94 82 52 8 50 20 44 50 57 71 27 6 53 83 11 41 47 41
100 3
94 59 89 44 79 66 81 52 35 8 80 56 53 77 58 19 37 58 89 75 64 73 10 85 46 4 88 40 34 76 32 45 73 9 43 29 22 44 35 34 64 95 94 97 85 92 69 88 21 33 88 67 43 14 40 62 31 58 1 19 40 75 34 34 95 64 34 17 10 39 83 38 28 85 22 85 67 76 19 22 86 48 73 67 86 81 35 31 25 67 85 5 94 37 52 8 40 67 2 62
100 3
23 97 58 68 97 88 37 53 79 91 28 94 26 76 19 74 92 8 59 68 41 71 1 23 13 70 32 29 38 37 73 83 59 77 10 59 95 5 83 61 68 62 67 28 64 92 94 64 32 31 1 40 34 73 74 17 2 16 14 8 77 80 58 73 65 64 59 7 7 8 89 43 50 91 25 31 74 47 7 86 59 95 94 89 10 28 26 20 85 20 17 88 49 70 10 46 26 23 64 19
100 3
32 41 53 50 7 89 2 13 34 29 77 14 41 82 68 27 88 43 92 35 77 63 40 67 40 11 65 29 86 86 83 78 19 92 29 20 98 20 35 68 32 92 98 5 44 19 92 23 97 26 92 32 80 83 88 15 89 68 97 37 95 95 57 20 8 18 98 8 17 23 34 14 35 73 46 2 38 56 44 37 81 65 86 38 97 29 89 50 91 71 62 74 46 56 64 62 44 52 36 55
100 3
16 82 59 11 48 74 26 2 69 80 2 2 22 62 50 53 19 80 46 79 54 68 13 9 22 89 32 15 82 85 90 70 84 40 71 10 31 83 49 70 93 70 80 50 32 35 47 52 16 11 23 14 8 95 20 83 6 56 88 55 58 56 20 77 77 55 43 95 59 97 20 71 58 83 80 15 26 95 56 62 55 46 49 87 59 56 53 26 22 50 13 86 25 53 22 86 70 88 11 85
100 3
28 37 91 41 85 74 14 84 46 92 68 95 47 95 98 16 33 8 56 74 29 20 74 5 56 94 59 74 26 65 83 86 96 35 88 97 89 34 37 57 64 73 1 2 62 28 56 77 8 89 6 8 47 56 88 2 11 67 44 86 14 59 47 86 59 53 43 8 67 98 51 1 67 23 88 11 28 89 35 20 92 58 2 37 80 2 26 25 94 17 72 7 35 48 15 68 89 10 16 8
