1
1
1
4
4
144
144
576
5184
518400
518400
2073600
2073600
101606400
914457600
631321502
631321502
727573918
727573918
757391296
757391296
644346179
644346179
785849132
646228167
212559460
913035133
954884822
954884822
375853354
375853354
13653622
13653622
783586927
589673042
228229365
228229365
390800191
517201698
275227112
275227112
486128397
486128397
286142503
382062727
444724676
444724676
40352896
977291897
432297257
432297257
232943688
232943688
473754387
473754387
895017541
895017541
838986854
838986854
88163315
88163315
724945127
700798774
851121228
851121228
942671475
942671475
728217477
553957251
848931184
848931184
246089642
246089642
896717546
417938496
503184003
656015979
201188299
201188299
219012763
740033684
996614103
996614103
986456391
661409607
785419135
68772166
285728113
285728113
286211998
24387804
604592907
604592907
545722218
643055359
399884194
399884194
594325373
348928322
892831962
